1 -0.000514973 -0.000730437 -0.00409965 0.000514877 1 -0.000131566 -0.010578 0.000730505 0.000131189 1 1.03469 
1 -0.000329958 -0.00089408 -0.0149851 0.00033115 0.999999 0.00133319 -0.0317829 0.000893639 -0.00133348 0.999999 3.11903 
0.999997 0.00224219 0.000373341 -0.0297341 -0.00224315 0.999994 0.00260749 -0.05065 -0.000367492 -0.00260832 0.999997 5.22201 
0.999989 0.00438574 0.00134193 -0.0364753 -0.00438935 0.999987 0.00269912 -0.0594235 -0.00133008 -0.00270498 0.999995 6.28087 
0.999968 0.0066803 0.0043458 -0.0407172 -0.00668256 0.999978 0.000505898 -0.0778942 -0.00434233 -0.000534923 0.99999 8.40902 
0.999959 0.0068394 0.00597233 -0.0397095 -0.00684702 0.999976 0.00125643 -0.0874629 -0.00596359 -0.00129727 0.999981 9.47993 
0.999952 0.0059737 0.00773093 -0.0352187 -0.00600489 0.999974 0.00401749 -0.0961666 -0.00770673 -0.00406372 0.999962 10.5582 
0.999929 0.00507672 0.0107927 -0.0207706 -0.00518066 0.99994 0.00962461 -0.105537 -0.0107432 -0.00967984 0.999895 12.7334 
0.999914 0.00395137 0.0125443 -0.0093095 -0.00407555 0.999943 0.00988869 -0.106288 -0.0125045 -0.00993895 0.999872 13.8285 
0.999872 0.00279431 0.0157554 0.0165576 -0.00290197 0.999973 0.00681513 -0.108257 -0.0157359 -0.00685998 0.999853 16.0358 
0.999852 0.00106307 0.0171525 0.0341582 -0.00116165 0.999983 0.00573865 -0.111024 -0.0171462 -0.00575773 0.999836 17.147 
0.999794 -0.00383336 0.0199183 0.0764087 0.00377137 0.999988 0.00314886 -0.122398 -0.0199301 -0.0030731 0.999797 19.3903 
0.99977 -0.0049467 0.0208849 0.0963624 0.00491264 0.999987 0.00168186 -0.130341 -0.0208929 -0.00157887 0.99978 20.5219 
0.999733 -0.00358776 0.0228467 0.136441 0.00357248 0.999993 0.000709419 -0.15004 -0.0228491 -0.00062761 0.999739 22.8019 
0.999716 -0.00174963 0.0237679 0.156141 0.00166318 0.999992 0.00365626 -0.159774 -0.0237741 -0.00361569 0.999711 23.9522 
0.999697 0.000732697 0.0245905 0.17568 -0.00087271 0.999983 0.0056835 -0.167174 -0.024586 -0.00570324 0.999681 25.1056 
0.999692 0.000778829 0.0248231 0.2241 -0.000800738 0.999999 0.000872688 -0.181785 -0.0248224 -0.000892295 0.999691 27.417 
0.999696 0.000177021 0.0246431 0.249077 -0.000140239 0.999999 -0.00149432 -0.193648 -0.0246433 0.00149041 0.999695 28.5779 
0.999713 -0.00204904 0.0238578 0.300415 0.00203322 0.999998 0.000687253 -0.221465 -0.0238592 -0.000638548 0.999715 30.9172 
0.99972 -0.0023242 0.0235271 0.324622 0.00224224 0.999991 0.00350918 -0.234115 -0.0235351 -0.00345544 0.999717 32.0929 
0.99974 -0.00360219 0.0225075 0.371487 0.00354457 0.99999 0.0025997 -0.253492 -0.0225166 -0.00251925 0.999743 34.4501 
0.999753 -0.00374715 0.0219061 0.391637 0.00370523 0.999991 0.00195383 -0.264047 -0.0219132 -0.00187218 0.999758 35.6264 
0.999775 -0.00435944 0.0207559 0.43012 0.00432629 0.999989 0.00164176 -0.289063 -0.0207628 -0.0015516 0.999783 37.9873 
0.999791 -0.00360115 0.0201192 0.447825 0.0035498 0.99999 0.00258746 -0.301964 -0.0201283 -0.0025155 0.999794 39.1739 
0.999824 -0.00242324 0.0186067 0.482134 0.00234923 0.999989 0.00399885 -0.32667 -0.0186162 -0.00395444 0.999819 41.5417 
0.99984 -0.00206916 0.0177414 0.499325 0.00198065 0.999986 0.00500475 -0.337147 -0.0177515 -0.00496881 0.99983 42.7243 
0.999853 -0.00239496 0.0169484 0.516237 0.00229777 0.999981 0.00575185 -0.344974 -0.0169619 -0.00571206 0.99984 43.9059 
0.999885 -0.00231831 0.0150127 0.544747 0.00224404 0.999985 0.00496174 -0.362921 -0.015024 -0.00492748 0.999875 46.2655 
0.999895 -0.00252435 0.0142526 0.558241 0.00246307 0.999988 0.0043158 -0.374115 -0.0142633 -0.00428024 0.999889 47.4776 
0.999905 -0.00277582 0.0135002 0.571577 0.00271634 0.999987 0.00442187 -0.386107 -0.0135123 -0.00438478 0.999899 48.6876 
0.999924 -0.00268009 0.0120244 0.595451 0.00263121 0.999988 0.00407887 -0.410687 -0.0120352 -0.00404692 0.999919 51.0648 
0.999937 -0.00121798 0.0112012 0.603578 0.00117692 0.999993 0.00367159 -0.423546 -0.0112056 -0.00365817 0.999931 52.2679 
0.999943 -0.000643946 0.0106753 0.610468 0.000577056 0.99998 0.00626772 -0.434103 -0.0106791 -0.0062612 0.999923 53.4698 
0.999954 -0.000869089 0.00960141 0.624307 0.000713918 0.999869 0.016153 -0.443527 -0.0096142 -0.0161453 0.999823 55.8359 
0.999963 -0.00116044 0.00848132 0.631449 0.0010297 0.999881 0.0154031 -0.443444 -0.00849818 -0.0153938 0.999845 57.0287 
0.999968 -0.00223508 0.007668 0.638527 0.00213156 0.999907 0.0134824 -0.443163 -0.00769742 -0.0134656 0.99988 58.218 
0.999978 -0.00215368 0.00627851 0.645121 0.00206595 0.999901 0.0139464 -0.445374 -0.00630792 -0.0139331 0.999883 60.5575 
0.999977 -0.00370877 0.00559639 0.650036 0.00362541 0.999883 0.0148311 -0.446602 -0.00565074 -0.0148105 0.999874 61.7392 
0.999977 -0.00466747 0.00492001 0.653594 0.00458726 0.999858 0.0161913 -0.446188 -0.00499488 -0.0161683 0.999857 62.9169 
0.999972 -0.00599408 0.00456002 0.659479 0.00591762 0.999845 0.0165993 -0.446928 -0.00465881 -0.0165719 0.999852 65.2 
0.999972 -0.00577352 0.00475471 0.660972 0.00571183 0.999901 0.0128865 -0.449402 -0.00482864 -0.012859 0.999906 66.3434 
0.999983 -0.00213631 0.00541028 0.659519 0.00208019 0.999944 0.0103582 -0.46118 -0.0054321 -0.0103468 0.999932 68.5628 
0.999982 -0.00147152 0.00582203 0.658838 0.00141089 0.999945 0.0104032 -0.470064 -0.00583701 -0.0103948 0.999929 69.6532 
0.999977 -0.00130338 0.00664652 0.660878 0.00123506 0.999946 0.0102737 -0.478948 -0.00665955 -0.0102653 0.999925 70.7273 
0.999964 -0.00112242 0.00844331 0.668897 0.00104087 0.999953 0.00965627 -0.497258 -0.00845375 -0.00964713 0.999918 72.8018 
0.999957 -0.000797919 0.00920347 0.674042 0.000707825 0.999952 0.00978818 -0.50679 -0.00921084 -0.00978125 0.99991 73.8222 
0.99995 -0.000521926 0.0099821 0.679515 0.000429926 0.999957 0.00921644 -0.517511 -0.00998648 -0.00921169 0.999908 74.8254 
0.999942 -0.000106398 0.0107624 0.685718 1.53243e-05 0.999964 0.00846192 -0.527904 -0.0107629 -0.00846126 0.999906 75.8137 
0.999927 -0.000934889 0.012046 0.676687 0.000847851 0.999974 0.0072285 -0.542663 -0.0120525 -0.00721776 0.999901 76.905 
0.999882 -0.00529885 0.0143948 0.696404 0.00520784 0.999966 0.0063525 -0.573421 -0.0144279 -0.00627679 0.999876 79.7549 
0.99987 -0.00613106 0.0149213 0.705798 0.00603372 0.99996 0.00656023 -0.592342 -0.0149609 -0.00646935 0.999867 80.8025 
0.999874 -0.00563201 0.0148712 0.723601 0.00553694 0.999964 0.00642588 -0.604422 -0.0149069 -0.00634272 0.999869 81.6699 
0.999876 -0.00511716 0.0149108 0.739257 0.00501591 0.999964 0.00681989 -0.61583 -0.0149452 -0.00674425 0.999866 82.5149 
0.999851 -0.00253507 0.0171007 0.76531 0.00238676 0.999959 0.00868779 -0.640889 -0.017122 -0.00864568 0.999816 83.9492 
0.999805 -0.00395672 0.0193576 0.811715 0.00369319 0.9999 0.0136305 -0.665845 -0.0194096 -0.0135563 0.99972 86.0172 
0.999851 -0.00976032 0.0142582 0.840747 0.00954573 0.999841 0.0150413 -0.671311 -0.0144027 -0.0149029 0.999785 87.4202 
0.999826 -0.0177364 -0.00586246 0.84481 0.0178255 0.999721 0.0154996 -0.67366 0.00558592 -0.0156014 0.999863 88.7319 
0.998817 -0.0216895 -0.0435131 0.791119 0.0224649 0.999596 0.0174106 -0.673876 0.0431179 -0.0183675 0.998901 89.9586 
0.994757 -0.0253341 -0.0990814 0.672425 0.0271132 0.999494 0.0166508 -0.675015 0.0986094 -0.0192499 0.99494 91.0976 
0.985357 -0.022372 -0.16903 0.491044 0.0253231 0.999562 0.0153232 -0.677547 0.168613 -0.0193792 0.985492 92.1582 
0.942497 0.000320871 -0.334213 -0.13585 0.00602273 0.999821 0.0179443 -0.683181 0.334159 -0.0189253 0.942327 94.0637 
0.903889 0.019181 -0.427337 -0.584353 -0.00985409 0.999663 0.0240267 -0.677722 0.427654 -0.0175065 0.903773 94.9722 
0.852393 0.0346089 -0.521755 -1.14256 -0.0211575 0.999273 0.0317184 -0.652076 0.522474 -0.0159975 0.852505 95.8342 
0.787598 0.0466269 -0.614422 -1.78315 -0.0271384 0.99879 0.0410082 -0.621333 0.615591 -0.0156236 0.787911 96.6222 
0.749039 0.0483222 -0.660761 -2.13381 -0.025846 0.998709 0.0437376 -0.598022 0.662022 -0.0156831 0.749321 97.0155 
0.707684 0.0488359 -0.704839 -2.58077 -0.0236023 0.998686 0.0454979 -0.558524 0.706135 -0.0155623 0.707906 97.2871 
0.618307 0.0483355 -0.784449 -3.44299 -0.0202638 0.998756 0.0455685 -0.50382 0.785675 -0.0122795 0.618517 97.8004 
0.56956 0.0510342 -0.820364 -3.83419 -0.0193109 0.998626 0.0487166 -0.489175 0.821723 -0.0119051 0.569763 98.0968 
0.467404 0.0563901 -0.882244 -4.67902 -0.0217043 0.998395 0.0523153 -0.455412 0.883777 -0.00530391 0.467877 98.5536 
0.417731 0.0565151 -0.906811 -5.15651 -0.0208311 0.998397 0.052627 -0.433477 0.908332 -0.00309407 0.418238 98.6762 
0.322931 0.0510755 -0.945043 -6.11142 -0.0161904 0.998695 0.0484427 -0.394744 0.946284 -0.000343089 0.323337 98.9084 
0.277509 0.0525845 -0.959283 -6.56632 -0.0222784 0.998585 0.048294 -0.374256 0.960465 0.00796927 0.278287 99.0155 
0.203113 0.0541668 -0.977656 -7.54815 -0.0212664 0.998477 0.0509022 -0.341231 0.978924 0.0104523 0.203956 99.1736 
0.174365 0.0517603 -0.98332 -8.05431 -0.0147701 0.998643 0.0499478 -0.339995 0.98457 0.00581455 0.174893 99.2443 
0.149844 0.0489376 -0.987498 -8.55921 -0.013337 0.998783 0.0474731 -0.326049 0.98862 0.00605671 0.150314 99.3345 
0.1155 0.0366926 -0.99263 -9.6063 -0.0148783 0.999269 0.0352068 -0.269433 0.993196 0.0107023 0.115961 99.4419 
0.104278 0.0358475 -0.993902 -10.1793 -0.0133917 0.99931 0.0346375 -0.25602 0.994458 0.00969809 0.104686 99.4858 
0.0957706 0.0385243 -0.994658 -10.6857 -0.0100148 0.999238 0.0377374 -0.2358 0.995353 0.00634715 0.0960834 99.5252 
0.0848342 0.0457799 -0.995343 -11.7752 -0.00975426 0.998934 0.0451137 -0.200201 0.996347 0.00588164 0.0851904 99.6013 
0.082033 0.0444662 -0.995637 -13.0167 -0.00606835 0.999008 0.0441168 -0.164663 0.996611 0.00242284 0.0822214 99.7015 
0.0823098 0.0406281 -0.995778 -15.6136 0.00657438 0.999125 0.0413081 -0.0784307 0.996585 -0.00994669 0.0819707 99.9057 
0.0818354 0.0412421 -0.995792 -16.9674 0.0111416 0.999043 0.0422924 -0.0381882 0.996584 -0.0145558 0.0812976 100.029 
0.0770845 0.0402922 -0.99621 -18.4164 0.0218291 0.998875 0.042089 0.0116717 0.996786 -0.0249907 0.0761183 100.165 
0.0506949 0.0411676 -0.997865 -21.3736 0.035943 0.998428 0.0430168 0.123844 0.998067 -0.038047 0.0491355 100.328 
0.0309524 0.0443347 -0.998537 -22.9306 0.0348555 0.99836 0.0454073 0.186956 0.998913 -0.03621 0.0293563 100.347 
0.00815086 0.0431111 -0.999037 -24.5618 0.0309181 0.998582 0.0433437 0.248529 0.999489 -0.0312416 0.00680638 100.357 
-0.0235056 0.0361897 -0.999068 -27.9363 0.0120322 0.999282 0.0359143 0.3445 0.999651 -0.0111768 -0.0239242 100.262 
-0.0116994 0.0395034 -0.999151 -31.3174 -0.00625913 0.999197 0.0395785 0.428051 0.999912 0.00671686 -0.0114428 100.152 
0.00641066 0.0385926 -0.999234 -32.9917 -0.0136916 0.999165 0.0385021 0.46923 0.999886 0.0134343 0.0069337 100.143 
0.0174213 0.0404557 -0.999029 -33.8224 -0.0163571 0.999059 0.0401716 0.489926 0.999714 0.0156414 0.0180666 100.155 
0.0412466 0.0452466 -0.998124 -35.4897 -0.0187939 0.998832 0.0445021 0.530769 0.998972 0.0169231 0.0420488 100.209 
0.0528639 0.0442823 -0.997619 -36.3045 -0.0180853 0.998895 0.0433806 0.544647 0.998438 0.015749 0.0536063 100.245 
0.0637708 0.0425535 -0.997057 -37.1622 -0.0166726 0.998996 0.04157 0.565698 0.997825 0.0139726 0.0644163 100.307 
0.075431 0.0417749 -0.996276 -37.9717 -0.0164298 0.999038 0.0406468 0.590594 0.997016 0.0133026 0.0760448 100.374 
0.0991162 0.0431848 -0.994138 -39.5956 -0.0153185 0.999006 0.0418689 0.63617 0.994958 0.0110788 0.0996791 100.521 
0.109519 0.0427007 -0.993067 -40.3939 -0.0138486 0.999045 0.0414304 0.659464 0.993888 0.00921522 0.110006 100.606 
0.122407 0.0403165 -0.991661 -42.0207 -0.0102935 0.999172 0.0393513 0.699261 0.992427 0.00539073 0.122721 100.805 
0.125999 0.0376006 -0.991317 -42.8386 -0.0101696 0.999278 0.03661 0.719848 0.991978 0.00546848 0.126291 100.902 
0.126411 0.0331478 -0.991424 -46.1472 -0.00744435 0.999445 0.0324668 0.798743 0.99195 0.00327635 0.126588 101.317 
0.121574 0.0374447 -0.991876 -47.837 -0.00700558 0.999296 0.0368662 0.83936 0.992558 0.00246669 0.121751 101.517 
0.117623 0.041107 -0.992207 -49.5667 -0.00891343 0.999146 0.0403378 0.8915 0.993018 0.00409933 0.117889 101.718 
0.128736 0.0415357 -0.990809 -53.0313 -0.0263361 0.998913 0.0384536 0.99225 0.991329 0.0211437 0.12969 102.108 
0.18547 0.0347057 -0.982037 -56.4051 -0.0421653 0.998737 0.0273325 1.0639 0.981745 0.0363386 0.186699 102.626 
0.205984 0.0371889 -0.977848 -57.3577 -0.0409418 0.99873 0.0293587 1.07895 0.977699 0.0339874 0.207245 102.828 
0.227276 0.0414257 -0.972949 -58.2328 -0.0385702 0.998694 0.033512 1.09507 0.973066 0.0299104 0.228576 103.031 
0.269855 0.0418112 -0.961993 -59.8554 -0.0350643 0.998821 0.0335758 1.12101 0.962262 0.024671 0.271003 103.464 
0.327835 0.0396945 -0.943901 -62.2187 -0.0257873 0.999121 0.0330602 1.16462 0.944383 0.0135023 0.32857 104.256 
0.343426 0.0375516 -0.938429 -62.9904 -0.0218298 0.99925 0.0319965 1.17585 0.938926 0.00949727 0.343988 104.552 
0.384708 0.0570273 -0.921275 -66.0076 -0.0212666 0.998372 0.0529191 1.26517 0.922793 -0.000766015 0.385295 105.772 
0.3881 0.0407861 -0.920715 -68.2254 -0.0175279 0.999166 0.036873 1.35459 0.921451 0.00182782 0.388491 106.713 
0.387124 0.0300328 -0.921538 -69.8147 -0.0163267 0.999536 0.0257162 1.39693 0.921883 0.00509032 0.387435 107.375 
0.394475 0.0425126 -0.917923 -72.2634 -0.0162817 0.999096 0.039275 1.45171 0.918762 -0.000547656 0.394811 108.405 
0.408656 0.0441041 -0.911622 -73.8971 -0.0174219 0.999027 0.0405229 1.49974 0.912522 -0.000677691 0.409026 109.121 
0.419243 0.0411918 -0.906939 -74.7142 -0.018956 0.99915 0.0366172 1.52571 0.907676 0.00184043 0.419667 109.495 
0.432692 0.0387318 -0.90071 -75.5317 -0.0174399 0.999249 0.0345911 1.55213 0.901373 0.000740989 0.433042 109.887 
0.446649 0.0371986 -0.893936 -76.3524 -0.0183686 0.999306 0.0324056 1.57404 0.894521 0.00194639 0.447022 110.294 
0.471809 0.0227495 -0.881407 -77.968 -0.0161559 0.999722 0.0171551 1.60442 0.881553 0.00614596 0.472046 111.145 
0.496521 0.0272156 -0.867598 -81.2603 -0.0140082 0.999629 0.0233404 1.64106 0.867912 0.000564465 0.496718 112.989 
0.497761 0.027214 -0.866887 -82.0916 -0.0123901 0.999629 0.0242668 1.65477 0.867226 -0.00133821 0.497913 113.465 
0.499137 0.0282965 -0.866061 -83.7405 -0.0126922 0.999598 0.0253447 1.67869 0.86643 -0.00165831 0.499296 114.407 
0.506834 0.0349342 -0.861335 -87.0415 -0.0250772 0.999353 0.0257758 1.71965 0.861679 0.00853587 0.507383 116.288 
0.541513 0.0470673 -0.839374 -90.2499 -0.0381359 0.998779 0.0314029 1.76707 0.839827 0.0150051 0.542647 118.239 
0.564307 0.0492268 -0.824096 -91.7915 -0.0416261 0.998648 0.0311497 1.7967 0.824515 0.0167258 0.565593 119.265 
0.60098 0.0465892 -0.797905 -94.0089 -0.0446567 0.998698 0.0246781 1.83141 0.798016 0.0208008 0.602278 120.867 
0.613208 0.0464109 -0.788557 -94.7301 -0.0456861 0.998685 0.0232511 1.84262 0.788599 0.0217684 0.614522 121.421 
0.647681 0.047856 -0.760407 -96.8115 -0.0448882 0.998689 0.0246184 1.8645 0.760588 0.0181885 0.64898 123.134 
0.657483 0.0463499 -0.752043 -97.4842 -0.0431825 0.998784 0.0238042 1.87172 0.752231 0.0168243 0.658684 123.722 
0.675361 0.0397741 -0.736414 -99.44 -0.0328287 0.999176 0.023859 1.89265 0.736756 0.00806204 0.67611 125.502 
0.678598 0.0363041 -0.733612 -100.702 -0.0282303 0.999329 0.0233404 1.90526 0.733968 0.00487139 0.679167 126.667 
0.676042 0.0327781 -0.736133 -101.923 -0.0221961 0.999463 0.0241192 1.91528 0.736529 3.36748e-05 0.676406 127.791 
0.658354 0.030321 -0.752098 -104.223 -0.0159315 0.999526 0.0263504 1.93322 0.75254 -0.00536585 0.658525 129.827 
0.649544 0.0323147 -0.759637 -105.299 -0.0171084 0.999465 0.0278879 1.94223 0.760132 -0.00511818 0.649749 130.734 
0.645528 0.0242132 -0.763353 -107.318 -0.0162662 0.999706 0.0179548 1.95673 0.763564 0.000826564 0.645732 132.418 
0.651469 0.017106 -0.758483 -108.294 -0.0113688 0.999854 0.0127848 1.96375 0.75859 0.000294135 0.651568 133.26 
0.659164 0.0289028 -0.751443 -109.267 -0.0128698 0.999548 0.0271564 1.97737 0.751889 -0.0082296 0.659239 134.11 
0.674326 0.0301284 -0.737819 -111.161 -0.0205399 0.999546 0.0220435 2.00975 0.738148 0.000290268 0.674638 135.806 
0.677852 0.03099 -0.734545 -112.125 -0.0254614 0.999501 0.0186721 2.02699 0.734757 0.00604559 0.678303 136.679 
0.678491 0.0341104 -0.733817 -114.109 -0.0252451 0.999414 0.0231145 2.0574 0.734175 0.0028423 0.678954 138.504 
0.670198 0.0430669 -0.740932 -115.151 -0.0247119 0.999056 0.0357177 2.08139 0.741771 -0.00562807 0.67063 139.44 
0.657022 0.0428242 -0.752654 -116.225 -0.0275187 0.999082 0.0328231 2.11491 0.753369 -0.000853492 0.657598 140.367 
0.643871 0.0509697 -0.763435 -117.351 -0.0379246 0.998678 0.0346904 2.15979 0.764194 0.00661683 0.644953 141.289 
0.629502 0.0582978 -0.774809 -119.718 -0.0713306 0.997306 0.0170855 2.22338 0.773718 0.0445122 0.631965 143.138 
0.62785 0.0582693 -0.77615 -120.328 -0.0708501 0.997332 0.0175618 2.23389 0.775103 0.0439642 0.630304 143.625 
0.624465 0.0602126 -0.778728 -122.88 -0.0678871 0.997435 0.0226845 2.28127 0.778097 0.0386999 0.626951 145.656 
0.627891 0.0589862 -0.776062 -124.199 -0.0678104 0.997478 0.0209518 2.30868 0.775341 0.0394697 0.630308 146.715 
0.629075 0.060288 -0.775003 -124.869 -0.066294 0.997517 0.0237863 2.32233 0.774513 0.0364147 0.631509 147.257 
0.634159 0.0655252 -0.770421 -127.633 -0.0726691 0.997043 0.0249833 2.38965 0.76978 0.0401424 0.637046 149.497 
0.638085 0.0851033 -0.765249 -130.478 -0.079025 0.995863 0.0448567 2.47449 0.7659 0.0318514 0.64217 151.835 
0.63848 0.0845562 -0.764979 -131.186 -0.0823163 0.995748 0.0413596 2.49922 0.765223 0.036563 0.642726 152.415 
0.638055 0.0833683 -0.765465 -131.896 -0.0869174 0.995566 0.0359789 2.52549 0.76507 0.0435757 0.642471 152.992 
0.636854 0.0828332 -0.766522 -132.604 -0.0917327 0.99529 0.0313399 2.54952 0.765508 0.0503561 0.641453 153.564 
0.635192 0.0844794 -0.76772 -133.316 -0.0919298 0.995203 0.033451 2.56824 0.766863 0.0493285 0.639912 154.146 
0.628268 0.072803 -0.774584 -135.431 -0.0749075 0.996647 0.032917 2.62559 0.774383 0.0373414 0.631614 155.888 
0.625019 0.067053 -0.777724 -136.134 -0.0673119 0.997222 0.0318821 2.64419 0.777702 0.0324232 0.627797 156.458 
0.622139 0.0619258 -0.780454 -137.556 -0.0601247 0.997702 0.0312351 2.6763 0.780595 0.027492 0.624433 157.598 
0.623836 0.0711718 -0.778308 -138.977 -0.0654854 0.997103 0.038691 2.71423 0.778807 0.026831 0.62669 158.713 
0.628865 0.0850362 -0.77285 -141.794 -0.0837147 0.995628 0.04143 2.81213 0.772994 0.038645 0.633235 160.941 
0.631201 0.0780349 -0.771683 -142.484 -0.0799571 0.996172 0.0353346 2.83095 0.771487 0.0393984 0.635025 161.503 
0.634331 0.0713987 -0.769757 -143.861 -0.0839988 0.996196 0.0231813 2.86532 0.768484 0.0499541 0.637916 162.62 
0.636332 0.07349 -0.767907 -146.586 -0.0740337 0.996675 0.0340348 2.92195 0.767854 0.0351936 0.639657 164.87 
0.635393 0.0675631 -0.769227 -147.92 -0.0768971 0.996749 0.0240287 2.9522 0.76835 0.0438837 0.638523 165.956 
0.636442 0.0778202 -0.767389 -150.514 -0.0774396 0.996317 0.0368102 2.99709 0.767427 0.0359986 0.640125 168.07 
0.6408 0.0600298 -0.765358 -151.712 -0.0751032 0.997058 0.0153223 3.01423 0.764026 0.0476623 0.643423 169.061 
0.656303 0.0763819 -0.750621 -153.965 -0.0681193 0.996798 0.0418726 3.03772 0.751416 0.0236507 0.659405 170.994 
0.662857 0.0623277 -0.746147 -154.962 -0.0633624 0.997624 0.0270447 3.05519 0.74606 0.0293509 0.665231 171.874 
0.66675 0.0509039 -0.743541 -155.885 -0.0574855 0.998205 0.0167901 3.06568 0.743061 0.0315481 0.668479 172.703 
0.631764 0.0365209 -0.7743 -157.605 -0.0264613 0.999323 0.0255442 3.07334 0.774709 0.00435109 0.632303 174.202 
0.580171 0.0260438 -0.814079 -158.485 -0.00910734 0.999634 0.0254895 3.08523 0.814444 -0.00737419 0.580195 174.848 
0.510361 0.0321927 -0.859357 -159.427 -0.00891999 0.999443 0.0321431 3.10499 0.859914 -0.00873913 0.510364 175.391 
0.471806 0.0346573 -0.881021 -159.912 -0.0119882 0.999387 0.0328936 3.11558 0.881621 -0.00495756 0.471932 175.618 
0.433732 0.0312443 -0.9005 -160.399 -0.0106081 0.999506 0.02957 3.12264 0.900979 -0.00327284 0.43385 175.826 
0.39457 0.0263514 -0.918488 -160.894 -0.00701049 0.999646 0.0256682 3.12905 0.918839 -0.00368885 0.394615 176.018 
0.354513 0.0212546 -0.934809 -161.396 -0.00584918 0.999772 0.0205135 3.13666 0.935033 -0.00180442 0.354557 176.185 
0.27314 0.023597 -0.961685 -162.446 -0.00610072 0.999721 0.0227976 3.16236 0.961955 -0.000359949 0.273208 176.452 
0.232806 0.0284831 -0.972106 -162.993 -0.00615486 0.999594 0.0278145 3.17274 0.972504 -0.0004922 0.232887 176.559 
0.163453 0.0430713 -0.985611 -164.12 -0.0139664 0.999047 0.0413423 3.19618 0.986452 0.00700794 0.163898 176.707 
0.133635 0.0455568 -0.989983 -164.694 -0.0167012 0.998905 0.0437129 3.21915 0.99089 0.0106923 0.13425 176.762 
0.0910972 0.0522915 -0.994468 -165.867 -0.0285083 0.998348 0.049884 3.25991 0.995434 0.0238063 0.0924374 176.833 
0.0645594 0.0504256 -0.996639 -167.669 -0.0517174 0.997549 0.0471216 3.33309 0.996573 0.0485015 0.0670091 176.902 
0.0634235 0.048645 -0.9968 -168.277 -0.0527215 0.99758 0.0453285 3.35682 0.996593 0.0496779 0.0658346 176.934 
0.0731319 0.0566446 -0.995712 -170.169 -0.0545954 0.997116 0.0527146 3.43434 0.995827 0.0505062 0.0760135 177.057 
0.097633 0.0326248 -0.994688 -172.74 -0.0558391 0.998068 0.0272548 3.51751 0.993655 0.0528815 0.0992661 177.282 
0.103715 0.0353987 -0.993977 -173.409 -0.0559882 0.99799 0.0296996 3.538 0.99303 0.0525706 0.105489 177.354 
0.123415 0.0509578 -0.991046 -175.455 -0.067467 0.996801 0.0428521 3.58774 0.990059 0.0615744 0.126458 177.575 
0.128341 0.0476568 -0.990584 -176.139 -0.0708258 0.996735 0.0387764 3.6101 0.989198 0.0651823 0.131298 177.656 
0.134368 0.0419617 -0.990043 -177.519 -0.0596966 0.997631 0.0341814 3.65006 0.989132 0.0545093 0.136555 177.851 
0.133947 0.0498289 -0.989735 -179.645 -0.0671701 0.996895 0.0410988 3.71091 0.988709 0.0609755 0.136878 178.123 
0.131781 0.0499566 -0.990019 -180.351 -0.064351 0.997054 0.0417459 3.73191 0.989188 0.0582075 0.134607 178.215 
0.128245 0.0574287 -0.990078 -183.241 -0.0687436 0.996436 0.0488931 3.82772 0.989357 0.0617913 0.131735 178.571 
0.125826 0.0489693 -0.990843 -186.13 -0.0638437 0.99711 0.0411716 3.93021 0.989996 0.0580786 0.128589 178.935 
0.126851 0.0479615 -0.990762 -186.864 -0.0694735 0.996807 0.0393592 3.95995 0.989486 0.063839 0.129778 179.017 
0.13246 0.0470333 -0.990072 -189.787 -0.0725283 0.996656 0.0376426 4.04936 0.988531 0.0668221 0.135428 179.388 
0.138208 0.041817 -0.98952 -191.281 -0.0739247 0.996757 0.0317976 4.09149 0.98764 0.0687553 0.140851 179.585 
0.141339 0.0409635 -0.989113 -192.037 -0.0717536 0.996939 0.0310344 4.10785 0.987357 0.0665861 0.143846 179.69 
0.145034 0.0489397 -0.988216 -195.124 -0.0627696 0.997219 0.0401732 4.18407 0.987434 0.0562034 0.147703 180.143 
0.145838 0.04997 -0.988046 -195.916 -0.0588298 0.997394 0.0417594 4.2069 0.987558 0.0520364 0.148398 180.261 
0.144438 0.0463687 -0.988427 -198.265 -0.0477584 0.998064 0.0398419 4.27819 0.988361 0.041451 0.146373 180.611 
0.142749 0.0455963 -0.988708 -199.053 -0.0453419 0.998191 0.0394872 4.29911 0.98872 0.0391931 0.144558 180.726 
0.140222 0.0467638 -0.989015 -199.841 -0.049376 0.997971 0.0401868 4.3223 0.988888 0.0431985 0.142247 180.83 
0.13668 0.0501155 -0.989347 -200.626 -0.0545327 0.997586 0.042999 4.34862 0.989113 0.0480746 0.139083 180.928 
0.130739 0.0336072 -0.990847 -202.975 -0.0515082 0.998306 0.0270639 4.40845 0.990078 0.0474984 0.132249 181.232 
0.127831 0.0450322 -0.990773 -204.553 -0.057617 0.997619 0.0379095 4.44923 0.990121 0.0522393 0.130121 181.422 
0.130146 0.0562735 -0.989897 -206.135 -0.0585758 0.997081 0.0489807 4.48825 0.989763 0.0516093 0.133062 181.619 
0.132625 0.0452749 -0.990132 -207.698 -0.0703865 0.996864 0.0361547 4.54413 0.988664 0.0648969 0.135396 181.803 
0.135706 0.0577865 -0.989062 -210.901 -0.0638063 0.996735 0.0494801 4.64206 0.988692 0.0563937 0.13895 182.233 
0.135081 0.0477369 -0.989684 -212.502 -0.0570399 0.997557 0.0403313 4.69568 0.989191 0.0510035 0.137474 182.456 
0.134288 0.0437371 -0.989977 -213.309 -0.0540587 0.997861 0.0367525 4.72274 0.989467 0.0485815 0.136365 182.567 
0.132882 0.0505627 -0.989841 -214.953 -0.0479267 0.997857 0.0445383 4.77195 0.989972 0.0415215 0.13502 182.791 
0.132296 0.0538155 -0.989748 -218.248 -0.0605884 0.997097 0.0461165 4.889 0.989357 0.0538662 0.135172 183.199 
0.133791 0.0527161 -0.989606 -219.071 -0.0646145 0.996923 0.0443702 4.91252 0.988901 0.0580066 0.136786 183.301 
0.135712 0.052657 -0.989348 -219.902 -0.0679373 0.996731 0.0437307 4.94344 0.988416 0.0612788 0.138846 183.405 
0.140071 0.0576119 -0.988464 -221.571 -0.0599546 0.996967 0.0496116 5.00136 0.988325 0.0523138 0.143101 183.64 
0.143419 0.0462997 -0.988578 -223.223 -0.0552229 0.997723 0.0387165 5.05609 0.98812 0.0490395 0.145649 183.878 
0.145624 0.0522167 -0.987961 -224.887 -0.0591974 0.997277 0.0439835 5.10855 0.987567 0.0520797 0.148319 184.112 
0.148154 0.0634297 -0.986928 -226.566 -0.0697693 0.996125 0.0535473 5.16431 0.9865 0.0609241 0.152005 184.337 
0.150347 0.050756 -0.98733 -229.038 -0.0735859 0.996486 0.0400213 5.25339 0.985891 0.0666365 0.153553 184.695 
0.14984 0.0476841 -0.98756 -230.681 -0.0654141 0.997126 0.0382208 5.30161 0.986544 0.0588733 0.152529 184.947 
0.148064 0.0517439 -0.987623 -231.505 -0.0638068 0.99705 0.0426719 5.32143 0.986917 0.0566989 0.150929 185.069 
0.143505 0.0445991 -0.988644 -233.127 -0.0649732 0.997253 0.0355564 5.36435 0.987514 0.0591328 0.146009 185.294 
0.139114 0.0474628 -0.989138 -234.748 -0.0651202 0.997127 0.0386875 5.41117 0.988133 0.0590309 0.141806 185.514 
0.133961 0.0435497 -0.990029 -237.132 -0.0639079 0.997334 0.0352237 5.46979 0.988924 0.0585521 0.136387 185.828 
0.12801 0.0541933 -0.990291 -240.3 -0.0649247 0.996822 0.0461583 5.54961 0.989646 0.0583857 0.131121 186.223 
0.123859 0.0506665 -0.991005 -241.831 -0.0560559 0.997458 0.0439904 5.59803 0.990715 0.0501031 0.126384 186.419 
0.122169 0.0487877 -0.991309 -242.582 -0.0565003 0.997513 0.0421299 5.61919 0.9909 0.0508623 0.124622 186.508 
0.119344 0.0525301 -0.991462 -244.064 -0.0578174 0.997272 0.0458784 5.66452 0.991168 0.0518485 0.122056 186.677 
0.119222 0.0594964 -0.991083 -244.791 -0.0580719 0.996912 0.0528606 5.68676 0.991168 0.051252 0.122309 186.761 
0.119884 0.0598003 -0.990985 -246.189 -0.0581722 0.996892 0.0531193 5.73185 0.991082 0.0512796 0.122991 186.922 
0.120369 0.0540817 -0.991255 -246.863 -0.0592409 0.997127 0.0472084 5.75648 0.99096 0.0530405 0.123227 187 
0.123257 0.0471804 -0.991253 -248.187 -0.0590686 0.997447 0.0401304 5.79721 0.990615 0.0536055 0.125729 187.159 
0.126748 0.0477937 -0.990783 -248.838 -0.0567287 0.997553 0.0408631 5.81315 0.990311 0.0510265 0.129149 187.245 
0.13162 0.0485893 -0.990109 -249.478 -0.056342 0.99755 0.0414647 5.82887 0.989698 0.0503271 0.134035 187.331 
0.138139 0.0485111 -0.989224 -250.103 -0.0570882 0.997529 0.0409464 5.8432 0.988766 0.0508167 0.140567 187.419 
0.179808 0.0486529 -0.982498 -252.462 -0.054181 0.99775 0.0394925 5.89847 0.982209 0.0461317 0.182039 187.819 
0.227084 0.0613641 -0.97194 -254.633 -0.0397662 0.997765 0.0537036 5.95366 0.973063 0.0264552 0.229016 188.322 
0.248163 0.0562449 -0.967084 -255.607 -0.0314057 0.998255 0.0499988 5.98154 0.968209 0.0179641 0.249496 188.587 
0.268048 0.0493209 -0.962142 -256.504 -0.0263777 0.99869 0.0438457 6.01178 0.963045 0.0136264 0.268997 188.849 
0.290895 0.0478663 -0.955557 -258.406 -0.013955 0.998854 0.0457869 6.05869 0.956653 1.5634e-05 0.29123 189.443 
0.235428 0.0399833 -0.971069 -260.082 -0.0126374 0.999195 0.0380776 6.10234 0.97181 0.00330724 0.235743 189.857 
0.194042 0.039997 -0.980177 -260.571 -0.00911906 0.999199 0.038968 6.11547 0.980951 0.00137687 0.194251 189.929 
0.139013 0.0420936 -0.989396 -261.053 -0.00950022 0.999107 0.041172 6.13482 0.990245 0.00367604 0.139289 189.956 
0.072267 0.0479288 -0.996233 -261.531 -0.0103634 0.998827 0.0473019 6.15598 0.997331 0.00690598 0.0726789 189.941 
-0.00311498 0.0555734 -0.99845 -262.002 -0.0120402 0.99838 0.055607 6.17511 0.999923 0.0121947 -0.00244082 189.885 
-0.0917581 0.0570489 -0.994146 -262.465 -0.0196287 0.99806 0.0590852 6.19329 0.995588 0.0249353 -0.0904603 189.771 
-0.298981 0.0515554 -0.952865 -263.428 -0.00797151 0.99837 0.0565187 6.23885 0.954226 0.0244938 -0.298083 189.405 
-0.355466 0.0507535 -0.93331 -263.682 0.00582791 0.998626 0.0520858 6.25527 0.934671 0.0130755 -0.355273 189.284 
-0.466603 0.0528026 -0.882889 -264.186 0.0160686 0.998558 0.0512281 6.28481 0.884321 0.00971643 -0.466779 188.953 
-0.576018 0.0425407 -0.816329 -264.663 0.0093774 0.998923 0.0454391 6.31103 0.817383 0.0185187 -0.575796 188.504 
-0.62873 0.0403712 -0.776575 -264.9 0.00749419 0.99892 0.0458626 6.32514 0.777587 0.0230154 -0.628353 188.241 
-0.726576 0.0442627 -0.685659 -265.367 0.0187501 0.998828 0.0446103 6.36141 0.68683 0.0195566 -0.726555 187.662 
-0.768028 0.0447096 -0.638853 -265.583 0.0179392 0.998671 0.0483245 6.37497 0.640165 0.0256541 -0.767809 187.324 
-0.803941 0.0422029 -0.593209 -265.787 0.0142819 0.998561 0.0516856 6.38589 0.594537 0.03308 -0.803387 186.957 
-0.836006 0.0363951 -0.547512 -265.977 0.0101207 0.998651 0.0509304 6.40151 0.548627 0.0370369 -0.835246 186.578 
-0.918398 0.00987669 -0.395535 -266.702 -0.00649302 0.999178 0.0400262 6.48705 0.395605 0.0393281 -0.917578 184.735 
-0.954668 0.0144775 -0.29732 -267.424 0.00352853 0.999297 0.0373291 6.57398 0.297652 0.0345878 -0.954048 182.477 
-0.969084 0.0169131 -0.246152 -267.746 0.00718498 0.999159 0.0403655 6.6309 0.246628 0.0373489 -0.96839 181.178 
-0.985216 0.00288672 -0.171292 -268.238 0.00011733 0.999869 0.0161756 6.71877 0.171316 0.0159164 -0.985088 178.353 
-0.991083 0.0125875 -0.132649 -268.571 0.00733979 0.999174 0.0399759 6.77112 0.133043 0.0386458 -0.990357 175.97 
-0.992165 0.0115784 -0.124399 -268.673 0.00691748 0.99926 0.0378346 6.79681 0.124745 0.0366776 -0.991511 175.126 
-0.993615 -0.000332002 -0.112822 -268.937 -0.00379698 0.999528 0.0304983 6.8794 0.112759 0.030732 -0.993147 172.546 
-0.99368 -0.00265565 -0.112219 -269.03 -0.00621742 0.999488 0.0314015 6.90441 0.112078 0.0319008 -0.993187 171.645 
-0.9934 0.00352177 -0.114647 -269.246 0.000367495 0.999621 0.0275226 6.94885 0.1147 0.0272988 -0.993025 169.798 
-0.993111 0.00164877 -0.117165 -269.349 -0.00141031 0.99966 0.0260215 6.97314 0.117168 0.0260075 -0.992772 168.872 
-0.99276 0.00225078 -0.12009 -269.465 -0.00136039 0.99955 0.0299801 6.99856 0.120103 0.0299264 -0.99231 167.891 
-0.991648 0.0123752 -0.128383 -269.846 0.00732572 0.999184 0.0397295 7.08101 0.128769 0.0384572 -0.990929 164.905 
-0.991225 0.0159296 -0.131219 -269.987 0.0111954 0.999262 0.0367379 7.11181 0.131707 0.0349465 -0.990673 163.903 
-0.990792 0.0175905 -0.134248 -270.124 0.0135904 0.999438 0.0306549 7.1335 0.134712 0.0285481 -0.990473 162.904 
-0.990409 0.0165692 -0.137172 -270.262 0.0133799 0.999619 0.02414 7.15627 0.13752 0.0220731 -0.990253 161.884 
-0.990142 0.0161928 -0.139126 -270.404 0.0129287 0.99962 0.0243339 7.18169 0.139467 0.0222953 -0.989976 160.855 
-0.989599 0.0269202 -0.141315 -270.802 0.0210143 0.998849 0.0431199 7.24774 0.142314 0.0397017 -0.989025 158.086 
-0.989694 0.0201709 -0.141769 -271.305 0.0163241 0.999468 0.0282456 7.33527 0.142263 0.0256403 -0.989497 154.4 
-0.989916 0.0189908 -0.140374 -271.562 0.0135735 0.999129 0.039449 7.37831 0.141 0.0371459 -0.989312 152.502 
-0.990027 0.0144925 -0.140132 -271.687 0.00902869 0.999177 0.0395482 7.40497 0.14059 0.0378886 -0.989343 151.536 
-0.990391 0.00654332 -0.138139 -271.941 7.33317e-05 0.998905 0.04679 7.47088 0.138294 0.0463303 -0.989307 149.567 
-0.990446 0.00644509 -0.137748 -272.07 -0.000825005 0.998612 0.0526561 7.50204 0.137896 0.0522667 -0.989067 148.578 
-0.990693 0.00434024 -0.136045 -272.197 -0.00257797 0.998714 0.050635 7.53721 0.13609 0.0505144 -0.989408 147.608 
-0.990829 0.004771 -0.13504 -272.32 -0.00147994 0.998933 0.0461514 7.57815 0.135116 0.045928 -0.989765 146.649 
-0.990975 0.00652309 -0.133886 -272.45 0.000341605 0.998935 0.0461409 7.61152 0.134044 0.0456788 -0.989922 145.677 
-0.990557 0.0112339 -0.136644 -272.957 0.00611215 0.999265 0.0378447 7.7131 0.136968 0.0366521 -0.989897 141.879 
-0.990353 0.00582386 -0.138443 -273.076 -0.000140035 0.999074 0.0430297 7.73748 0.138565 0.042634 -0.989435 140.926 
-0.990094 0.0064418 -0.140255 -273.207 0.000628893 0.99914 0.0414502 7.76305 0.140401 0.0409515 -0.989247 139.97 
-0.989218 -0.00294009 -0.146422 -273.46 -0.00848163 0.99927 0.0372363 7.81687 0.146206 0.0380767 -0.988521 138.069 
-0.988835 -0.00780002 -0.148812 -273.593 -0.0142458 0.999003 0.0422983 7.84371 0.148333 0.043946 -0.98796 137.095 
-0.988222 -0.00431866 -0.152965 -273.88 -0.0124807 0.998546 0.052439 7.91116 0.152516 0.0537305 -0.986839 135.176 
-0.988204 0.00116249 -0.15314 -274.028 -0.00636173 0.998796 0.0486338 7.9445 0.153012 0.0490343 -0.987007 134.236 
-0.988354 0.0098027 -0.151857 -274.182 0.00368479 0.999172 0.0405164 7.97742 0.152129 0.039485 -0.987572 133.302 
-0.988701 0.00870644 -0.149651 -274.323 0.00282206 0.999216 0.0394881 8.00831 0.149878 0.0386196 -0.98795 132.357 
-0.989588 0.00955876 -0.14361 -274.591 0.00219348 0.998678 0.0513577 8.06865 0.143911 0.0505079 -0.988301 130.458 
-0.990593 -0.00346731 -0.136796 -274.951 -0.0073767 0.999578 0.0280816 8.15621 0.136641 0.0288266 -0.990201 127.649 
-0.99089 -0.00187119 -0.134659 -275.077 -0.00586693 0.999554 0.0292822 8.1758 0.134545 0.0298055 -0.990459 126.701 
-0.991254 -0.00277512 -0.131942 -275.314 -0.00825792 0.999124 0.0410258 8.21512 0.131712 0.0417565 -0.990408 124.81 
-0.991306 -0.00698965 -0.131395 -275.544 -0.0118735 0.999266 0.0364224 8.26724 0.131044 0.0376658 -0.990661 122.929 
-0.990577 -0.00451246 -0.136885 -276.034 -0.010193 0.999114 0.0408263 8.35592 0.136579 0.0418369 -0.989745 119.155 
-0.990118 0.00252292 -0.140211 -276.421 -0.00129977 0.99963 0.0271657 8.42296 0.140227 0.0270795 -0.989749 116.367 
-0.989872 0.00373362 -0.141913 -276.55 -0.00118323 0.999402 0.0345468 8.44552 0.141957 0.0343648 -0.989276 115.426 
-0.989309 0.00748843 -0.145644 -276.949 0.00143112 0.999131 0.0416502 8.52503 0.14583 0.0409965 -0.98846 112.614 
-0.988296 0.00527853 -0.152458 -277.352 0.00118567 0.999637 0.0269243 8.58039 0.152545 0.0264284 -0.987943 109.835 
-0.987779 0.00710782 -0.155697 -277.497 0.00111667 0.999257 0.0385332 8.59861 0.155855 0.0378884 -0.987053 108.891 
-0.986714 0.0131167 -0.161936 -277.798 0.00537748 0.998826 0.0481378 8.65501 0.162378 0.0466275 -0.985626 107.02 
-0.986076 0.0137212 -0.165731 -277.952 0.0066639 0.99905 0.043064 8.68492 0.166164 0.0413599 -0.98523 106.098 
-0.984521 0.0092232 -0.175025 -278.261 0.00325159 0.999404 0.0343747 8.73552 0.175238 0.0332735 -0.983964 104.257 
-0.983362 0.0136546 -0.181145 -278.43 0.00729948 0.999336 0.0357033 8.75603 0.181512 0.033787 -0.982808 103.334 
-0.979739 0.0234364 -0.198902 -278.97 0.0148366 0.998894 0.0446173 8.83307 0.199728 0.0407623 -0.979003 100.588 
-0.9773 0.0323887 -0.209367 -279.357 0.0231312 0.99865 0.0465158 8.88909 0.210591 0.040617 -0.97673 98.7798 
-0.976188 0.0353078 -0.214034 -279.554 0.0262527 0.998642 0.0450032 8.92114 0.215332 0.0383126 -0.975789 97.8849 
-0.97495 0.0236794 -0.221161 -279.934 0.0145353 0.998974 0.0428826 8.97623 0.22195 0.0385938 -0.974294 96.0945 
-0.974346 0.0224845 -0.223928 -280.132 0.0139556 0.999118 0.0395978 9.00264 0.224621 0.0354569 -0.973801 95.2086 
-0.973879 0.0209872 -0.226094 -280.528 0.0118511 0.99906 0.0416902 9.05267 0.226756 0.0379217 -0.973213 93.4358 
-0.974002 0.0253933 -0.225114 -280.731 0.0159728 0.998923 0.0435707 9.0754 0.225977 0.0388423 -0.973358 92.5579 
-0.974268 0.0317221 -0.223151 -280.937 0.0227364 0.998828 0.0427223 9.10167 0.224245 0.0365493 -0.973847 91.6839 
-0.974708 0.037398 -0.22033 -281.138 0.0283201 0.99862 0.0442181 9.13 0.221679 0.03686 -0.974423 90.8118 
-0.976266 0.0398553 -0.212875 -281.514 0.0302255 0.998375 0.0483028 9.18113 0.214454 0.0407222 -0.975885 89.0754 
-0.977716 0.0408133 -0.205926 -281.873 0.0336068 0.998698 0.038374 9.23245 0.207224 0.0305983 -0.977815 87.3603 
-0.978084 0.0427739 -0.20377 -282.049 0.0367016 0.998765 0.0334879 9.25439 0.204951 0.0252753 -0.978446 86.5067 
-0.978377 0.0461884 -0.201604 -282.223 0.0396172 0.998548 0.0365109 9.27664 0.202998 0.0277344 -0.978786 85.6522 
-0.978104 0.0636749 -0.198134 -282.578 0.0542018 0.997129 0.0528788 9.32225 0.200932 0.0409818 -0.978748 83.9642 
-0.977588 0.0736764 -0.197213 -282.752 0.0634705 0.996321 0.0575888 9.35344 0.20073 0.0437809 -0.978668 83.142 
-0.9773 0.0771144 -0.197325 -282.919 0.0670693 0.996113 0.0571028 9.38274 0.200962 0.0425721 -0.978674 82.3288 
-0.976889 0.0731185 -0.200851 -283.237 0.0655157 0.99687 0.044252 9.4395 0.203458 0.0300704 -0.978622 80.7475 
-0.973547 0.0743638 -0.216049 -283.888 0.0638047 0.996421 0.0554539 9.54196 0.219399 0.040202 -0.974807 77.6675 
-0.970233 0.0761617 -0.229886 -284.231 0.0655835 0.996421 0.0533218 9.59885 0.233124 0.0366578 -0.971756 76.213 
-0.961082 0.0719817 -0.266719 -284.942 0.059293 0.996706 0.0553357 9.69553 0.269824 0.0373676 -0.962184 73.4928 
-0.956258 0.0653638 -0.285128 -285.302 0.0540128 0.99741 0.0475025 9.7285 0.287495 0.0300241 -0.957311 72.2609 
-0.947844 0.0565528 -0.313676 -286.002 0.0411864 0.997614 0.0554059 9.80185 0.316061 0.039597 -0.947912 70.0288 
-0.945069 0.0692049 -0.31946 -286.358 0.0520121 0.996717 0.0620505 9.83455 0.322706 0.0420262 -0.945566 69.0246 
-0.948135 0.0676888 -0.310577 -286.995 0.056755 0.997413 0.0441187 9.91252 0.312759 0.0242037 -0.949524 67.1085 
-0.953854 0.0833686 -0.288467 -287.307 0.0721861 0.996177 0.0492081 9.95398 0.291466 0.026114 -0.956225 66.1438 
-0.977308 0.0821728 -0.195233 -287.733 0.0736816 0.996009 0.0503765 10.0112 0.198593 0.0348484 -0.979462 64.1982 
-0.989035 0.079915 -0.124189 -287.836 0.0760538 0.99647 0.0355351 10.0414 0.126591 0.0257004 -0.991622 63.2295 
-0.996179 0.0799006 -0.0352702 -287.851 0.0790063 0.996533 0.0260619 10.0632 0.0372303 0.0231758 -0.999038 62.2374 
-0.996707 0.079932 0.0136677 -287.823 0.0802643 0.99644 0.0257923 10.0697 -0.0115574 0.0268044 -0.999574 61.732 
-0.989801 0.0777903 0.119345 -287.679 0.0813167 0.996376 0.0249609 10.0784 -0.116971 0.034411 -0.992539 60.7242 
-0.981661 0.0757791 0.174925 -287.563 0.0808922 0.996474 0.0222774 10.0808 -0.17262 0.036019 -0.98433 60.2287 
-0.954786 0.0693033 0.289103 -287.229 0.0779901 0.99678 0.0186222 10.0848 -0.286881 0.0403274 -0.957117 59.2598 
-0.935647 0.0685102 0.346223 -287.019 0.0792959 0.996705 0.0170659 10.0877 -0.343913 0.0434218 -0.937997 58.7819 
-0.912945 0.0675061 0.40246 -286.777 0.0808193 0.996598 0.0161686 10.0866 -0.4 0.0472876 -0.915295 58.3073 
-0.886734 0.0631728 0.457942 -286.5 0.0798377 0.996661 0.0171046 10.0834 -0.455333 0.0517283 -0.888817 57.8421 
-0.824008 0.0502857 0.564343 -285.84 0.0705775 0.997406 0.0141779 10.0806 -0.562166 0.0515126 -0.825419 56.9586 
-0.788127 0.0448459 0.613876 -285.464 0.0669018 0.997675 0.0130083 10.0811 -0.611866 0.0513216 -0.789295 56.5356 
-0.712602 0.0389883 0.700485 -284.608 0.0665758 0.997707 0.012196 10.0803 -0.698403 0.0553262 -0.713563 55.7039 
-0.67345 0.0393484 0.738185 -284.144 0.0660473 0.997791 0.00706876 10.0733 -0.736277 0.0535156 -0.674561 55.3156 
-0.635932 0.0409876 0.770656 -283.643 0.0634245 0.997986 -0.000741426 10.0634 -0.769134 0.048407 -0.637251 54.9391 
-0.568947 0.0484766 0.820944 -282.56 0.0535877 0.998325 -0.0218125 10.0506 -0.820626 0.0315823 -0.570592 54.226 
-0.526344 0.0366104 0.849483 -281.371 0.0395431 0.999046 -0.018555 10.0183 -0.849352 0.0238248 -0.52729 53.5296 
-0.513665 0.0297172 0.857476 -280.756 0.0363995 0.999255 -0.0128259 9.99916 -0.857218 0.0246235 -0.514364 53.1766 
-0.505339 0.0241909 0.862582 -280.136 0.0327409 0.999425 -0.00884753 9.98211 -0.8623 0.0237707 -0.50584 52.8284 
-0.500851 0.0204074 0.865293 -278.875 0.0251071 0.999644 -0.00904341 9.95661 -0.865169 0.0171956 -0.501185 52.1227 
-0.501306 0.0202559 0.865033 -278.26 0.0226945 0.99969 -0.0102572 9.94342 -0.864972 0.0144895 -0.50161 51.7727 
-0.504332 0.0206963 0.863262 -276.958 0.020885 0.999713 -0.0117664 9.91862 -0.863258 0.012095 -0.504619 51.0228 
