-0.997743 0.0579607 -0.0339117 -2.94327 0.0572825 0.998145 0.0206393 -1.48098 0.0350451 0.0186501 -0.999212 177.643 
-0.998525 0.0539253 -0.00635649 -2.99017 0.053783 0.998337 0.02077 -1.42669 0.00746595 0.0203975 -0.999764 173.459 
-0.998514 0.0544358 -0.00269696 -2.99035 0.0543586 0.99825 0.0232743 -1.41898 0.0039592 0.0230931 -0.999725 172.722 
-0.998571 0.0533952 0.00199089 -2.9786 0.0534263 0.998325 0.02219 -1.39964 -0.000802719 0.0222646 -0.999752 171.229 
-0.998406 0.0563124 0.00383196 -2.97685 0.056382 0.998178 0.021483 -1.38783 -0.00261522 0.0216648 -0.999762 170.471 
-0.9983 0.0578305 0.00728092 -2.96449 0.0579776 0.998077 0.0219343 -1.3692 -0.00599845 0.0223192 -0.999733 168.925 
-0.998637 0.0508219 0.0118859 -2.92325 0.0509987 0.998585 0.0150749 -1.34381 -0.011103 0.0156605 -0.999816 166.552 
-0.998598 0.0509637 0.0143374 -2.89197 0.0512033 0.998546 0.0168707 -1.33264 -0.0134568 0.0175812 -0.999755 164.927 
-0.998604 0.0503883 0.0158618 -2.87541 0.0506764 0.998547 0.0183169 -1.32618 -0.0149158 0.0190952 -0.999706 164.106 
-0.998567 0.0507975 0.0168325 -2.85843 0.051105 0.998524 0.0183708 -1.32017 -0.0158745 0.0192047 -0.99969 163.28 
-0.998444 0.0522974 0.0193557 -2.8229 0.0526228 0.998475 0.0167059 -1.30651 -0.0184525 0.0176985 -0.999673 161.617 
-0.998434 0.0522318 0.0200336 -2.80327 0.0526012 0.998446 0.0183772 -1.29874 -0.0190426 0.0194022 -0.99963 160.777 
-0.998554 0.0500926 0.0195177 -2.76001 0.0505847 0.998392 0.0255905 -1.28185 -0.0182044 0.0265408 -0.999482 159.074 
-0.998514 0.0514087 0.0180997 -2.7438 0.0519113 0.998245 0.028489 -1.26788 -0.0166034 0.0293862 -0.99943 158.216 
-0.998549 0.0513494 0.0161974 -2.73036 0.0518087 0.998226 0.0293417 -1.25416 -0.014662 0.0301383 -0.999438 157.356 
-0.998662 0.0500286 0.0130699 -2.7011 0.0503055 0.998496 0.0217926 -1.22666 -0.01196 0.0224209 -0.999677 155.623 
-0.998642 0.050863 0.0112921 -2.69091 0.0510703 0.998516 0.0188999 -1.21482 -0.010314 0.0194509 -0.999758 154.751 
-0.998396 0.0556018 0.0106758 -2.67224 0.0558533 0.998128 0.0249087 -1.19378 -0.00927089 0.025465 -0.999633 152.978 
-0.998153 0.0596867 0.0112958 -2.66695 0.0599861 0.997797 0.0283381 -1.18379 -0.00957949 0.0289633 -0.999535 152.086 
-0.997515 0.0692178 0.0131561 -2.65703 0.0695147 0.997301 0.0236408 -1.15509 -0.0114842 0.0244965 -0.999634 150.305 
-0.997525 0.0689238 0.0139024 -2.64257 0.0691898 0.99741 0.0196513 -1.14403 -0.0125119 0.0205646 -0.99971 149.41 
-0.997564 0.0677758 0.0164843 -2.60944 0.0681024 0.997475 0.0201271 -1.12577 -0.0150786 0.0212007 -0.999662 147.598 
-0.997741 0.0648989 0.017367 -2.58989 0.0652883 0.997604 0.0228854 -1.11879 -0.0158402 0.0239676 -0.999587 146.685 
-0.997754 0.0640834 0.0195102 -2.53151 0.0646462 0.997465 0.02973 -1.08554 -0.0175555 0.0309245 -0.999368 143.94 
-0.998089 0.0585461 0.0197605 -2.50561 0.0591586 0.997736 0.0319818 -1.07079 -0.0178434 0.0330897 -0.999293 143.027 
-0.998234 0.0562132 0.0192022 -2.44341 0.0567313 0.998008 0.0275925 -1.02722 -0.0176129 0.0286332 -0.999435 140.312 
-0.99819 0.0567621 0.0198489 -2.42633 0.0572988 0.997975 0.0276095 -1.01564 -0.0182416 0.0286969 -0.999422 139.41 
-0.998047 0.0588966 0.0208016 -2.4114 0.0594813 0.997817 0.0287085 -1.00282 -0.0190653 0.0298897 -0.999371 138.509 
-0.998056 0.0585642 0.021296 -2.39111 0.0591834 0.997805 0.0297084 -0.991037 -0.0195094 0.030911 -0.999332 137.609 
-0.998269 0.0545406 0.0220022 -2.31922 0.0549977 0.998271 0.0207322 -0.961425 -0.0208334 0.0219064 -0.999543 134.946 
-0.998185 0.0560793 0.021957 -2.30036 0.0566091 0.998101 0.0243002 -0.954751 -0.0205526 0.0254991 -0.999464 134.058 
-0.998058 0.0582758 0.0219864 -2.28379 0.0588696 0.99789 0.0274014 -0.946252 -0.0203431 0.0286425 -0.999383 133.175 
-0.997939 0.0603171 0.0219038 -2.26733 0.0609212 0.997748 0.0280498 -0.936689 -0.0201626 0.0293263 -0.999367 132.297 
-0.997749 0.0634593 0.0216644 -2.25314 0.0640308 0.997588 0.0267951 -0.926735 -0.0199117 0.028122 -0.999406 131.425 
-0.997065 0.0723025 0.0251762 -2.18147 0.0731745 0.996682 0.0356324 -0.877957 -0.0225163 0.0373701 -0.999048 127.949 
-0.997331 0.0676345 0.0275152 -2.10269 0.0683507 0.997323 0.0259803 -0.833507 -0.0256843 0.0277917 -0.999284 125.398 
-0.997447 0.0658187 0.027697 -2.07602 0.0664134 0.997568 0.0211275 -0.823245 -0.0262391 0.022913 -0.999393 124.566 
-0.997725 0.0611153 0.0284722 -2.04621 0.0617508 0.997849 0.0219993 -0.817211 -0.0270665 0.0237074 -0.999352 123.739 
-0.997854 0.0586231 0.0291656 -2.01793 0.0593366 0.997944 0.0242299 -0.813895 -0.0276852 0.0259085 -0.999281 122.922 
-0.997964 0.0562514 0.0300475 -1.99017 0.0570311 0.99804 0.0257526 -0.810719 -0.02854 0.0274138 -0.999217 122.119 
-0.998017 0.053126 0.0337566 -1.90411 0.0540388 0.998181 0.0267289 -0.791575 -0.0322752 0.0285001 -0.999073 119.798 
-0.997912 0.0534914 0.0362024 -1.84828 0.0545214 0.998117 0.0280877 -0.777819 -0.0346318 0.0300028 -0.99895 118.308 
-0.998183 0.0436069 0.0415735 -1.71293 0.0449608 0.998469 0.0322075 -0.743422 -0.0401054 0.0340181 -0.998616 115.479 
-0.998099 0.0439662 0.0432011 -1.6521 0.044817 0.998816 0.0189262 -0.731557 -0.0423178 0.0208264 -0.998887 114.177 
-0.998202 0.0406119 0.0440832 -1.58513 0.041577 0.99891 0.0212003 -0.723247 -0.0431742 0.0229951 -0.998803 112.93 
-0.997491 0.0551986 0.0443231 -1.48969 0.0557056 0.998394 0.0102848 -0.726239 -0.0436842 0.012728 -0.998964 110.67 
-0.998168 0.0479665 0.0368743 -1.43828 0.048493 0.998732 0.0135205 -0.727887 -0.036179 0.0152839 -0.999228 109.627 
-0.998189 0.0538429 0.026836 -1.42343 0.0544245 0.998288 0.0214332 -0.727468 -0.025636 0.0228549 -0.99941 108.632 
-0.998459 0.0549475 0.00781483 -1.42385 0.055133 0.998142 0.0259232 -0.726369 -0.0063759 0.0263141 -0.999633 107.688 
-0.998662 0.0449176 -0.0256241 -1.44103 0.0441986 0.998631 0.0279668 -0.717166 0.0268453 0.0267969 -0.99928 106.798 
-0.98938 0.0523313 -0.135604 -1.6633 0.0474513 0.998113 0.0389753 -0.690078 0.137388 0.0321268 -0.989996 105.159 
-0.975486 0.0520704 -0.213813 -1.85989 0.043662 0.998083 0.0438651 -0.670216 0.215687 0.0334543 -0.975889 104.398 
-0.909409 0.0489985 -0.413007 -2.46106 0.0321628 0.998347 0.0476224 -0.63323 0.414658 0.0300248 -0.909482 103.033 
-0.881914 0.0484079 -0.468918 -2.65859 0.0289973 0.998401 0.0485317 -0.619712 0.470517 0.0292034 -0.881907 102.732 
-0.849513 0.0483564 -0.525347 -2.87529 0.0263216 0.998435 0.0493392 -0.606239 0.52691 0.0280863 -0.849457 102.447 
-0.772477 0.0504744 -0.633034 -3.35516 0.0230455 0.998408 0.0514853 -0.587635 0.634625 0.0251826 -0.77241 101.931 
-0.729713 0.0520833 -0.681768 -3.62771 0.0199994 0.998294 0.0548584 -0.576141 0.683462 0.0263959 -0.729509 101.692 
-0.636229 0.0536772 -0.76963 -4.20248 0.0111808 0.998113 0.0603697 -0.545532 0.771419 0.0298039 -0.635629 101.28 
-0.586975 0.0549143 -0.807741 -4.50964 0.0105161 0.99813 0.060216 -0.529267 0.809537 0.026851 -0.586454 101.108 
-0.489452 0.0554509 -0.870265 -5.14815 0.00642504 0.998178 0.0599877 -0.501977 0.872006 0.0237696 -0.488917 100.815 
-0.440066 0.0528204 -0.89641 -5.4741 -0.00115209 0.998234 0.0593859 -0.488571 0.897965 0.0271665 -0.439229 100.686 
-0.349245 0.0532654 -0.935516 -6.14787 -0.00142785 0.998352 0.0573761 -0.458752 0.937031 0.0213741 -0.348593 100.491 
-0.238086 0.0595935 -0.969414 -7.21568 0.00693077 0.998195 0.0596605 -0.402949 0.971219 0.00748555 -0.238069 100.294 
-0.152474 0.0468379 -0.987197 -8.33645 -0.0134573 0.998685 0.0494615 -0.374015 0.988216 0.0208266 -0.151643 100.118 
-0.128036 0.0451126 -0.990743 -8.72203 -0.00746932 0.998893 0.0464489 -0.357886 0.991741 0.0133473 -0.127557 100.093 
-0.0696726 0.0309354 -0.99709 -9.96021 -0.00462463 0.999498 0.0313333 -0.292192 0.997559 0.00679424 -0.0694946 100.026 
-0.0538458 0.0355706 -0.997916 -10.4074 -0.00761758 0.999322 0.0360318 -0.285792 0.99852 0.00954186 -0.0535383 100.007 
-0.0255412 0.0413075 -0.99882 -11.3406 -0.00680399 0.999116 0.0414937 -0.263484 0.999651 0.00785576 -0.0252376 99.9931 
0.0103834 0.0402778 -0.999135 -13.3756 0.00186848 0.999186 0.0402993 -0.194573 0.999944 -0.00228531 0.0102997 100.023 
0.0298527 0.0382863 -0.998821 -15.6888 0.00651399 0.999237 0.0384969 -0.115657 0.999533 -0.00765555 0.0295805 100.09 
0.0332581 0.0388489 -0.998691 -16.3151 0.00718194 0.999209 0.0391082 -0.0948181 0.999421 -0.0084732 0.0329528 100.111 
0.0339855 0.0394552 -0.998643 -18.9791 0.0190364 0.999014 0.0401177 -0.00350279 0.999241 -0.020374 0.0332009 100.218 
0.0263253 0.0399166 -0.998856 -20.4035 0.0224306 0.998927 0.0405107 0.0467267 0.999402 -0.0234714 0.0254017 100.254 
0.0188243 0.0430816 -0.998894 -21.8929 0.0243999 0.998754 0.0435354 0.100194 0.999525 -0.0251925 0.0177496 100.278 
0.0030914 0.0419784 -0.999114 -25.0164 0.0168078 0.998975 0.0420246 0.211769 0.999854 -0.0169228 0.00238267 100.274 
0.00173713 0.0343225 -0.999409 -26.6021 0.00860909 0.999373 0.0343363 0.262318 0.999961 -0.00866365 0.00144056 100.255 
0.0011506 0.0390318 -0.999237 -29.8181 0.00191926 0.999236 0.039034 0.33918 0.999997 -0.00196271 0.00107481 100.237 
0.00452846 0.0380071 -0.999267 -32.9879 -0.00865613 0.999242 0.0379669 0.417604 0.999952 0.00847785 0.00485402 100.214 
0.00850034 0.0396325 -0.999178 -33.7763 -0.0113884 0.999153 0.0395346 0.437407 0.999899 0.0110429 0.00894449 100.213 
0.0135844 0.0423597 -0.99901 -34.5673 -0.0136415 0.999017 0.0421746 0.457862 0.999815 0.0130551 0.0141489 100.217 
0.0200228 0.0446967 -0.9988 -35.3567 -0.0163614 0.998881 0.0443724 0.478549 0.999666 0.0154533 0.0207317 100.227 
0.0276393 0.0446921 -0.998618 -36.1279 -0.0174211 0.99887 0.0442212 0.498655 0.999466 0.0161748 0.0283867 100.244 
0.0365631 0.043942 -0.998365 -36.9069 -0.0182367 0.998896 0.0432975 0.520238 0.999165 0.0166238 0.0373241 100.271 
0.0676753 0.045643 -0.996663 -39.2154 -0.01964 0.99882 0.0444082 0.587187 0.997514 0.0165692 0.0684919 100.401 
0.0790821 0.0465106 -0.995782 -39.9728 -0.0189284 0.998801 0.0451484 0.609713 0.996688 0.0152782 0.0798676 100.463 
0.101261 0.0457168 -0.993809 -41.4655 -0.0201024 0.998834 0.0438996 0.650474 0.994657 0.0155327 0.102062 100.607 
0.131037 0.0431911 -0.990436 -43.6771 -0.0209932 0.998947 0.0407848 0.712126 0.991155 0.0154481 0.131806 100.889 
0.150518 0.042433 -0.987696 -45.0966 -0.0205415 0.998997 0.0397881 0.746526 0.988394 0.0142999 0.151238 101.085 
0.176358 0.0467222 -0.983217 -47.8488 -0.0118948 0.998901 0.0453339 0.819088 0.984254 0.00370017 0.17672 101.554 
0.180981 0.0487524 -0.982277 -49.1426 -0.00939247 0.998811 0.0478425 0.861306 0.983442 0.000567428 0.181224 101.783 
0.17299 0.0451021 -0.98389 -51.5608 -0.00592658 0.998981 0.0447518 0.929526 0.984906 -0.00191049 0.173081 102.209 
0.153821 0.044651 -0.987089 -52.6615 -0.00621039 0.999002 0.0442221 0.957832 0.988079 -0.000672075 0.153945 102.368 
0.122934 0.043051 -0.991481 -53.688 -0.00539455 0.999073 0.0427117 0.981576 0.9924 9.78611e-05 0.123052 102.478 
0.0153938 0.0369265 -0.999199 -55.6819 -0.00615056 0.999302 0.0368356 1.02599 0.999863 0.00557859 0.0156102 102.534 
-0.0228045 0.0394767 -0.99896 -56.1775 -0.00466843 0.999205 0.039593 1.03881 0.999729 0.00556647 -0.0226021 102.506 
-0.160036 0.0514084 -0.985772 -57.6134 -0.00449506 0.998595 0.0528069 1.07874 0.987101 0.0128821 -0.15958 102.272 
-0.212288 0.053234 -0.975756 -58.0707 -0.00435827 0.998454 0.0554205 1.09524 0.977197 0.0160177 -0.211728 102.143 
-0.268189 0.053691 -0.961869 -58.5176 -0.000845397 0.998432 0.0559676 1.11302 0.963366 0.0158231 -0.267723 101.994 
-0.327438 0.0530861 -0.94338 -58.9512 0.00593135 0.998516 0.05413 1.13064 0.944854 0.0121287 -0.327267 101.822 
-0.449646 0.0465489 -0.891993 -59.7437 0.0176375 0.998909 0.0432374 1.15833 0.893033 0.003709 -0.449977 101.38 
-0.568391 0.0397827 -0.821796 -60.4407 0.0195489 0.999201 0.0348498 1.18677 0.822526 0.00374309 -0.568714 100.824 
-0.675463 0.0412183 -0.736241 -61.0713 0.0274905 0.99915 0.0307161 1.20736 0.736882 0.000507947 -0.676022 100.181 
-0.723882 0.0451988 -0.688442 -61.3555 0.0301492 0.998971 0.0338849 1.21585 0.689265 0.00377271 -0.7245 99.8273 
-0.808741 0.0536978 -0.585709 -61.8502 0.0358328 0.998472 0.0420624 1.23645 0.587073 0.01303 -0.809429 99.0605 
-0.843262 0.0577905 -0.534387 -62.0635 0.0389201 0.998158 0.0465284 1.2476 0.536092 0.0184372 -0.843958 98.653 
-0.872359 0.0578069 -0.485436 -62.2541 0.0386884 0.998033 0.0493227 1.25591 0.487333 0.0242463 -0.87288 98.2302 
-0.9141 0.0508489 -0.402289 -62.5815 0.0332232 0.998162 0.0506752 1.27856 0.404126 0.0329568 -0.914109 97.3419 
-0.928577 0.0467071 -0.368188 -62.7206 0.0313447 0.998375 0.0475987 1.29502 0.369813 0.0326583 -0.928532 96.8955 
-0.947173 0.0503673 -0.316743 -63.0115 0.0382007 0.998278 0.0445089 1.32964 0.318439 0.0300579 -0.947467 95.9594 
-0.955953 0.0492689 -0.289357 -63.2842 0.0384001 0.998332 0.0431232 1.3579 0.290999 0.0301124 -0.956249 94.9846 
-0.961913 0.0303402 -0.271666 -63.6723 0.0209319 0.999079 0.0374636 1.41256 0.272553 0.0303502 -0.961662 93.4381 
-0.962092 0.0289866 -0.271179 -63.8109 0.0202441 0.999183 0.0349815 1.42397 0.271971 0.0281657 -0.961893 92.913 
-0.95764 0.0259949 -0.286791 -64.4621 0.0206789 0.999554 0.02155 1.48232 0.287223 0.0147067 -0.957751 90.6788 
-0.952391 0.0341853 -0.302957 -65.2317 0.0226586 0.998882 0.0414821 1.53911 0.304037 0.0326425 -0.952101 88.2272 
-0.950991 0.0420239 -0.306351 -65.8599 0.0337539 0.99891 0.0322455 1.59823 0.307372 0.0203246 -0.951372 86.3059 
-0.951222 0.0392529 -0.306 -66.0637 0.0329979 0.999128 0.0255895 1.6162 0.306737 0.014244 -0.951688 85.6585 
-0.952064 0.0361556 -0.303754 -66.2703 0.0310209 0.999283 0.0217142 1.63531 0.304321 0.0112506 -0.952503 84.9876 
-0.952841 0.0381185 -0.301068 -66.4836 0.0317979 0.99916 0.0258682 1.65359 0.301801 0.015075 -0.953252 84.2951 
-0.95409 0.0428905 -0.296433 -66.9244 0.0327459 0.998698 0.0391055 1.68275 0.297725 0.0276032 -0.954253 82.8711 
-0.957677 0.0334598 -0.285893 -67.7897 0.0275121 0.999314 0.0247964 1.76273 0.286526 0.0158815 -0.957941 79.9088 
-0.959578 0.0398522 -0.278606 -68.2374 0.0333635 0.999051 0.027995 1.7938 0.279457 0.0175681 -0.959997 78.3695 
-0.960319 0.0446569 -0.275304 -68.686 0.0370082 0.998773 0.0329175 1.82858 0.276436 0.0214228 -0.960793 76.7934 
-0.960612 0.0380115 -0.275283 -69.5832 0.0307819 0.99906 0.0305368 1.90602 0.276185 0.0208603 -0.960878 73.5625 
-0.959998 0.0234755 -0.279021 -70.0197 0.0157956 0.999433 0.0297413 1.94159 0.279561 0.0241443 -0.959824 71.9141 
-0.95738 0.0282646 -0.287446 -70.9896 0.0204593 0.999337 0.0301223 2.00753 0.288107 0.0229575 -0.957323 68.5961 
-0.956642 0.0354439 -0.289101 -71.4912 0.0283057 0.999183 0.0288363 2.03268 0.289887 0.0194028 -0.956864 66.95 
-0.955468 0.0288197 -0.293685 -72.4575 0.0192382 0.999186 0.0354625 2.10038 0.294468 0.0282333 -0.955244 63.6568 
-0.955165 0.0334683 -0.294177 -72.9612 0.0312422 0.999437 0.0122647 2.12519 0.294422 0.00252405 -0.955672 62.0536 
-0.956439 0.0444561 -0.288527 -73.9551 0.0308781 0.998198 0.0514439 2.18963 0.290294 0.0402938 -0.956089 58.7478 
-0.957261 0.0344854 -0.287161 -74.4196 0.0277686 0.999238 0.0274317 2.24227 0.287888 0.0182853 -0.957489 57.1543 
-0.958514 0.038923 -0.282375 -74.8941 0.0322601 0.999081 0.0282088 2.25973 0.283213 0.0179291 -0.958889 55.5556 
-0.962648 0.0270966 -0.269396 -75.7554 0.0213408 0.999478 0.0242721 2.30627 0.269913 0.0176164 -0.962724 52.3762 
-0.963545 0.0284303 -0.266031 -76.1831 0.0209554 0.999303 0.0308948 2.32628 0.266724 0.0241938 -0.963469 50.7853 
-0.964513 0.0313231 -0.262171 -76.6048 0.0249058 0.999304 0.0277659 2.34764 0.262858 0.020251 -0.964622 49.2196 
-0.967119 0.0382809 -0.251428 -77.0166 0.0337403 0.999181 0.0223471 2.37176 0.252077 0.0131291 -0.967618 47.669 
-0.972337 0.0405577 -0.230036 -77.7602 0.0305644 0.998435 0.0468418 2.43673 0.231576 0.0385151 -0.972054 44.5195 
-0.975053 0.0361523 -0.219008 -78.0952 0.0299922 0.999057 0.0313882 2.47582 0.219936 0.0240366 -0.975218 42.9899 
-0.977651 0.039733 -0.206445 -78.423 0.0350765 0.999042 0.0261688 2.51286 0.207287 0.0183426 -0.978108 41.4321 
-0.981219 0.02796 -0.190862 -78.7042 0.0231682 0.999359 0.0272921 2.53151 0.191503 0.0223576 -0.981237 39.8236 
-0.987316 0.0244281 -0.156876 -79.2257 0.0204186 0.999424 0.0271199 2.56982 0.157448 0.0235728 -0.987246 36.5658 
-0.988666 0.0212063 -0.148627 -79.3366 0.0165565 0.999336 0.0324525 2.58188 0.149216 0.0296239 -0.988361 35.737 
-0.991157 0.0228898 -0.130702 -79.6547 0.0184419 0.999212 0.0351403 2.63053 0.131403 0.0324192 -0.990799 33.2877 
-0.992691 0.0104819 -0.120229 -79.9193 0.00811402 0.999764 0.0201672 2.66854 0.120412 0.0190442 -0.992541 30.8553 
-0.993422 0.00766492 -0.114252 -80.0913 0.00352811 0.999332 0.0363661 2.69696 0.114454 0.0357238 -0.992786 29.201 
-0.994339 0.0100386 -0.105777 -80.2588 0.0058239 0.99918 0.0400789 2.72852 0.106092 0.039236 -0.993582 27.5622 
-0.995324 0.0230156 -0.093807 -80.424 0.020769 0.999475 0.0248556 2.76849 0.0943299 0.0227911 -0.99528 25.9691 
-0.997201 0.0365124 -0.0652499 -80.6638 0.0340537 0.998682 0.0384033 2.83398 0.0665661 0.0360738 -0.99713 22.7007 
-0.997641 0.0435866 -0.05304 -80.7535 0.0419885 0.998641 0.0308811 2.86151 0.0543139 0.0285812 -0.998115 21.05 
-0.998438 0.0488807 -0.0270422 -80.8679 0.0478994 0.99821 0.0358197 2.91613 0.0287446 0.0344685 -0.998992 17.7147 
-0.998777 0.044298 -0.021946 -80.8711 0.0433183 0.998124 0.0432682 2.92782 0.0238215 0.0422646 -0.998822 16.8698 
-0.998955 0.0423536 -0.0171576 -80.8835 0.0418394 0.998695 0.0292927 2.96482 0.0183758 0.0285442 -0.999424 15.2094 
-0.999201 0.0387978 -0.00963175 -80.8946 0.0384952 0.998813 0.0298283 3.00909 0.0107776 0.0294337 -0.999509 11.8495 
-0.999263 0.0375567 -0.00794066 -80.8895 0.0372609 0.998707 0.0345917 3.03428 0.00922954 0.0342704 -0.99937 10.1727 
-0.998309 0.0581151 -0.00154875 -80.9186 0.0580876 0.998212 0.0141093 3.06753 0.00236594 0.0139954 -0.999899 6.80159 
-0.998616 0.0525543 0.00218713 -80.8918 0.0525857 0.998447 0.018377 3.09135 -0.00121795 0.0184665 -0.999829 3.41371 
-0.999054 0.0433755 0.00316906 -80.8659 0.0434328 0.998834 0.0210618 3.10193 -0.0022518 0.0211795 -0.999773 1.72007 
-0.999202 0.0397273 0.00409923 -80.8553 0.0398154 0.998912 0.0242893 3.10612 -0.00312983 0.0244331 -0.999697 0.874422 
-0.99933 0.0363446 0.00431497 -80.845 0.0364486 0.998966 0.0271676 3.1147 -0.00332311 0.0273067 -0.999622 0.0299416 
-0.999362 0.035332 0.00529403 -80.8305 0.0354454 0.999104 0.0231239 3.12496 -0.00447228 0.0232968 -0.999719 -1.62089 
-0.999438 0.0329736 0.00602296 -80.8195 0.0330758 0.999295 0.0177441 3.13176 -0.00543362 0.0179334 -0.999824 -2.42332 
-0.999336 0.0344085 0.0119995 -80.7891 0.0348259 0.998726 0.0365068 3.15659 -0.0107281 0.0369004 -0.999261 -4.80938 
-0.999088 0.0407672 0.012706 -80.7865 0.041227 0.998415 0.0383191 3.165 -0.0111237 0.038808 -0.999185 -5.58003 
-0.99911 0.0403241 0.0124079 -80.7639 0.0406415 0.998823 0.0264923 3.18986 -0.011325 0.026973 -0.999572 -7.05525 
-0.999108 0.0406466 0.0114212 -80.7537 0.0408771 0.998949 0.0207345 3.19238 -0.0105664 0.0211829 -0.99972 -7.7515 
-0.998998 0.0433786 0.011002 -80.7501 0.0435658 0.998899 0.0173852 3.19071 -0.0102357 0.0178471 -0.999788 -8.43645 
-0.998816 0.0485221 0.00356483 -80.7484 0.0485611 0.99875 0.0118133 3.19684 -0.00298717 0.0119724 -0.999924 -9.77503 
-0.999182 0.0357582 -0.018879 -80.7548 0.0351764 0.998922 0.0302995 3.20618 0.0199421 0.0296106 -0.999363 -12.413 
-0.998782 0.0358552 -0.0338985 -80.7953 0.0353889 0.999272 0.014256 3.21556 0.034385 0.013039 -0.999324 -13.6595 
-0.99716 0.0454432 -0.0600498 -80.9357 0.0441234 0.998758 0.0231266 3.22362 0.0610262 0.0204113 -0.997927 -16.1832 
-0.996358 0.0500063 -0.0690634 -81.0272 0.0482986 0.99849 0.0261797 3.23108 0.0702682 0.0227486 -0.997269 -17.4186 
-0.996609 0.0451591 -0.0687788 -81.1849 0.0428848 0.998495 0.0341922 3.27413 0.0702194 0.0311267 -0.997046 -19.921 
-0.997149 0.0313117 -0.0686578 -81.2396 0.0299675 0.99934 0.0205208 3.29147 0.069255 0.0184048 -0.997429 -21.1767 
-0.997236 0.0383588 -0.0636269 -81.3223 0.0379672 0.999252 0.0073516 3.30399 0.0638613 0.00491554 -0.997947 -22.442 
-0.99803 0.043382 -0.0453277 -81.4394 0.041184 0.997981 0.0483477 3.33753 0.0473336 0.0463856 -0.997802 -25.0669 
-0.998362 0.0403082 -0.0405944 -81.4785 0.0386845 0.99845 0.0400186 3.37119 0.0421446 0.0383826 -0.998374 -26.3795 
-0.997384 0.0647944 -0.032034 -81.5933 0.0636649 0.997354 0.0351056 3.44137 0.0342239 0.0329743 -0.99887 -29.0798 
-0.997079 0.0705096 -0.029346 -81.6373 0.0694742 0.996972 0.0349225 3.46323 0.0317195 0.0327817 -0.998959 -30.4457 
-0.995825 0.0876323 -0.0255651 -81.7262 0.0866804 0.995577 0.0362282 3.51973 0.0286268 0.0338609 -0.999016 -33.2128 
-0.995658 0.0898999 -0.0241303 -81.7664 0.0889835 0.995357 0.0366916 3.5438 0.0273168 0.0343851 -0.999035 -34.6152 
-0.995704 0.0888386 -0.0260837 -81.8316 0.0884405 0.995952 0.0160416 3.58162 0.0274032 0.0136658 -0.999531 -37.2854 
-0.995305 0.0937319 -0.0241245 -81.8735 0.0929892 0.995207 0.0302582 3.58792 0.0268451 0.0278728 -0.999251 -38.5759 
-0.994702 0.101744 -0.0147299 -81.9293 0.101089 0.994076 0.0399291 3.6248 0.0187052 0.0382285 -0.999094 -40.9431 
-0.99401 0.109223 0.00365719 -81.9352 0.109285 0.993478 0.0325238 3.63919 -8.09848e-05 0.0327286 -0.999464 -42.0081 
-0.99016 0.112464 0.0832757 -81.8047 0.114729 0.993132 0.02292 3.65909 -0.0801261 0.0322486 -0.996263 -44.0088 
-0.982912 0.114855 0.143848 -81.6548 0.118895 0.99271 0.0197831 3.65486 -0.140527 0.0365478 -0.989402 -44.9647 
-0.969728 0.107766 0.219119 -81.4195 0.111712 0.993725 0.00566014 3.6384 -0.217134 0.029967 -0.975682 -45.8592 
-0.91223 0.0748369 0.402786 -80.6873 0.0744765 0.997085 -0.0165823 3.58957 -0.402853 0.0148712 -0.915144 -47.4739 
-0.889605 0.0624172 0.452445 -80.4493 0.0604458 0.997994 -0.0188289 3.56872 -0.452713 0.0105982 -0.891593 -47.8322 
-0.832877 0.046267 0.551521 -79.9334 0.0417776 0.998912 -0.0207084 3.53928 -0.551879 0.00579362 -0.833904 -48.5183 
-0.763328 0.027269 0.645436 -79.3328 0.0299418 0.999528 -0.0068182 3.51237 -0.645317 0.014121 -0.763784 -49.1324 
-0.725556 0.0154226 0.68799 -79.0025 0.0231883 0.999729 0.00204352 3.50153 -0.687772 0.017436 -0.725717 -49.4091 
-0.686056 0.00659615 0.727519 -78.6616 0.0172509 0.999825 0.00720265 3.49279 -0.727344 0.0174918 -0.68605 -49.6599 
-0.600591 1.77227e-05 0.799556 -77.9587 0.0138296 0.999851 0.010366 3.47504 -0.799437 0.0172833 -0.600502 -50.1002 
-0.553859 0.00300386 0.832605 -77.6126 0.0182502 0.999797 0.00853321 3.46858 -0.83241 0.0199214 -0.553802 -50.2892 
-0.45301 0.017385 0.891336 -76.8728 0.0300941 0.999538 -0.00420044 3.46435 -0.890997 0.0249211 -0.453324 -50.619 
-0.302087 0.0229644 0.953004 -75.5618 0.024644 0.999564 -0.0162746 3.44057 -0.952962 0.0185695 -0.302521 -50.976 
-0.213958 0.0213599 0.976609 -74.6727 0.0232061 0.99959 -0.0167785 3.39824 -0.976567 0.0190734 -0.214366 -51.1464 
-0.0852647 0.0266541 0.996002 -72.7816 0.016 0.99955 -0.0253794 3.3285 -0.99623 0.013772 -0.0856528 -51.2904 
-0.0195533 0.0301147 0.999355 -70.5149 0.00368335 0.999542 -0.0300482 3.22973 -0.999802 0.00309343 -0.0196552 -51.2972 
-0.00613761 0.0294151 0.999548 -67.2365 0.00375127 0.999561 -0.0293924 3.09261 -0.999974 0.00356918 -0.00624526 -51.2938 
-0.00916126 0.0337825 0.999387 -64.2852 0.0100475 0.999382 -0.0336902 2.96973 -0.999908 0.00973274 -0.00949502 -51.3029 
-0.0111474 0.0332091 0.999386 -62.6611 0.00960509 0.999406 -0.0331026 2.89373 -0.999892 0.00923018 -0.0114597 -51.3026 
-0.0137376 0.0334601 0.999346 -61.1945 0.0149218 0.999336 -0.0332547 2.86949 -0.999794 0.0144552 -0.0142278 -51.3265 
-0.0183069 0.0279252 0.999442 -57.7987 0.0228317 0.999361 -0.0275047 2.77182 -0.999572 0.0223155 -0.0189328 -51.3913 
-0.0199227 0.0238344 0.999517 -56.4901 0.0255192 0.999402 -0.023323 2.74878 -0.999476 0.0250423 -0.020519 -51.4174 
-0.0152693 0.027798 0.999497 -53.1524 0.0335793 0.999064 -0.027273 2.61909 -0.999319 0.033146 -0.0161884 -51.3991 
-0.0150632 0.0232983 0.999615 -52.0674 0.0343433 0.999151 -0.0227699 2.56645 -0.999297 0.0339871 -0.0158505 -51.396 
-0.0137351 0.0193763 0.999718 -51.1132 0.0369018 0.999141 -0.0188581 2.52775 -0.999224 0.0366324 -0.0144384 -51.3882 
-0.0114721 0.0207043 0.99972 -50.2689 0.0407263 0.998966 -0.0202214 2.50549 -0.999104 0.0404829 -0.0123034 -51.3758 
-0.00455901 0.0278394 0.999602 -47.7223 0.0392538 0.998847 -0.0276393 2.41701 -0.999219 0.0391122 -0.00564656 -51.3557 
-0.000150249 0.0359624 0.999353 -44.5033 0.0280968 0.998959 -0.035944 2.28649 -0.999605 0.0280733 -0.00116052 -51.3266 
0.00157282 0.0373707 0.9993 -44.0728 0.0241841 0.999008 -0.0373978 2.26525 -0.999706 0.024226 0.000667487 -51.3531 
-0.00143425 0.0368781 0.999319 -41.9603 0.0239482 0.999034 -0.0368333 2.15474 -0.999712 0.0238791 -0.00231603 -51.3815 
-0.00281217 0.0359943 0.999348 -41.3928 0.0267576 0.998997 -0.0359063 2.13093 -0.999638 0.0266392 -0.00377247 -51.3865 
-0.00376873 0.0341761 0.999409 -40.8046 0.032738 0.998884 -0.0340347 2.10622 -0.999457 0.0325904 -0.00488339 -51.3984 
-0.00858732 0.0366129 0.999293 -38.6359 0.0383411 0.998607 -0.0362583 2.00378 -0.999228 0.0380026 -0.00997914 -51.4262 
-0.0135624 0.0360365 0.999258 -37.9131 0.0451778 0.998352 -0.0353907 1.99605 -0.998887 0.0446643 -0.0151681 -51.3941 
-0.0120987 0.0285336 0.99952 -36.389 0.0445446 0.998616 -0.0279686 1.92097 -0.998934 0.0441848 -0.013353 -51.4241 
-0.00118595 0.034316 0.99941 -33.3434 0.0383474 0.998677 -0.0342453 1.78102 -0.999264 0.0382842 -0.00250031 -51.4352 
0.00897384 0.036913 0.999278 -31.8724 0.0346312 0.998707 -0.0372029 1.70488 -0.99936 0.03494 0.0076839 -51.4281 
0.0270197 0.0308677 0.999158 -28.8597 0.0212957 0.999279 -0.0314473 1.55133 -0.999408 0.0221275 0.0263429 -51.3447 
0.0325461 0.032696 0.998935 -27.4099 0.011717 0.999384 -0.0330924 1.47824 -0.999402 0.0127816 0.0321429 -51.2879 
0.035317 0.033344 0.99882 -25.9985 0.00181153 0.999439 -0.0334287 1.40682 -0.999375 0.00298999 0.0352368 -51.2245 
0.0365913 0.0331205 0.998781 -24.629 -0.00435704 0.999446 -0.032983 1.33291 -0.999321 -0.00314484 0.0367154 -51.1653 
0.0362326 0.0327789 0.998806 -23.3067 -0.00965756 0.999427 -0.032449 1.27285 -0.999297 -0.00847031 0.0365284 -51.1 
0.03321 0.0305699 0.998981 -22.0349 -0.011318 0.99948 -0.0302089 1.21465 -0.999384 -0.0103032 0.0335387 -51.0484 
0.028187 0.0310778 0.999119 -20.8192 -0.013804 0.999433 -0.0306981 1.15955 -0.999507 -0.0129266 0.0286001 -51.0042 
0.0234345 0.0330315 0.99918 -19.6607 -0.0110346 0.999402 -0.0327801 1.10808 -0.999664 -0.0102574 0.023785 -50.9766 
0.0183168 0.03278 0.999295 -18.5604 -0.00872705 0.99943 -0.0326244 1.05821 -0.999794 -0.00812332 0.0185924 -50.9581 
-0.00216919 0.0306214 0.999529 -16.0467 -0.0066494 0.999509 -0.0306352 0.93499 -0.999976 -0.00671272 -0.00196451 -50.9425 
-0.0147967 0.0270103 0.999526 -14.7469 -0.00413538 0.999625 -0.0270742 0.878106 -0.999882 -0.00453403 -0.0146794 -50.9654 
-0.0299855 0.0245961 0.999248 -13.5947 -0.00147117 0.999695 -0.0246513 0.828558 -0.999549 -0.00220925 -0.0299401 -51.0045 
-0.0657332 0.0277473 0.997451 -11.4929 0.00674036 0.999603 -0.0273629 0.735621 -0.997814 0.00492452 -0.0658941 -51.1436 
-0.0802308 0.0369528 0.996091 -10.6998 0.0134398 0.999262 -0.0359879 0.686297 -0.996686 0.0104999 -0.0806682 -51.1811 
-0.0930331 0.0580979 0.993967 -9.86383 0.0161831 0.998252 -0.0568337 0.636258 -0.995531 0.0107981 -0.0938107 -51.2233 
-0.127443 0.0622613 0.98989 -9.22657 0.0179471 0.998009 -0.0604614 0.59934 -0.991683 0.0100603 -0.128307 -51.3172 
-0.176925 0.0575617 0.98254 -8.58466 0.0205254 0.998287 -0.0547883 0.558236 -0.98401 0.0104736 -0.177803 -51.4547 
-0.249007 0.0537464 0.967009 -7.861 0.026318 0.998466 -0.0487178 0.510412 -0.968144 0.0133187 -0.250039 -51.6735 
-0.310842 0.0545987 0.948892 -7.35055 0.0363172 0.998302 -0.0455448 0.481334 -0.949768 0.0203039 -0.312297 -51.8849 
-0.470343 0.0405087 0.881553 -6.24216 0.0447398 0.998756 -0.0220239 0.414112 -0.881349 0.0290817 -0.471571 -52.4486 
-0.606676 0.0356952 0.794147 -5.43084 0.0491616 0.998764 -0.0073361 0.369858 -0.793427 0.0345909 -0.607681 -53.0695 
-0.652376 0.038134 0.756936 -5.17643 0.0532548 0.998571 -0.00440897 0.345871 -0.756022 0.0374342 -0.653474 -53.2902 
-0.69735 0.0409292 0.715561 -4.9286 0.0544984 0.998506 -0.00400187 0.328073 -0.714656 0.0362062 -0.698538 -53.5313 
-0.783557 0.0455767 0.619646 -4.46551 0.0532572 0.998562 -0.00610216 0.31811 -0.619033 0.0282192 -0.784857 -54.1368 
-0.823458 0.0446845 0.565614 -4.24546 0.0518022 0.998651 -0.00347819 0.306964 -0.565007 0.0264359 -0.824663 -54.458 
-0.859046 0.0443173 0.509977 -4.04478 0.0530679 0.998587 0.00261395 0.295711 -0.509141 0.0293089 -0.860184 -54.8111 
-0.914731 0.0513837 0.400783 -3.70613 0.0614356 0.998036 0.0122618 0.295253 -0.399366 0.0358386 -0.916091 -55.7369 
-0.936315 0.0542857 0.34694 -3.55374 0.0635854 0.997857 0.0154685 0.29599 -0.345357 0.0365437 -0.93776 -56.2426 
-0.953708 0.0571589 0.295253 -3.41789 0.0649562 0.997749 0.0166602 0.302568 -0.293636 0.0350674 -0.955274 -56.7744 
-0.978012 0.0580442 0.200309 -3.21178 0.0626446 0.997896 0.0166999 0.327107 -0.198918 0.028881 -0.97959 -57.8526 
-0.985633 0.0580873 0.158599 -3.12755 0.0619434 0.99789 0.0194753 0.333133 -0.157133 0.0290197 -0.987151 -58.4247 
-0.990874 0.058098 0.121624 -3.08284 0.0613136 0.997857 0.0228619 0.33478 -0.120035 0.0301104 -0.992313 -58.7407 
-0.99749 0.065739 0.0263007 -3.00594 0.0665439 0.997302 0.0309993 0.387683 -0.0241919 0.0326717 -0.999173 -61.1138 
-0.997816 0.0658571 0.00509422 -3.02384 0.0659853 0.997324 0.0314686 0.425394 -0.00300815 0.031736 -0.999492 -62.4216 
-0.997644 0.0668552 -0.0154175 -3.08818 0.066376 0.997351 0.0297401 0.503749 0.017365 0.0286467 -0.999439 -65.2667 
-0.997826 0.0629655 -0.0194394 -3.09263 0.0623016 0.99751 0.0330517 0.547457 0.0214721 0.0317688 -0.999265 -66.6188 
-0.997644 0.0667396 -0.0158592 -3.15589 0.066224 0.997321 0.0310761 0.635221 0.0178907 0.0299527 -0.999391 -69.8671 
-0.997892 0.0633524 -0.0140741 -3.17142 0.0630436 0.997781 0.0213962 0.672739 0.0153984 0.0204638 -0.999672 -71.5763 
-0.997965 0.0623722 -0.0132359 -3.18787 0.0619736 0.997667 0.0286416 0.708656 0.0149915 0.0277631 -0.999502 -73.3811 
-0.997275 0.0729449 -0.0110195 -3.24364 0.0725322 0.996783 0.0340922 0.812108 0.0134709 0.0332 -0.999358 -77.0661 
-0.997074 0.0759405 -0.00873909 -3.265 0.075729 0.996877 0.0224113 0.858314 0.0104137 0.0216839 -0.999711 -78.8974 
-0.99735 0.0725007 -0.00613363 -3.28204 0.0722867 0.996935 0.0299059 0.902888 0.00828303 0.0293833 -0.999534 -81.6525 
-0.997281 0.0734824 -0.00563133 -3.29023 0.0731933 0.996483 0.0407959 0.94839 0.00860931 0.0402728 -0.999152 -83.5266 
-0.997124 0.0755934 -0.0054973 -3.2969 0.0753235 0.996397 0.0389697 0.976753 0.00842335 0.0384435 -0.999225 -84.4883 
-0.996951 0.0778564 -0.00526879 -3.30392 0.0776252 0.996365 0.0350844 1.00652 0.00798119 0.0345685 -0.99937 -85.4634 
-0.996718 0.0808473 -0.00411483 -3.31767 0.0806888 0.996289 0.0299587 1.0568 0.00652164 0.0295284 -0.999543 -87.4436 
-0.996735 0.0806694 -0.00349322 -3.32289 0.0805275 0.996292 0.0302806 1.0765 0.00592299 0.0299004 -0.999535 -88.4517 
-0.996636 0.0819505 0.000291775 -3.32894 0.0819065 0.995971 0.0365062 1.12047 0.0027011 0.0364073 -0.999333 -90.4841 
-0.996536 0.0831376 0.00181092 -3.33 0.0831505 0.995938 0.0345548 1.14121 0.00106924 0.0345857 -0.999401 -91.5047 
-0.996447 0.0841105 0.00428138 -3.32567 0.0841902 0.996152 0.024351 1.18398 -0.00221673 0.0246249 -0.999694 -93.5411 
-0.9965 0.0834134 0.00549943 -3.32063 0.0835194 0.996236 0.023196 1.19721 -0.00354387 0.0235742 -0.999716 -94.5733 
-0.996676 0.0811634 0.00705438 -3.31296 0.081315 0.996379 0.0248322 1.20909 -0.00501337 0.0253233 -0.999667 -95.6118 
-0.996799 0.0795037 0.00847382 -3.30394 0.0797154 0.996408 0.0285657 1.22208 -0.0061723 0.0291498 -0.999556 -96.6527 
-0.997072 0.0755657 0.0117537 -3.27859 0.075954 0.99642 0.0371338 1.25792 -0.00890554 0.0379178 -0.999241 -98.6944 
-0.997255 0.0729819 0.0125086 -3.2641 0.0734074 0.996584 0.0378342 1.27728 -0.00970461 0.0386486 -0.999206 -99.7088 
-0.997277 0.0727715 0.0119797 -3.22307 0.0731167 0.996827 0.0314702 1.34052 -0.00965154 0.0322604 -0.999433 -102.731 
-0.997205 0.0737684 0.0118111 -3.21336 0.074072 0.996867 0.0277436 1.35703 -0.00972746 0.0285409 -0.999545 -103.738 
-0.997315 0.0723434 0.0113722 -3.19076 0.0726388 0.996961 0.0281559 1.38429 -0.00930077 0.0289064 -0.999539 -105.733 
-0.997509 0.0696795 0.0109433 -3.17803 0.0699911 0.997057 0.0312833 1.39684 -0.00873126 0.0319713 -0.999451 -106.727 
-0.997658 0.0676081 0.0103645 -3.16648 0.067915 0.99715 0.0328513 1.41134 -0.00811394 0.0334782 -0.999407 -107.719 
-0.997827 0.0650658 0.0103719 -3.13301 0.0654187 0.997119 0.0384011 1.45656 -0.0078434 0.0389962 -0.999209 -109.725 
-0.997886 0.0641469 0.0104041 -3.11216 0.0645455 0.996942 0.0440514 1.48513 -0.00754656 0.0446298 -0.998975 -110.746 
-0.998038 0.0616783 0.0107726 -3.10526 0.0621041 0.99705 0.0451127 1.51681 -0.00795834 0.0456932 -0.998924 -112.009 
-0.998207 0.0593063 0.00811482 -3.08402 0.0595857 0.997415 0.0401636 1.52989 -0.00571189 0.0405751 -0.99916 -112.792 
-0.998647 0.0517891 0.00467051 -3.0405 0.0519139 0.998122 0.0325292 1.58458 -0.00297708 0.0327277 -0.99946 -115.52 
-0.998841 0.0478652 0.0051461 -3.01944 0.0480127 0.99827 0.0339418 1.63172 -0.00351257 0.0341495 -0.999411 -118.284 
-0.998834 0.0479216 0.00586612 -3.01774 0.0480975 0.998235 0.0348309 1.64036 -0.00418661 0.0350724 -0.999376 -119.095 
-0.998807 0.0485054 0.00569723 -3.00853 0.0486765 0.998194 0.035208 1.65481 -0.00397916 0.0354433 -0.999364 -120.009 
-0.998837 0.0479724 0.00491334 -2.99757 0.048114 0.998244 0.0345524 1.66912 -0.00324715 0.0347486 -0.999391 -120.916 
-0.998798 0.04888 0.0036067 -2.99073 0.0489761 0.998194 0.0347796 1.68555 -0.00190016 0.0349144 -0.999388 -121.835 
-0.998801 0.0488966 0.00227217 -2.98578 0.0489457 0.998214 0.0342551 1.70663 -0.000593157 0.0343252 -0.999411 -122.702 
-0.998753 0.0499326 -0.000385065 -2.96756 0.0498919 0.998197 0.0333837 1.79757 0.00205131 0.0333229 -0.999443 -126.583 
-0.998833 0.0482746 -0.00140425 -2.95816 0.0482157 0.998437 0.0282785 1.81775 0.00276719 0.0281778 -0.999599 -127.489 
-0.998679 0.051349 -0.00185764 -2.95588 0.0512792 0.99831 0.0273357 1.8587 0.00325816 0.0272044 -0.999625 -129.729 
-0.998726 0.050458 -0.000219268 -2.95141 0.0504248 0.99821 0.0321575 1.88484 0.00184148 0.0321054 -0.999483 -130.891 
-0.998791 0.0491533 0.00110966 -2.94469 0.0491621 0.998185 0.0347894 1.91455 0.000602367 0.0348019 -0.999394 -132.049 
-0.998775 0.0494239 0.00230227 -2.93863 0.049475 0.998107 0.0365363 1.94875 -0.000492148 0.0366054 -0.99933 -133.24 
-0.998595 0.0528436 0.00390428 -2.92268 0.0529509 0.997932 0.0364335 2.02894 -0.00197093 0.0365891 -0.999328 -136.433 
-0.998444 0.0555895 0.00436186 -2.92678 0.0557057 0.997871 0.033908 2.0634 -0.00246765 0.0340982 -0.999415 -137.676 
-0.998219 0.0594256 0.00519944 -2.93077 0.0595647 0.997685 0.0328117 2.09769 -0.00323755 0.0330629 -0.999448 -138.903 
-0.998179 0.0600885 0.00535033 -2.92447 0.0602363 0.997604 0.0340398 2.10802 -0.0032921 0.0343001 -0.999406 -139.784 
-0.997665 0.0679584 0.00678425 -2.91002 0.0681835 0.996797 0.0417944 2.1638 -0.00392224 0.0421594 -0.999103 -142.649 
-0.997547 0.069658 0.00688983 -2.90559 0.0698736 0.996804 0.0387329 2.17691 -0.00416975 0.0391194 -0.999226 -143.49 
-0.997263 0.0736049 0.00699568 -2.89402 0.0737975 0.996722 0.0331478 2.21178 -0.00453291 0.0335734 -0.999426 -145.306 
-0.996746 0.079854 0.010969 -2.86196 0.0802464 0.995896 0.0418553 2.27862 -0.00758165 0.0425993 -0.999063 -148.998 
-0.996474 0.0828977 0.0129772 -2.84349 0.0833736 0.995638 0.0418815 2.3133 -0.00944871 0.0428158 -0.999038 -150.724 
-0.996526 0.0816694 0.0163174 -2.7838 0.0822405 0.995884 0.0380902 2.38619 -0.0131394 0.0392998 -0.999141 -154.191 
-0.996763 0.078524 0.0172208 -2.74805 0.0791631 0.996049 0.040253 2.41285 -0.0139919 0.041486 -0.999041 -155.808 
-0.997024 0.0751227 0.0172867 -2.71167 0.0757226 0.996437 0.0371516 2.43845 -0.0144342 0.03835 -0.99916 -157.373 
-0.997043 0.075291 0.015406 -2.68886 0.0758113 0.996452 0.0365564 2.46743 -0.0125989 0.0376162 -0.999213 -158.957 
-0.997093 0.0749141 0.0138814 -2.67501 0.0753824 0.996467 0.0370162 2.48231 -0.0110593 0.037955 -0.999218 -159.804 
-0.996821 0.0789358 0.0108434 -2.66295 0.0793004 0.996095 0.0387982 2.51421 -0.00773849 0.0395347 -0.999188 -161.399 
-0.996562 0.08249 0.00766615 -2.65541 0.0827402 0.995689 0.041915 2.54655 -0.00417553 0.0424053 -0.999092 -162.914 
-0.996701 0.0810367 0.00452223 -2.63818 0.0811589 0.995648 0.04581 2.57987 -0.00079026 0.0460259 -0.99894 -164.335 
-0.99673 0.0807854 0.0017263 -2.63709 0.0807848 0.995803 0.0430046 2.61149 0.00175509 0.0430034 -0.999073 -165.63 
-0.996749 0.0805402 -0.00193759 -2.63401 0.0803836 0.995843 0.0428466 2.67621 0.00538041 0.0425516 -0.99908 -168.453 
-0.996937 0.077658 0.00930028 -2.61288 0.0779559 0.996242 0.037733 2.70875 -0.00633507 0.0383424 -0.999245 -169.874 
-0.993642 0.0727952 0.0858837 -2.44981 0.0754365 0.99676 0.0279172 2.73861 -0.0835732 0.0342184 -0.995914 -171.987 
-0.987365 0.0702426 0.142041 -2.30522 0.0752412 0.99671 0.0301247 2.74937 -0.139458 0.0404314 -0.989402 -172.806 
-0.951418 0.06282 0.301426 -1.81925 0.0738549 0.996947 0.0253417 2.75541 -0.298914 0.0463723 -0.953153 -174.302 
-0.917929 0.0585183 0.392406 -1.48213 0.0749904 0.996825 0.0267665 2.76485 -0.389593 0.0539964 -0.919403 -174.993 
-0.871977 0.0464035 0.487342 -1.06351 0.0680416 0.997323 0.0267808 2.76715 -0.484795 0.0565118 -0.8728 -175.653 
-0.732517 0.0354392 0.679826 0.0602286 0.0730159 0.996973 0.0267031 2.78258 -0.676822 0.0691985 -0.732887 -176.908 
-0.687979 0.0349682 0.724888 0.405858 0.0786639 0.996547 0.0265858 2.78683 -0.721455 0.075313 -0.688354 -177.206 
-0.588077 0.0386448 0.807881 1.18736 0.090238 0.995757 0.0180548 2.80236 -0.803755 0.0835192 -0.589069 -177.742 
-0.531718 0.043072 0.845825 1.61439 0.0964972 0.995283 0.00997904 2.80947 -0.841406 0.0869259 -0.533366 -177.977 
-0.411168 0.045473 0.910425 2.54086 0.092451 0.995685 -0.00797864 2.79448 -0.906859 0.0808891 -0.413598 -178.341 
-0.34632 0.0490976 0.936831 3.03012 0.0937121 0.995445 -0.0175268 2.78761 -0.933424 0.0817225 -0.349343 -178.486 
-0.280554 0.0532347 0.958361 3.54223 0.102863 0.994378 -0.0251228 2.78234 -0.954311 0.091532 -0.284452 -178.616 
-0.157884 0.0381625 0.98672 4.65042 0.091744 0.995498 -0.0238221 2.74497 -0.983187 0.0867646 -0.160674 -178.75 
-0.0602998 0.0256503 0.997851 5.74462 0.0666388 0.997543 -0.0216154 2.69342 -0.995953 0.0651921 -0.0618609 -178.729 
0.0282607 0.011501 0.999534 7.41757 0.0537052 0.998472 -0.0130073 2.64642 -0.998157 0.0540478 0.0275999 -178.618 
0.0600283 0.0381976 0.997466 9.98712 0.0419169 0.99829 -0.0407517 2.56355 -0.997316 0.0442569 0.0583245 -178.396 
0.0542592 0.0328102 0.997988 13.5557 0.0481019 0.998214 -0.0354329 2.40013 -0.997368 0.0499276 0.052584 -178.172 
0.0523471 0.0335339 0.998066 14.266 0.0441916 0.998379 -0.0358622 2.36889 -0.997651 0.0459834 0.0507804 -178.125 
0.0485438 0.0356793 0.998184 14.9963 0.0400035 0.99849 -0.0376357 2.33542 -0.99802 0.0417578 0.0470433 -178.079 
0.0388105 0.0366837 0.998573 16.4854 0.0348702 0.998668 -0.0380424 2.269 -0.998638 0.0362969 0.0374796 -178.005 
0.0338697 0.0338675 0.998852 17.2295 0.0336064 0.998822 -0.035006 2.23821 -0.998861 0.0347535 0.0326917 -177.973 
0.0289091 0.0303518 0.999121 18.0245 0.030833 0.999036 -0.0312414 2.20477 -0.999106 0.0317091 0.0279454 -177.941 
0.0152328 0.0325084 0.999355 21.3307 0.0335226 0.998893 -0.0330043 2.08283 -0.999322 0.0340037 0.0141262 -177.862 
0.00597284 0.0179747 0.999821 23.9645 0.0361727 0.99918 -0.0181792 1.99217 -0.999328 0.0362748 0.00531776 -177.831 
0.00073284 0.0177143 0.999843 25.8086 0.0348167 0.999236 -0.0177291 1.94077 -0.999393 0.0348242 0.000115526 -177.82 
-0.000693342 0.0217186 0.999764 26.7273 0.0326222 0.999232 -0.0216844 1.91615 -0.999468 0.0325995 -0.00140132 -177.815 
-0.00105657 0.0249125 0.999689 27.6547 0.0333265 0.999135 -0.0248635 1.88808 -0.999444 0.0332899 -0.0018859 -177.814 
