0.817228 0.061902 -0.572981 -228.476 -0.0536961 0.998068 0.0312411 13.7247 0.573808 0.00523574 0.818973 -239.849 
0.815417 0.0576258 -0.575999 -229.49 -0.0518778 0.998304 0.026434 13.7517 0.576545 0.00832684 0.817023 -238.423 
0.814675 0.0577958 -0.577031 -229.998 -0.0526769 0.998283 0.0256173 13.7642 0.577521 0.0095265 0.81632 -237.713 
0.813823 0.0638011 -0.5776 -231.532 -0.0556212 0.997943 0.031863 13.8016 0.578445 0.0061959 0.815698 -235.582 
0.813703 0.0646948 -0.577669 -232.546 -0.0579594 0.997865 0.0301123 13.8306 0.578384 0.00897896 0.815715 -234.177 
0.813775 0.0650403 -0.577529 -233.053 -0.0588485 0.997832 0.0294529 13.8454 0.578193 0.0100187 0.815838 -233.474 
0.81411 0.0653098 -0.577026 -233.558 -0.0589465 0.997817 0.0297703 13.8589 0.57771 0.00977732 0.816183 -232.77 
0.815226 0.0646738 -0.575521 -234.563 -0.0578413 0.997869 0.0302027 13.8876 0.576247 0.00866684 0.817229 -231.362 
0.815754 0.0639665 -0.574851 -235.059 -0.0568516 0.997921 0.0303671 13.9013 0.575598 0.0079091 0.817694 -230.662 
0.816206 0.0621828 -0.574404 -236.048 -0.0564667 0.998017 0.0278045 13.9264 0.574994 0.00974049 0.818099 -229.273 
0.815981 0.0639325 -0.574532 -236.544 -0.0570417 0.99792 0.0300324 13.9415 0.575257 0.00826644 0.817931 -228.577 
0.814001 0.070657 -0.57655 -238.034 -0.0595104 0.997496 0.0382249 13.9933 0.577807 0.00319564 0.816167 -226.505 
0.812514 0.0699909 -0.578724 -238.527 -0.0588486 0.997543 0.0380209 14.0135 0.579963 0.00316458 0.814637 -225.82 
0.810516 0.0701171 -0.581505 -239.025 -0.0607392 0.997518 0.0356196 14.0337 0.582559 0.00644989 0.812763 -225.137 
0.80894 0.0684294 -0.583895 -239.527 -0.0606459 0.997617 0.0328954 14.0538 0.584755 0.00880038 0.811162 -224.452 
0.807547 0.0681781 -0.58585 -240.034 -0.0601964 0.997637 0.0331238 14.0769 0.586724 0.00851707 0.809742 -223.761 
0.806507 0.0681823 -0.587281 -240.548 -0.0596793 0.997643 0.0338677 14.0972 0.588205 0.00773394 0.808675 -223.066 
0.805483 0.065474 -0.588991 -241.064 -0.0584125 0.99781 0.0310367 14.1178 0.589733 0.0094049 0.807544 -222.368 
0.804295 0.0610197 -0.59109 -242.11 -0.0547012 0.998093 0.0286039 14.1612 0.591708 0.00932732 0.806099 -220.949 
0.804076 0.0635449 -0.59112 -242.647 -0.056841 0.997934 0.0299585 14.1783 0.591803 0.009511 0.806027 -220.229 
0.804506 0.0677005 -0.590074 -243.733 -0.0644595 0.997567 0.0265691 14.2168 0.590437 0.0166609 0.806912 -218.777 
0.805042 0.0715882 -0.588883 -244.282 -0.0678912 0.997288 0.0284247 14.2335 0.589321 0.0170969 0.807718 -218.043 
0.805532 0.0740624 -0.587905 -244.831 -0.0690754 0.997131 0.0309699 14.2504 0.588512 0.0156625 0.808337 -217.3 
0.806014 0.0739918 -0.587253 -245.382 -0.067218 0.99718 0.0333833 14.2707 0.588067 0.0125666 0.808715 -216.551 
0.80682 0.0706704 -0.586555 -246.479 -0.0615758 0.997472 0.0354803 14.312 0.58758 0.00749135 0.809132 -215.05 
0.807014 0.0690506 -0.586482 -247.026 -0.0600166 0.997588 0.0348686 14.332 0.587475 0.00705921 0.809211 -214.301 
0.806016 0.0683612 -0.587932 -248.122 -0.0600238 0.997628 0.0337094 14.3698 0.588842 0.00811965 0.808207 -212.814 
0.805006 0.0677455 -0.589387 -248.668 -0.0596315 0.997667 0.0332273 14.3868 0.590263 0.00839784 0.807167 -212.077 
0.803964 0.0682721 -0.590746 -249.215 -0.060765 0.99762 0.0325972 14.4032 0.591566 0.00968976 0.806199 -211.343 
0.801929 0.067628 -0.59358 -250.308 -0.0608353 0.997651 0.0314761 14.4356 0.594315 0.010869 0.804159 -209.882 
0.801071 0.0663192 -0.594884 -250.851 -0.0605218 0.997724 0.02973 14.4501 0.595502 0.0121876 0.803262 -209.159 
0.798676 0.0667978 -0.598042 -251.983 -0.0642851 0.997604 0.0255748 14.4674 0.598317 0.0180192 0.801057 -207.659 
0.797398 0.0696486 -0.59942 -252.574 -0.0674092 0.997381 0.0262157 14.4692 0.599676 0.0195021 0.800005 -206.881 
0.795975 0.075455 -0.600608 -253.704 -0.0720394 0.996957 0.0297762 14.4827 0.601028 0.0195664 0.798989 -205.402 
0.796417 0.0795794 -0.599489 -255.333 -0.0739656 0.99668 0.0340417 14.5138 0.600207 0.0172302 0.799659 -203.265 
0.79661 0.082641 -0.598818 -255.889 -0.0764386 0.99643 0.0358277 14.519 0.599641 0.0172321 0.800083 -202.53 
0.804183 0.0840671 -0.588407 -257.834 -0.0785008 0.996298 0.0350555 14.5623 0.589176 0.0179994 0.807804 -199.937 
0.811832 0.0837647 -0.577851 -258.728 -0.080142 0.996275 0.0318264 14.5719 0.578365 0.0204725 0.815521 -198.701 
0.824642 0.0789556 -0.560117 -259.64 -0.0753005 0.99672 0.0296378 14.5853 0.56062 0.0177365 0.827883 -197.354 
0.843279 0.0762523 -0.53204 -260.46 -0.0751685 0.996888 0.0237333 14.5874 0.532194 0.0199789 0.846386 -196.069 
0.870055 0.0722369 -0.487634 -261.062 -0.074308 0.997121 0.0151279 14.5781 0.487322 0.023073 0.872917 -195.017 
0.885962 0.0709217 -0.458302 -261.296 -0.0738042 0.997205 0.0116425 14.5755 0.457847 0.0235098 0.88872 -194.553 
0.922084 0.0677639 -0.38101 -261.682 -0.0720418 0.997397 0.00304172 14.5592 0.380225 0.0246439 0.924566 -193.59 
0.940847 0.0655356 -0.332434 -261.822 -0.0699057 0.997553 -0.00118911 14.5506 0.331543 0.0243578 0.943126 -193.127 
0.958302 0.0647684 -0.278321 -261.931 -0.0679907 0.997684 -0.00193038 14.5413 0.277552 0.0207731 0.960486 -192.661 
0.974108 0.0653627 -0.21643 -262.03 -0.0674195 0.997722 -0.00212537 14.513 0.215798 0.0166619 0.976296 -192.071 
0.986298 0.0652294 -0.151528 -262.045 -0.0664233 0.997788 -0.00282553 14.499 0.151008 0.0128518 0.988449 -191.507 
0.998032 0.0621216 -0.00854398 -261.998 -0.0622113 0.998006 -0.0106631 14.4677 0.00786453 0.0111737 0.999907 -190.457 
0.996141 0.0602796 0.0637875 -261.903 -0.0593953 0.998112 -0.0156723 14.4521 -0.0646118 0.0118231 0.99784 -189.905 
0.97663 0.0558575 0.207542 -261.638 -0.0520712 0.998363 -0.0236662 14.4166 -0.208525 0.0123062 0.97794 -188.882 
0.959508 0.0520767 0.276824 -261.437 -0.0464175 0.998558 -0.0269616 14.3967 -0.277829 0.0130204 0.960542 -188.362 
0.907657 0.04605 0.417179 -261.095 -0.0361834 0.998848 -0.0315328 14.3511 -0.418151 0.013526 0.908277 -187.324 
0.841878 0.0384974 0.538294 -260.613 -0.0266601 0.999201 -0.0297647 14.301 -0.539009 0.0107072 0.842232 -186.417 
0.771685 0.0331173 0.635142 -259.97 -0.0214653 0.999431 -0.0260319 14.2274 -0.635642 0.00645497 0.771957 -185.612 
0.701021 0.0325561 0.712397 -259.278 -0.0203019 0.999464 -0.0256971 14.1786 -0.712851 0.0035512 0.701306 -184.813 
0.669388 0.0301695 0.7423 -258.867 -0.0182048 0.999541 -0.024208 14.1486 -0.74269 0.00269114 0.66963 -184.47 
0.581583 0.0310849 0.812893 -257.472 -0.0248959 0.999482 -0.0204084 14.0824 -0.813106 -0.00836851 0.582056 -183.425 
0.549679 0.0329716 0.834725 -256.967 -0.0284442 0.99938 -0.0207445 14.0605 -0.834891 -0.0123403 0.550276 -183.096 
0.488007 0.0372278 0.872045 -255.822 -0.0322701 0.999176 -0.0245963 14.0239 -0.872243 -0.0161378 0.488807 -182.515 
0.456661 0.0393799 0.888769 -255.189 -0.0327487 0.999087 -0.0274412 14.0102 -0.889038 -0.0165747 0.457534 -182.212 
0.398928 0.0396484 0.916125 -253.901 -0.0265953 0.999145 -0.0316604 13.966 -0.916597 -0.0117344 0.399641 -181.684 
0.372483 0.039727 0.927188 -253.251 -0.0224282 0.999177 -0.0338013 13.9568 -0.927768 -0.00820474 0.373067 -181.457 
0.346672 0.0405974 0.937107 -252.578 -0.0189801 0.999162 -0.0362643 13.944 -0.937794 -0.00521462 0.347152 -181.239 
0.296036 0.0409486 0.954299 -251.173 -0.00689799 0.999146 -0.0407332 13.8848 -0.955152 0.00547572 0.296065 -180.798 
0.272372 0.0388539 0.961407 -250.389 0.00139806 0.999167 -0.040776 13.8416 -0.962191 0.0124504 0.272091 -180.619 
0.250856 0.0345562 0.967408 -249.591 0.00708486 0.99927 -0.0375315 13.7985 -0.967999 0.0162689 0.250428 -180.449 
0.17786 0.033258 0.983494 -246.331 0.0185486 0.999138 -0.0371414 13.6484 -0.983881 0.0248484 0.17709 -179.788 
0.141825 0.0344184 0.989293 -244.566 0.0163981 0.999177 -0.0371131 13.5781 -0.989756 0.0214861 0.141144 -179.52 
0.123038 0.0332418 0.991845 -243.56 0.0203059 0.999145 -0.0360054 13.5503 -0.992194 0.0245703 0.122258 -179.383 
0.110201 0.0323666 0.993382 -242.671 0.0222931 0.999138 -0.0350272 13.5081 -0.993659 0.0260056 0.109385 -179.291 
0.0921966 0.0407023 0.994909 -240.902 0.0314285 0.998547 -0.0437636 13.42 -0.995245 0.0353034 0.0907835 -179.151 
0.0857556 0.0441797 0.995336 -240.044 0.0348989 0.99827 -0.0473168 13.3677 -0.995705 0.0387939 0.0840655 -179.096 
0.0740878 0.042806 0.996333 -238.101 0.0357836 0.998321 -0.0455523 13.2591 -0.99661 0.0390273 0.0724317 -178.943 
0.0693887 0.0406293 0.996762 -236.991 0.0361645 0.998411 -0.0432141 13.2076 -0.996934 0.039046 0.0678091 -178.862 
0.0660924 0.040241 0.997002 -236.112 0.0390033 0.998319 -0.0428797 13.167 -0.997051 0.0417204 0.0644117 -178.805 
0.0604225 0.0400284 0.99737 -234.192 0.0363903 0.998443 -0.042276 13.0772 -0.997509 0.038849 0.0588718 -178.681 
0.0582686 0.0397198 0.99751 -233.289 0.0377503 0.998406 -0.0419606 13.0349 -0.997587 0.0401013 0.0566763 -178.629 
0.0523381 0.0419616 0.997747 -231.324 0.0344568 0.998446 -0.0437985 12.937 -0.998035 0.0366716 0.0508109 -178.515 
0.0491579 0.0414452 0.997931 -230.428 0.0337532 0.998499 -0.0431315 12.9 -0.998221 0.0358036 0.0476852 -178.46 
0.0458205 0.0396214 0.998164 -229.114 0.032582 0.998622 -0.0411352 12.8293 -0.998418 0.034407 0.0444664 -178.38 
0.0382583 0.0391013 0.998503 -227.082 0.0295985 0.998751 -0.0402451 12.7224 -0.998829 0.0310938 0.0370531 -178.282 
0.0335512 0.0375243 0.998732 -226.109 0.0273286 0.998887 -0.0384482 12.6707 -0.999063 0.028584 0.0324884 -178.237 
0.0273624 0.0371366 0.998936 -224.05 0.025691 0.998953 -0.037841 12.5684 -0.999295 0.026699 0.0263797 -178.163 
0.0256132 0.0376513 0.998963 -223.059 0.0233444 0.998995 -0.0382511 12.5127 -0.999399 0.0242999 0.0247085 -178.143 
0.0237946 0.0361816 0.999062 -222.061 0.0201612 0.999124 -0.0366641 12.4558 -0.999514 0.0210147 0.0230443 -178.124 
0.0210037 0.0358261 0.999137 -220.965 0.0186426 0.99917 -0.0362192 12.4011 -0.999606 0.0193873 0.0203184 -178.096 
0.0150609 0.0383728 0.99915 -218.782 0.0160649 0.999125 -0.038614 12.2946 -0.999758 0.0166328 0.0144313 -178.047 
0.0123556 0.0370934 0.999235 -217.685 0.0144319 0.999201 -0.0372706 12.2373 -0.99982 0.0148813 0.0118104 -178.026 
0.00770167 0.0374695 0.999268 -215.506 0.0156647 0.999171 -0.0375866 12.1275 -0.999848 0.0159428 0.00710833 -178.001 
0.00578636 0.0354634 0.999354 -214.414 0.0153719 0.99925 -0.0355487 12.073 -0.999865 0.0155677 0.00523688 -177.989 
0.00214884 0.0327682 0.999461 -212.265 0.0128388 0.99938 -0.0327932 11.967 -0.999915 0.0129024 0.0017268 -177.969 
0.000492872 0.0318096 0.999494 -211.183 0.0122651 0.999419 -0.0318132 11.9164 -0.999925 0.0122746 0.000102437 -177.963 
-0.00377201 0.0266016 0.999639 -207.989 0.0147994 0.999538 -0.0265431 11.7732 -0.999883 0.014694 -0.00416396 -177.959 
-0.00515955 0.0258393 0.999653 -206.926 0.0156213 0.999546 -0.0257559 11.7284 -0.999865 0.015483 -0.00556085 -177.962 
-0.00856967 0.0304018 0.999501 -203.764 0.0153636 0.999424 -0.0302677 11.5937 -0.999845 0.0150966 -0.00903181 -177.973 
-0.00869807 0.0300225 0.999511 -202.715 0.0164141 0.999419 -0.0298769 11.5471 -0.999827 0.0161462 -0.00918581 -177.98 
-0.008576 0.0279984 0.999571 -201.666 0.0176748 0.999456 -0.0278435 11.5013 -0.999807 0.0174285 -0.0090662 -177.99 
-0.00852632 0.0254863 0.999639 -199.619 0.0199513 0.99948 -0.025312 11.4146 -0.999765 0.0197283 -0.00903038 -178.003 
-0.00846011 0.0254695 0.99964 -198.588 0.0190151 0.999499 -0.025305 11.3714 -0.999783 0.0187942 -0.00894018 -178.008 
-0.00878175 0.0260997 0.999621 -195.511 0.0169128 0.99952 -0.0259485 11.2451 -0.999818 0.0166785 -0.00921896 -178.018 
-0.00897241 0.0263607 0.999612 -194.497 0.0167395 0.999516 -0.026208 11.2037 -0.99982 0.0164979 -0.00940933 -178.022 
-0.009487 0.0264319 0.999606 -192.495 0.0191051 0.999473 -0.026247 11.1196 -0.999772 0.0188485 -0.00998699 -178.036 
-0.0100488 0.0266777 0.999594 -191.489 0.0191928 0.999465 -0.0264813 11.0787 -0.999765 0.0189189 -0.0105554 -178.044 
-0.0151211 0.0314745 0.99939 -188.513 0.018706 0.999338 -0.0311899 10.9491 -0.999711 0.018223 -0.0156998 -178.07 
-0.0227828 0.0346638 0.999139 -185.625 0.0215626 0.999183 -0.0341737 10.8085 -0.999508 0.0207654 -0.0235117 -178.124 
-0.0255643 0.0331142 0.999125 -184.689 0.0239594 0.999184 -0.0325032 10.7597 -0.999386 0.0231075 -0.0263368 -178.149 
-0.0314711 0.0305491 0.999038 -182.869 0.0262787 0.999213 -0.0297266 10.669 -0.999159 0.0253179 -0.0322491 -178.205 
-0.0454991 0.0307787 0.99849 -179.417 0.0300452 0.999115 -0.0294289 10.5003 -0.998512 0.0286608 -0.0463836 -178.345 
-0.0448863 0.0334364 0.998432 -177.802 0.0366695 0.998821 -0.0318009 10.4174 -0.998319 0.0351846 -0.0460595 -178.427 
-0.0241399 0.028767 0.999295 -174.767 0.0463822 0.998542 -0.0276249 10.2679 -0.998632 0.0456826 -0.0254389 -178.541 
-0.00119618 0.0302403 0.999542 -173.367 0.0487184 0.998358 -0.0301462 10.2003 -0.998812 0.04866 -0.00266748 -178.55 
0.0282738 0.0278153 0.999213 -172.043 0.0496687 0.998339 -0.0291964 10.1369 -0.998365 0.0504551 0.0268453 -178.516 
0.0700537 0.0222628 0.997295 -170.812 0.0514069 0.998342 -0.0258972 10.0744 -0.996218 0.053082 0.0687931 -178.428 
0.138435 0.0184484 0.9902 -169.704 0.0545845 0.998165 -0.0262279 10.018 -0.988866 0.0576804 0.137173 -178.27 
0.232285 0.0166494 0.972505 -168.718 0.0510994 0.998264 -0.0292956 9.96332 -0.971305 0.0564993 0.23103 -178.013 
0.287246 0.0160904 0.957722 -168.257 0.0469751 0.998419 -0.0308632 9.93703 -0.956704 0.0538544 0.286036 -177.844 
0.407476 0.0145269 0.9131 -167.388 0.0415591 0.998543 -0.0344322 9.88539 -0.91227 0.0519779 0.406278 -177.424 
0.47043 0.0108208 0.882371 -166.973 0.0421734 0.998507 -0.0347294 9.86176 -0.881429 0.0535504 0.469271 -177.172 
0.594434 0.00619246 0.804121 -166.215 0.0348827 0.998831 -0.0334784 9.8108 -0.803387 0.0479506 0.593523 -176.569 
0.652354 0.00915554 0.757859 -165.884 0.0270491 0.999009 -0.0353523 9.78789 -0.757431 0.0435617 0.65146 -176.219 
0.755391 0.00590117 0.655248 -165.309 0.0195442 0.999312 -0.031531 9.74525 -0.654983 0.0366245 0.754756 -175.465 
0.800301 0.00390251 0.599585 -165.059 0.0144646 0.999562 -0.0258125 9.72967 -0.599423 0.0293305 0.799894 -175.053 
0.840642 0.00510614 0.541567 -164.84 0.00641296 0.999792 -0.0193809 9.71593 -0.541553 0.0197655 0.840434 -174.617 
0.903797 0.011158 0.427815 -164.478 -0.00670019 0.999906 -0.0119242 9.67952 -0.427908 0.00791064 0.903788 -173.689 
0.926892 0.0133111 0.375092 -164.325 -0.00949699 0.999883 -0.0120154 9.66312 -0.375208 0.00757478 0.92691 -173.204 
0.959285 0.021915 0.281588 -164.084 -0.0178809 0.999697 -0.0168879 9.64375 -0.281873 0.0111653 0.959387 -172.207 
0.969511 0.0285732 0.243375 -163.988 -0.024332 0.999495 -0.0204157 9.63708 -0.243836 0.0138714 0.969717 -171.676 
0.976596 0.0388591 0.21154 -163.907 -0.0354299 0.999172 -0.0199783 9.62905 -0.212142 0.0120159 0.977165 -171.104 
0.991574 0.0369836 0.124152 -163.602 -0.0364131 0.999313 -0.00686208 9.57653 -0.124321 0.00228349 0.992239 -168.709 
0.994255 0.045618 0.0968344 -163.506 -0.0447796 0.998938 -0.0108147 9.5595 -0.0972249 0.00641634 0.995242 -167.432 
0.995213 0.0435793 0.0874765 -163.458 -0.0426316 0.99901 -0.0126746 9.54946 -0.0879422 0.00888467 0.996086 -166.807 
0.996063 0.0391659 0.0795317 -163.404 -0.0382565 0.999184 -0.0129271 9.53922 -0.0799731 0.00983362 0.996749 -166.132 
0.996949 0.0370486 0.0687052 -163.266 -0.0361113 0.999238 -0.0148341 9.49897 -0.0692024 0.0123078 0.997527 -164.003 
0.997817 0.0292379 0.0592074 -163.177 -0.0282208 0.999441 -0.0179426 9.47239 -0.0596989 0.0162325 0.998084 -162.527 
0.999066 0.0253996 0.0349526 -163.058 -0.0247609 0.999521 -0.0185855 9.40256 -0.0354079 0.0177027 0.999216 -159.318 
0.999284 0.0268267 0.0266952 -163.025 -0.0262343 0.999407 -0.0222974 9.36283 -0.0272775 0.0215811 0.999395 -157.621 
0.999603 0.0191523 0.0206731 -162.991 -0.0187196 0.999606 -0.0209226 9.32141 -0.0210657 0.0205273 0.999567 -155.859 
0.999793 0.0178131 0.0098601 -162.956 -0.0176945 0.999772 -0.0119811 9.24686 -0.0100713 0.0118042 0.99988 -152.118 
0.999657 0.0249275 0.00809075 -162.969 -0.0248579 0.999654 -0.00859553 9.23343 -0.00830222 0.00839146 0.99993 -151.11 
0.999483 0.0313248 0.0071908 -162.981 -0.0312939 0.999501 -0.00437142 9.2205 -0.00732414 0.00414413 0.999965 -150.053 
0.99933 0.0358624 0.00724719 -162.99 -0.0358354 0.99935 -0.00381542 9.20506 -0.00737932 0.00355315 0.999966 -148.991 
0.99939 0.0341216 0.00747603 -162.981 -0.0340148 0.999324 -0.0139778 9.17843 -0.00794792 0.013715 0.999874 -146.979 
0.999509 0.0304334 0.00748878 -162.974 -0.0303293 0.999447 -0.0136358 9.15695 -0.00789962 0.013402 0.999879 -146.029 
0.999336 0.0354416 0.00850374 -162.968 -0.0353437 0.99931 -0.0113989 9.0672 -0.00890187 0.0110908 0.999899 -141.849 
0.999341 0.0354207 0.00793338 -162.965 -0.0353248 0.999305 -0.0119145 9.04288 -0.00834989 0.0116264 0.999898 -140.775 
0.999451 0.0324005 0.00697032 -162.959 -0.0322904 0.99936 -0.0153716 9.02088 -0.00746391 0.0151381 0.999858 -139.703 
0.99957 0.0288742 0.0051674 -162.952 -0.0287813 0.999437 -0.0172191 8.99522 -0.00566168 0.017063 0.999838 -138.626 
0.999615 0.027705 0.00115231 -162.947 -0.0276783 0.999438 -0.0189186 8.9349 -0.0016758 0.0188794 0.99982 -136.511 
0.999538 0.0303793 0.000353927 -162.954 -0.030371 0.999433 -0.0145076 8.90558 -0.000794458 0.0144902 0.999895 -135.515 
0.999469 0.032577 0.000513331 -162.963 -0.0325693 0.999408 -0.0111048 8.87552 -0.000874787 0.0110822 0.999938 -134.454 
0.999424 0.0339341 0.000910578 -162.975 -0.0339131 0.999273 -0.0174002 8.82128 -0.00150038 0.0173593 0.999848 -132.335 
0.999686 0.0247221 0.00416556 -162.967 -0.0247003 0.999681 -0.00519992 8.71486 -0.00429279 0.00509539 0.999978 -128.101 
0.999642 0.0262925 0.00501901 -162.969 -0.0262446 0.999611 -0.00939563 8.69688 -0.0052641 0.00926054 0.999943 -127.066 
0.999364 0.0346953 0.00819557 -162.981 -0.0346249 0.999364 -0.00857706 8.6249 -0.00848794 0.00828784 0.99993 -123.984 
0.999351 0.0347973 0.00927249 -162.967 -0.0346891 0.999331 -0.0115842 8.56711 -0.00966939 0.011255 0.99989 -120.756 
0.999439 0.0317374 0.0107426 -162.95 -0.0316478 0.999464 -0.00841252 8.52514 -0.0110038 0.00806782 0.999907 -118.648 
0.999521 0.0288266 0.0112343 -162.937 -0.0287846 0.999578 -0.00387897 8.50449 -0.0113414 0.00355374 0.999929 -117.606 
0.9997 0.0215785 0.0115857 -162.911 -0.0215113 0.999751 -0.00589152 8.4766 -0.01171 0.00564053 0.999916 -115.455 
0.999864 0.0120463 0.0112548 -162.864 -0.0119617 0.9999 -0.00754747 8.41117 -0.0113446 0.00741182 0.999908 -111.095 
0.999892 0.0100348 0.0107304 -162.853 -0.00990717 0.99988 -0.0118852 8.39219 -0.0108484 0.0117776 0.999872 -109.992 
0.999887 0.010971 0.0102295 -162.846 -0.010828 0.999844 -0.0139294 8.36962 -0.0103807 0.013817 0.999851 -108.876 
0.999851 0.0140898 0.00996095 -162.843 -0.0139691 0.999829 -0.0120866 8.3469 -0.0101295 0.0119457 0.999877 -107.753 
0.999862 0.0132849 0.0099682 -162.836 -0.0132033 0.999879 -0.00819992 8.32608 -0.0100759 0.00806718 0.999917 -106.612 
0.999836 0.0150104 0.0101079 -162.827 -0.0149643 0.999877 -0.00462152 8.3081 -0.0101761 0.00446951 0.999938 -105.468 
0.999838 0.0142441 0.0110441 -162.815 -0.0142342 0.999898 -0.000974244 8.29361 -0.0110568 0.000816882 0.999939 -104.335 
0.999838 0.0134993 0.0118638 -162.802 -0.013512 0.999908 0.000995062 8.27957 -0.0118493 -0.00115521 0.999929 -103.224 
0.999828 0.0124141 0.0137755 -162.766 -0.0123233 0.999902 -0.0066538 8.23161 -0.0138568 0.00648289 0.999883 -99.7977 
0.999831 0.0129527 0.0130559 -162.742 -0.0128373 0.999878 -0.0088864 8.18959 -0.0131694 0.00871729 0.999875 -97.4949 
0.99985 0.0125498 0.0119624 -162.731 -0.012394 0.999839 -0.0130075 8.16702 -0.0121237 0.0128573 0.999844 -96.3451 
0.999872 0.0116576 0.0109652 -162.719 -0.0114995 0.999831 -0.0143757 8.13987 -0.011131 0.0142478 0.999837 -95.1941 
0.999881 0.0114899 0.0102739 -162.709 -0.0113628 0.999859 -0.0123494 8.10979 -0.0104143 0.0122312 0.999871 -94.0368 
0.999887 0.0119992 0.00904207 -162.702 -0.0119258 0.999896 -0.00813391 8.08296 -0.00913873 0.00802515 0.999926 -92.8806 
0.999905 0.0116548 0.00735048 -162.694 -0.0116237 0.999923 -0.00426351 8.0597 -0.00739961 0.00417766 0.999964 -91.7281 
0.999874 0.0147081 0.00598702 -162.693 -0.0146731 0.999875 -0.00583757 8.03588 -0.00607214 0.00574898 0.999965 -90.5897 
0.999859 0.0160395 0.00495953 -162.694 -0.0159648 0.999764 -0.0147495 8.00938 -0.00519493 0.0146683 0.999879 -89.4722 
0.999806 0.0193982 0.00333212 -162.697 -0.0193134 0.999529 -0.0238411 7.97956 -0.00379303 0.0237721 0.99971 -88.3833 
0.999849 0.0173457 0.000526285 -162.708 -0.0173382 0.999779 -0.0118596 7.87415 -0.000731881 0.0118487 0.99993 -85.2228 
0.999833 0.0182597 0.000170842 -162.712 -0.0182584 0.999816 -0.00582505 7.85079 -0.000277174 0.00582096 0.999983 -84.1706 
0.999819 0.0190066 0.000875254 -162.722 -0.0190027 0.99981 -0.00425474 7.81119 -0.000955956 0.00423734 0.999991 -82.0696 
0.999833 0.0179036 0.0035656 -162.731 -0.0178702 0.999798 -0.00917655 7.74911 -0.00372917 0.00911131 0.999952 -78.8653 
0.999772 0.0209287 0.00412794 -162.735 -0.020835 0.99955 -0.0215696 7.69461 -0.00457751 0.0214787 0.999759 -76.7332 
0.9997 0.0239648 0.00515182 -162.739 -0.0238779 0.999582 -0.0163251 7.65968 -0.00554089 0.0161972 0.999853 -75.6643 
0.999503 0.0308706 0.0063837 -162.748 -0.0308187 0.999492 -0.00808049 7.63202 -0.0066299 0.00787973 0.999947 -74.5871 
0.999429 0.0328174 0.00803954 -162.751 -0.0328291 0.99946 0.00133534 7.61316 -0.00799138 -0.00159851 0.999967 -73.5034 
0.999394 0.0331608 0.0105407 -162.742 -0.0332386 0.999421 0.00729031 7.5895 -0.0102928 -0.00763625 0.999918 -71.3451 
0.999604 0.0262155 0.0102575 -162.726 -0.0261892 0.999653 -0.00269424 7.57484 -0.0103245 0.00242454 0.999944 -70.3198 
0.99982 0.0164327 0.00944156 -162.696 -0.0161825 0.999531 -0.0259865 7.52537 -0.00986416 0.025829 0.999618 -68.2811 
0.999844 0.0150597 0.00919361 -162.686 -0.0148859 0.999715 -0.0186872 7.48983 -0.00947241 0.0185475 0.999783 -67.2529 
0.999815 0.0164742 0.00991625 -162.67 -0.0165031 0.99986 0.00283505 7.44302 -0.00986815 -0.00299817 0.999947 -65.2021 
0.999672 0.0238321 0.00935709 -162.658 -0.0239403 0.999646 0.0116266 7.42192 -0.00907669 -0.0118468 0.999889 -62.1615 
0.999597 0.0269417 0.00897783 -162.655 -0.0269773 0.999629 0.00387023 7.41582 -0.00887022 -0.00411087 0.999952 -61.1658 
0.999555 0.0261044 0.0144264 -162.625 -0.0258525 0.999515 -0.0173826 7.33059 -0.0148732 0.0170019 0.999745 -57.1869 
0.999548 0.0253735 0.0161285 -162.612 -0.0251752 0.999606 -0.0123787 7.30374 -0.0164363 0.0119671 0.999793 -56.1966 
0.99943 0.028907 0.0174364 -162.594 -0.0290329 0.999554 0.00700732 7.2635 -0.017226 -0.00750955 0.999823 -54.2223 
0.999278 0.0338545 0.0172306 -162.59 -0.034042 0.999363 0.0107059 7.25529 -0.0168572 -0.0112847 0.999794 -53.2497 
0.999069 0.0398154 0.0166134 -162.589 -0.0399423 0.999175 0.00737894 7.24647 -0.0163059 -0.00803565 0.999835 -52.2957 
0.998958 0.0429739 0.015354 -162.586 -0.0429741 0.999076 -0.000315544 7.2357 -0.0153534 -0.000344609 0.999882 -51.3555 
0.999131 0.039602 0.0129625 -162.575 -0.039479 0.999174 -0.00961441 7.21864 -0.0133326 0.00909432 0.99987 -50.4313 
0.999418 0.0329413 0.00884542 -162.556 -0.0328021 0.999342 -0.0154472 7.16781 -0.00934845 0.015148 0.999842 -48.6359 
0.9997 0.0241136 0.00421911 -162.539 -0.024085 0.999687 -0.00671813 7.09296 -0.00437979 0.0066145 0.999969 -46.0544 
0.999717 0.0236341 0.0026436 -162.538 -0.0235966 0.999632 -0.0134151 7.07281 -0.00295968 0.0133489 0.999907 -45.2406 
0.999567 0.0293883 -0.00175615 -162.561 -0.0294143 0.999417 -0.0173245 6.96752 0.00124598 0.0173686 0.999848 -42.1021 
0.99912 0.0417554 -0.00406671 -162.593 -0.041796 0.999071 -0.0104699 6.9229 0.00362576 0.0106307 0.999937 -40.6196 
0.999014 0.0436573 -0.00811203 -162.616 -0.0436505 0.999046 0.00101116 6.88516 0.00814844 -0.000656071 0.999967 -39.2093 
0.998844 0.0442761 -0.0187219 -162.669 -0.0444066 0.998992 -0.0066127 6.82898 0.0184103 0.00743643 0.999803 -36.6855 
0.998445 0.0524512 -0.0188905 -162.71 -0.0524031 0.998621 0.00303435 6.80556 0.0190236 -0.00203971 0.999817 -35.5396 
0.997854 0.0647687 0.00962268 -162.752 -0.064735 0.997895 -0.00377353 6.75712 -0.00984684 0.00314251 0.999947 -33.0082 
0.996646 0.0686229 0.0445737 -162.72 -0.0684308 0.997639 -0.00582338 6.73815 -0.044868 0.00275364 0.998989 -32.103 
0.993699 0.0574359 0.0962432 -162.614 -0.0569545 0.998347 -0.00774392 6.71799 -0.0965289 0.00221365 0.995328 -31.2707 
0.968947 0.0465671 0.242842 -162.24 -0.0433918 0.998888 -0.018411 6.65236 -0.24343 0.00730189 0.969891 -29.7338 
0.945492 0.0332685 0.323942 -161.944 -0.0265836 0.999333 -0.0250408 6.62392 -0.324559 0.0150643 0.945746 -29.0246 
0.930345 0.0299 0.365463 -161.779 -0.0216295 0.999409 -0.0267043 6.60845 -0.366046 0.0169394 0.930443 -28.6815 
0.894604 0.0231123 0.446262 -161.405 -0.0135206 0.999604 -0.0246662 6.5725 -0.446656 0.0160328 0.894562 -28.0177 
0.871881 0.020138 0.489303 -161.186 -0.00992107 0.999675 -0.023465 6.5605 -0.489617 0.0156043 0.871798 -27.6975 
0.844945 0.0178491 0.534555 -160.948 -0.00568073 0.999686 -0.0244007 6.54945 -0.534823 0.0175806 0.844781 -27.383 
0.78206 0.0137978 0.62305 -160.403 8.20757e-06 0.999755 -0.0221505 6.51374 -0.623203 0.0173282 0.781868 -26.7682 
0.745676 0.0141131 0.666159 -160.097 -2.09516e-05 0.999776 -0.0211577 6.49527 -0.666308 0.0157628 0.74551 -26.4694 
0.706158 0.0142007 0.707912 -159.768 0.00100353 0.999778 -0.0210565 6.47798 -0.708054 0.0155796 0.705986 -26.1824 
0.619202 0.0227428 0.784902 -159.047 -5.37365e-05 0.999582 -0.0289208 6.4501 -0.785232 0.0178657 0.618944 -25.6522 
0.574051 0.0274173 0.81836 -158.652 0.00112833 0.999412 -0.0342745 6.43222 -0.818819 0.0205987 0.573683 -25.4112 
0.481049 0.0333493 0.876059 -157.795 0.00438813 0.999172 -0.0404455 6.38879 -0.876683 0.0233005 0.480504 -24.9752 
0.433874 0.0334811 0.900351 -157.334 0.00453247 0.999216 -0.0393417 6.36439 -0.900962 0.0211501 0.433382 -24.7794 
0.387753 0.0319489 0.92121 -156.846 0.00520983 0.999307 -0.0368504 6.34256 -0.921749 0.0190882 0.387318 -24.6001 
0.298261 0.0278194 0.954079 -155.805 0.0133382 0.999356 -0.0333094 6.30357 -0.954391 0.0226606 0.297698 -24.3079 
0.216034 0.0289643 0.975956 -154.727 0.0128413 0.999389 -0.0325022 6.24838 -0.976301 0.0195541 0.21553 -24.0842 
0.122095 0.0396571 0.991726 -152.977 0.0263472 0.99872 -0.0431805 6.18041 -0.992169 0.0314013 0.120894 -23.8765 
0.0773887 0.0378895 0.996281 -151.686 0.0373954 0.998464 -0.0408773 6.12087 -0.996299 0.0404197 0.075853 -23.796 
0.023175 0.0336363 0.999165 -148.866 0.0480114 0.998243 -0.0347189 6.00597 -0.998578 0.048776 0.0215194 -23.7233 
0.00748131 0.0323736 0.999448 -147.324 0.0472894 0.998346 -0.0326919 5.94758 -0.998853 0.0475079 0.00593801 -23.7095 
-0.00719118 0.0413696 0.999118 -145.696 0.0554777 0.997622 -0.0409083 5.88601 -0.998434 0.0551346 -0.00946917 -23.7328 
-0.0207 0.0520239 0.998431 -142.199 0.0654236 0.996575 -0.0505708 5.71446 -0.997643 0.0642742 -0.0240327 -23.8238 
-0.021187 0.0354987 0.999145 -140.319 0.0601948 0.997602 -0.0341674 5.6274 -0.997962 0.0594194 -0.0232731 -23.8572 
-0.0210163 0.0290539 0.999357 -139.354 0.0569379 0.99799 -0.0278168 5.58788 -0.998156 0.0563167 -0.0226284 -23.8726 
-0.0215505 0.0306949 0.999296 -138.375 0.0566549 0.99796 -0.029432 5.55082 -0.998161 0.0559807 -0.0232455 -23.8912 
-0.0205908 0.0458022 0.998738 -136.401 0.0612516 0.997131 -0.0444657 5.46992 -0.99791 0.0602587 -0.0233372 -23.9387 
-0.0205866 0.0469242 0.998686 -135.401 0.0643588 0.996888 -0.045513 5.41686 -0.997714 0.0633373 -0.0235425 -23.961 
-0.020052 0.0430993 0.99887 -134.401 0.0660453 0.996945 -0.0416905 5.36441 -0.997615 0.0651346 -0.0228373 -23.9848 
-0.0163791 0.0353582 0.99924 -132.433 0.0669193 0.997172 -0.0341881 5.26794 -0.997624 0.0663085 -0.018699 -24.0193 
-0.0127278 0.0290585 0.999497 -131.425 0.0677461 0.997306 -0.0281322 5.22553 -0.997621 0.067354 -0.0146621 -24.0361 
0.000444659 0.040074 0.999197 -127.41 0.0642619 0.99713 -0.0400198 5.0451 -0.997933 0.0642281 -0.00213185 -24.0466 
0.00589143 0.0289177 0.999564 -125.415 0.0665324 0.997356 -0.0292459 4.94824 -0.997767 0.0666757 0.00395189 -24.0432 
0.00917886 0.0271577 0.999589 -123.439 0.0662639 0.997417 -0.0277072 4.85992 -0.99776 0.066491 0.00735558 -24.0261 
0.00971821 0.0478631 0.998807 -119.558 0.0690554 0.996437 -0.0484214 4.66625 -0.997565 0.0694436 0.00637838 -23.9898 
0.00744859 0.034692 0.99937 -117.612 0.0750448 0.99656 -0.0351537 4.55745 -0.997152 0.0752594 0.00481951 -23.987 
0.00428654 0.0360112 0.999342 -114.752 0.078244 0.996275 -0.0362363 4.4186 -0.996925 0.0783479 0.00145291 -23.9815 
0.00349534 0.0378105 0.999279 -111.871 0.0832692 0.995803 -0.0379702 4.27162 -0.996521 0.0833418 0.000332221 -23.9763 
0.00623772 0.0294173 0.999548 -109.991 0.0860308 0.995845 -0.0298452 4.17971 -0.996273 0.0861781 0.00368102 -23.9772 
0.00741812 0.0307213 0.9995 -109.086 0.0853862 0.995858 -0.0312431 4.13859 -0.99632 0.0855753 0.00476421 -23.9717 
0.00877903 0.0302903 0.999503 -108.192 0.0851663 0.995887 -0.0309288 4.10257 -0.996328 0.0853954 0.00616321 -23.966 
0.00977719 0.026479 0.999602 -107.257 0.0830672 0.996173 -0.0272006 4.06189 -0.996496 0.0833001 0.00754024 -23.9449 
0.0129264 0.0295146 0.999481 -102.073 0.0789472 0.996414 -0.030445 3.831 -0.996795 0.0792997 0.01055 -23.8672 
0.0106846 0.024741 0.999637 -99.7661 0.0757639 0.9968 -0.0254806 3.71703 -0.997069 0.0760086 0.00877595 -23.8355 
0.00477291 0.0216626 0.999754 -98.3662 0.076823 0.996803 -0.0219654 3.65197 -0.997033 0.0769089 0.00309347 -23.8287 
-0.011874 0.0186281 0.999756 -95.931 0.0788427 0.996731 -0.0176353 3.54437 -0.996816 0.0786141 -0.0133039 -23.8531 
-0.0231082 0.0248379 0.999424 -94.9033 0.0797174 0.996554 -0.0229234 3.50249 -0.99655 0.0791418 -0.0250085 -23.884 
-0.0730047 0.0270632 0.996964 -93.0316 0.0761128 0.996868 -0.021487 3.41956 -0.994423 0.074313 -0.0748359 -23.9918 
-0.116283 0.0270059 0.992849 -92.1323 0.0760491 0.996938 -0.0182102 3.3809 -0.9903 0.0733878 -0.11798 -24.1035 
-0.173112 0.0300589 0.984443 -91.2599 0.0791211 0.996728 -0.0165208 3.3404 -0.981719 0.0750303 -0.174924 -24.135 
-0.321388 0.0348265 0.946307 -89.5824 0.0685327 0.997558 -0.0134373 3.27592 -0.944464 0.0605344 -0.32299 -24.4987 
-0.488624 0.0407269 0.871543 -88.069 0.0552031 0.998352 -0.0157034 3.2237 -0.870746 0.0404389 -0.490067 -25.1611 
-0.529446 0.0399889 0.8474 -87.7084 0.0583615 0.998239 -0.0106434 3.20653 -0.846334 0.0438204 -0.530848 -25.2901 
-0.569493 0.0397465 0.821034 -87.3549 0.0629182 0.998008 -0.00467194 3.19109 -0.819584 0.0489973 -0.57086 -25.4459 
-0.610101 0.0356897 0.791519 -87.0013 0.0613668 0.998113 0.00229635 3.17616 -0.789944 0.049974 -0.61114 -25.6189 
-0.650022 0.0319869 0.759242 -86.6559 0.0597382 0.998173 0.00909158 3.16056 -0.757564 0.0512655 -0.650745 -25.8158 
-0.726732 0.0296272 0.686282 -85.9816 0.0553157 0.998349 0.0154767 3.15129 -0.68469 0.0492096 -0.727171 -26.6661 
-0.763645 0.0282949 0.645016 -85.6637 0.0501439 0.998621 0.0155597 3.14878 -0.643686 0.0442257 -0.764011 -27.1756 
-0.827631 0.0321802 0.56035 -85.1185 0.0430374 0.999054 0.00619125 3.15452 -0.559621 0.02924 -0.828233 -28.0126 
-0.855181 0.0403043 0.516761 -84.8866 0.0495814 0.998761 0.00415403 3.16016 -0.515953 0.0291742 -0.85612 -28.4674 
-0.879255 0.0514857 0.47356 -84.6835 0.0606575 0.99815 0.00410282 3.16562 -0.472473 0.0323324 -0.880752 -28.9383 
-0.917763 0.0585513 0.392788 -84.3164 0.0679025 0.997642 0.0099422 3.16796 -0.39128 0.0357959 -0.919575 -29.9022 
-0.933629 0.0543848 0.354089 -84.1463 0.0633097 0.9979 0.013661 3.16746 -0.352602 0.0351716 -0.935112 -30.3943 
-0.947596 0.0541227 0.314855 -83.9929 0.0626097 0.997895 0.0168965 3.17104 -0.313277 0.035724 -0.94899 -30.8999 
-0.982794 0.0579614 0.175374 -83.5925 0.0627875 0.997782 0.0220916 3.19389 -0.173704 0.0327228 -0.984254 -33.0109 
-0.991233 0.0658478 0.114546 -83.4896 0.0680201 0.997569 0.0151558 3.20328 -0.11327 0.0228144 -0.993302 -34.0829 
-0.997029 0.0732533 0.0238295 -83.4337 0.0737161 0.997095 0.0191623 3.23536 -0.0223566 0.020862 -0.999532 -36.3066 
-0.996989 0.0774469 0.00383385 -83.438 0.0775304 0.99647 0.0322025 3.2475 -0.00132633 0.0324028 -0.999474 -37.4333 
-0.995334 0.0943502 0.0201975 -83.4475 0.0949568 0.994982 0.0315414 3.3138 -0.0171202 0.0333122 -0.999298 -40.7926 
-0.993514 0.0990296 0.0558785 -83.3797 0.100635 0.994566 0.0266811 3.33258 -0.0529327 0.0321314 -0.998081 -41.9165 
-0.989262 0.0997112 0.106859 -83.248 0.103121 0.994306 0.0268627 3.3476 -0.103572 0.0375937 -0.993911 -43.0371 
-0.962546 0.0850192 0.257444 -82.7135 0.0914931 0.995718 0.0132499 3.33739 -0.255215 0.036308 -0.966202 -45.1433 
-0.949441 0.0791591 0.303801 -82.5127 0.085556 0.996303 0.00778132 3.33642 -0.302061 0.0333799 -0.952704 -45.6443 
-0.933159 0.0686722 0.352844 -82.2812 0.0739291 0.997262 0.00142648 3.33271 -0.35178 0.0274165 -0.935681 -46.124 
-0.912922 0.0555463 0.404337 -82.0204 0.0595875 0.99822 -0.00259355 3.32348 -0.403761 0.0217257 -0.914606 -46.5826 
-0.88816 0.0409764 0.457704 -81.7309 0.0445552 0.999002 -0.00297876 3.3108 -0.45737 0.0177475 -0.889099 -47.0242 
-0.826797 0.0236252 0.562004 -81.1052 0.0264501 0.999645 -0.00311022 3.28953 -0.561878 0.0122935 -0.827129 -47.8604 
-0.747076 0.0118851 0.664632 -80.3711 0.024875 0.99964 0.0100847 3.28104 -0.664273 0.0240668 -0.747103 -48.6212 
-0.703028 0.00488628 0.711145 -79.9687 0.0238212 0.999577 0.0166813 3.28087 -0.710763 0.0286678 -0.702847 -48.9542 
-0.656408 -0.00422949 0.754394 -79.539 0.0160869 0.999678 0.0196021 3.27499 -0.754234 0.0250029 -0.656129 -49.2504 
-0.551523 -7.81518e-05 0.83416 -78.6475 0.0176373 0.999775 0.011755 3.26892 -0.833973 0.0211955 -0.551398 -49.766 
-0.49414 0.010559 0.869318 -78.1932 0.0291643 0.999565 0.00443667 3.27069 -0.868893 0.0275454 -0.494233 -49.9941 
-0.37639 0.0163489 0.926317 -77.1903 0.0375231 0.999293 -0.00239017 3.26594 -0.925701 0.0338587 -0.376737 -50.3637 
-0.321116 0.0126441 0.946955 -76.6458 0.0335103 0.999436 -0.00198134 3.2552 -0.946447 0.0310965 -0.321359 -50.4936 
-0.272727 0.00818725 0.962057 -76.2152 0.0283675 0.999597 -0.000465015 3.22216 -0.961673 0.0271644 -0.272849 -50.5842 
-0.181222 0.0121268 0.983367 -74.9999 0.0271132 0.999605 -0.00733045 3.21487 -0.983068 0.0253338 -0.181479 -50.75 
-0.112478 0.0189501 0.993473 -74.098 0.0223777 0.999613 -0.0165337 3.22198 -0.993402 0.020372 -0.112859 -50.8573 
-0.0680541 0.0243603 0.997384 -72.902 0.0106291 0.999663 -0.0236907 3.20975 -0.997625 0.00898907 -0.06829 -50.9126 
-0.0233079 0.0317648 0.999224 -69.4362 0.00569356 0.999483 -0.0316403 3.11501 -0.999712 0.00495167 -0.0234767 -50.9954 
-0.025544 0.0337903 0.999102 -66.321 0.00992909 0.999388 -0.0335461 3.02245 -0.999624 0.00906327 -0.0258638 -51.0859 
-0.0270982 0.0389829 0.998872 -64.6621 0.0137851 0.999159 -0.0386201 2.98283 -0.999538 0.012723 -0.0276128 -51.1571 
-0.0292965 0.0372536 0.998876 -60.8414 0.0208774 0.99911 -0.03665 2.81987 -0.999353 0.0197802 -0.0300482 -51.2572 
-0.0278742 0.0373582 0.998913 -58.4624 0.0243942 0.999029 -0.0366818 2.69592 -0.999314 0.0233452 -0.0287584 -51.3268 
-0.0140131 0.0335906 0.999337 -54.9561 0.0251337 0.999132 -0.0332313 2.55392 -0.999586 0.0246514 -0.0148452 -51.4652 
-0.00101883 0.0315886 0.9995 -51.4896 0.0275278 0.999123 -0.0315486 2.42282 -0.999621 0.0274819 -0.0018875 -51.501 
0.0040711 0.0268229 0.999632 -50.8065 0.0274 0.999262 -0.0269245 2.41981 -0.999616 0.0274995 0.00333315 -51.5526 
0.00709965 0.026224 0.999631 -49.9089 0.0296799 0.99921 -0.0264238 2.39493 -0.999534 0.0298566 0.00631572 -51.5713 
0.0096984 0.030508 0.999487 -46.9202 0.0251035 0.999212 -0.0307432 2.28717 -0.999638 0.0253887 0.0089249 -51.5622 
0.00733705 0.0302 0.999517 -45.963 0.0215894 0.999306 -0.0303521 2.25789 -0.99974 0.0218016 0.00667996 -51.5319 
0.00498959 0.0324489 0.999461 -43.7551 0.0159244 0.999344 -0.0325246 2.15118 -0.999861 0.0160781 0.00446958 -51.5145 
0.00508786 0.0331277 0.999438 -42.813 0.0136266 0.999356 -0.0331944 2.1113 -0.999894 0.0137878 0.00463317 -51.5192 
0.00484696 0.0334995 0.999427 -41.9384 0.0136487 0.999343 -0.0335629 2.06594 -0.999895 0.0138036 0.00438656 -51.5179 
0.00259989 0.0352194 0.999376 -40.9183 0.0150519 0.999265 -0.0352547 2.00161 -0.999883 0.0151341 0.00206786 -51.5137 
0.00420391 0.0340679 0.999411 -39.2619 0.0272724 0.999044 -0.0341701 1.91448 -0.999619 0.0274 0.00327078 -51.5527 
0.0107844 0.0340199 0.999363 -36.6461 0.0350412 0.998794 -0.0343787 1.78168 -0.999328 0.0353896 0.00957931 -51.5733 
0.0145554 0.0289886 0.999474 -35.6086 0.0333868 0.999008 -0.0294613 1.74343 -0.999337 0.033798 0.0135732 -51.5535 
0.0229008 0.0269112 0.999375 -33.6635 0.0263213 0.999275 -0.0275117 1.66099 -0.999391 0.0269349 0.0221758 -51.5219 
0.0269473 0.0310626 0.999154 -33.1893 0.024992 0.999184 -0.0317375 1.66727 -0.999324 0.0258261 0.026149 -51.509 
0.032191 0.0350899 0.998866 -32.4517 0.0199678 0.999161 -0.0357438 1.61794 -0.999282 0.0210958 0.0314634 -51.5152 
0.0342336 0.0295814 0.998976 -29.4921 0.0129865 0.999464 -0.0300409 1.47151 -0.999329 0.0140016 0.0338311 -51.3867 
0.0341334 0.0273554 0.999043 -28.4792 0.00916669 0.999575 -0.0276831 1.42524 -0.999375 0.0101028 0.0338682 -51.3362 
0.0337695 0.0273365 0.999056 -27.4843 0.00601718 0.999602 -0.0275548 1.38162 -0.999412 0.00694201 0.0335916 -51.2863 
0.033601 0.0288557 0.999019 -26.5035 0.000580318 0.999582 -0.0288915 1.33918 -0.999435 0.00155053 0.0335703 -51.2359 
0.0328301 0.0283695 0.999058 -25.5407 -0.00146587 0.999597 -0.0283366 1.29781 -0.99946 -0.0005342 0.0328585 -51.1896 
0.0317655 0.0286157 0.999086 -23.7257 -0.00741523 0.999569 -0.0283938 1.2131 -0.999468 -0.00650651 0.0319641 -51.1037 
0.0300267 0.0246684 0.999245 -20.3654 -0.0106441 0.999647 -0.0243584 1.05949 -0.999492 -0.00990469 0.0302787 -50.9695 
0.0297655 0.025946 0.99922 -17.416 -0.00855714 0.999633 -0.0257018 0.918684 -0.99952 -0.00778543 0.0299766 -50.859 
0.0170948 0.0201249 0.999651 -14.3037 -0.0104676 0.999746 -0.0199478 0.768016 -0.999799 -0.0101229 0.0173011 -50.7612 
-0.00255703 0.0177224 0.99984 -12.7827 -0.00818214 0.999809 -0.0177428 0.693991 -0.999963 -0.0082262 -0.00241153 -50.7528 
-0.0292683 0.0230337 0.999306 -11.5538 -0.00367869 0.999725 -0.0231511 0.633002 -0.999565 -0.00435373 -0.0291755 -50.7883 
-0.0578714 0.0299572 0.997874 -10.5651 0.000217312 0.99955 -0.0299949 0.579321 -0.998324 -0.001519 -0.0578518 -50.8497 
-0.08916 0.0383275 0.99528 -9.7824 0.00652419 0.99926 -0.0378963 0.528086 -0.995996 0.00311456 -0.0893441 -50.9347 
-0.124608 0.0464351 0.991119 -9.1197 0.00907897 0.998916 -0.045659 0.492072 -0.992165 0.00330886 -0.124894 -51.0726 
-0.178295 0.0516144 0.982622 -8.49551 0.0112668 0.998665 -0.0504127 0.457039 -0.983913 0.00208268 -0.178639 -51.2138 
-0.24009 0.043269 0.969786 -7.88917 0.018952 0.999025 -0.0398816 0.415551 -0.970566 0.00880419 -0.240676 -51.4052 
-0.347023 0.0583223 0.936041 -7.05178 0.0298563 0.998246 -0.0511293 0.367869 -0.937381 0.0102037 -0.348156 -51.7627 
-0.41491 0.0538939 0.908265 -6.55522 0.0412438 0.998332 -0.0403975 0.34786 -0.908927 0.0206989 -0.416441 -52.0933 
-0.577584 0.0358794 0.815542 -5.46085 0.0403188 0.999068 -0.015399 0.318411 -0.815335 0.0239875 -0.578493 -52.9331 
-0.706227 0.0396517 0.706874 -4.68534 0.0498719 0.998736 -0.00619738 0.298593 -0.706227 0.0308764 -0.707312 -53.8396 
-0.748842 0.0442243 0.661271 -4.44801 0.051573 0.998634 -0.00838364 0.309745 -0.660739 0.0278257 -0.7501 -54.2234 
-0.828926 0.0452724 0.557524 -3.99275 0.0491936 0.998758 -0.00796079 0.324727 -0.557191 0.0208277 -0.830123 -55.0307 
-0.863683 0.0459492 0.501936 -3.79181 0.051289 0.998679 -0.00316985 0.338535 -0.501419 0.0230061 -0.864899 -55.509 
-0.894232 0.0484151 0.444977 -3.62728 0.0552353 0.998471 0.00236439 0.338177 -0.444182 0.0266927 -0.895539 -55.9357 
-0.942001 0.0542498 0.331198 -3.33903 0.0614049 0.99805 0.0111699 0.340777 -0.329946 0.0308592 -0.943495 -56.913 
-0.959748 0.0550615 0.275414 -3.23274 0.0604644 0.998108 0.0111587 0.353368 -0.274278 0.0273622 -0.961261 -57.4239 
-0.973829 0.054718 0.220595 -3.14654 0.0587603 0.998202 0.0117994 0.36727 -0.219553 0.0244528 -0.975294 -57.9636 
-0.991189 0.0528952 0.121436 -3.02695 0.0556409 0.998264 0.0193291 0.3859 -0.120203 0.0259156 -0.992411 -59.1838 
