-9.954390e-01 7.129491e-02 6.338987e-02 -1.373912e+01 7.389359e-02 9.964780e-01 3.963932e-02 -4.511093e+00 -6.034052e-02 4.414262e-02 -9.972013e-01 1.990451e+02
-9.953862e-01 7.186251e-02 6.357821e-02 -1.366580e+01 7.449041e-02 9.964202e-01 3.997353e-02 -4.484373e+00 -6.047801e-02 4.452506e-02 -9.971759e-01 1.978919e+02
-9.954351e-01 7.121114e-02 6.354601e-02 -1.359150e+01 7.389669e-02 9.964244e-01 4.095963e-02 -4.461457e+00 -6.040201e-02 4.546849e-02 -9.971380e-01 1.967326e+02
-9.955612e-01 6.994617e-02 6.297265e-02 -1.351493e+01 7.265320e-02 9.964820e-01 4.177335e-02 -4.432709e+00 -5.982922e-02 4.616309e-02 -9.971406e-01 1.955722e+02
-9.957100e-01 6.833713e-02 6.238295e-02 -1.343473e+01 7.104753e-02 9.965750e-01 4.231351e-02 -4.406072e+00 -5.927770e-02 4.656414e-02 -9.971549e-01 1.944028e+02
-9.959128e-01 6.632279e-02 6.131195e-02 -1.335421e+01 6.899516e-02 9.967093e-01 4.254637e-02 -4.381680e+00 -5.828840e-02 4.660269e-02 -9.972114e-01 1.932295e+02
-9.960885e-01 6.494764e-02 5.991293e-02 -1.327544e+01 6.750041e-02 9.968510e-01 4.161449e-02 -4.356643e+00 -5.702150e-02 4.549586e-02 -9.973357e-01 1.920549e+02
-9.962335e-01 6.417577e-02 5.831182e-02 -1.319833e+01 6.660458e-02 9.969487e-01 4.070791e-02 -4.332718e+00 -5.552143e-02 4.443841e-02 -9.974680e-01 1.908763e+02
-9.963532e-01 6.379072e-02 5.666649e-02 -1.312607e+01 6.616707e-02 9.969618e-01 4.109736e-02 -4.306670e+00 -5.387270e-02 4.469693e-02 -9.975469e-01 1.896900e+02
-9.964024e-01 6.434789e-02 5.515069e-02 -1.305200e+01 6.680852e-02 9.967953e-01 4.399722e-02 -4.285346e+00 -5.214282e-02 4.752346e-02 -9.975082e-01 1.884996e+02
-9.964679e-01 6.439028e-02 5.390480e-02 -1.298336e+01 6.699077e-02 9.966026e-01 4.791070e-02 -4.253796e+00 -5.063667e-02 5.135259e-02 -9.973960e-01 1.872995e+02
-9.965055e-01 6.501694e-02 5.243767e-02 -1.291699e+01 6.763714e-02 9.964641e-01 4.984429e-02 -4.220079e+00 -4.901153e-02 5.321683e-02 -9.973794e-01 1.860940e+02
-9.965331e-01 6.594263e-02 5.072826e-02 -1.285457e+01 6.849215e-02 9.963839e-01 5.027770e-02 -4.178980e+00 -4.722938e-02 5.357787e-02 -9.974461e-01 1.848847e+02
-9.966056e-01 6.602274e-02 4.917591e-02 -1.279407e+01 6.843616e-02 9.964452e-01 4.912557e-02 -4.140603e+00 -4.575770e-02 5.232422e-02 -9.975812e-01 1.836729e+02
-9.966002e-01 6.738282e-02 4.741049e-02 -1.273190e+01 6.962713e-02 9.964466e-01 4.739500e-02 -4.103990e+00 -4.404841e-02 5.053491e-02 -9.977504e-01 1.824501e+02
-9.965373e-01 6.923428e-02 4.604472e-02 -1.267514e+01 7.136241e-02 9.963752e-01 4.630206e-02 -4.065229e+00 -4.267213e-02 4.942758e-02 -9.978657e-01 1.812202e+02
-9.964261e-01 7.174208e-02 4.458941e-02 -1.262118e+01 7.376311e-02 9.962389e-01 4.546410e-02 -4.027475e+00 -4.116002e-02 4.859066e-02 -9.979703e-01 1.799874e+02
-9.962973e-01 7.431542e-02 4.323151e-02 -1.256693e+01 7.621845e-02 9.961121e-01 4.417433e-02 -3.991746e+00 -3.978060e-02 4.730580e-02 -9.980879e-01 1.787452e+02
-9.962323e-01 7.572461e-02 4.227339e-02 -1.250803e+01 7.751599e-02 9.960857e-01 4.247850e-02 -3.960138e+00 -3.889125e-02 4.559531e-02 -9.982026e-01 1.775020e+02
-9.962535e-01 7.594410e-02 4.137134e-02 -1.245081e+01 7.763843e-02 9.961376e-01 4.101309e-02 -3.927740e+00 -3.809684e-02 4.407143e-02 -9.983017e-01 1.762461e+02
-9.963806e-01 7.484723e-02 4.029417e-02 -1.239605e+01 7.650981e-02 9.962076e-01 4.143279e-02 -3.895038e+00 -3.704022e-02 4.436572e-02 -9.983284e-01 1.749872e+02
-9.965700e-01 7.267309e-02 3.958545e-02 -1.234119e+01 7.440862e-02 9.962438e-01 4.429050e-02 -3.859344e+00 -3.621803e-02 4.708407e-02 -9.982341e-01 1.737187e+02
-9.967878e-01 6.994415e-02 3.901255e-02 -1.228401e+01 7.173826e-02 9.963316e-01 4.665770e-02 -3.823790e+00 -3.560600e-02 4.930651e-02 -9.981488e-01 1.724501e+02
-9.968291e-01 6.959328e-02 3.858233e-02 -1.222752e+01 7.130737e-02 9.964393e-01 4.498870e-02 -3.789130e+00 -3.531404e-02 4.759724e-02 -9.982421e-01 1.711789e+02
-9.967983e-01 7.014577e-02 3.837800e-02 -1.217501e+01 7.172342e-02 9.965649e-01 4.140270e-02 -3.753055e+00 -3.534194e-02 4.402273e-02 -9.984051e-01 1.698980e+02
-9.967383e-01 7.092261e-02 3.850635e-02 -1.212392e+01 7.243228e-02 9.965973e-01 3.933729e-02 -3.718784e+00 -3.558542e-02 4.199808e-02 -9.984837e-01 1.686150e+02
-9.966624e-01 7.176217e-02 3.891486e-02 -1.207148e+01 7.326825e-02 9.965586e-01 3.876355e-02 -3.687339e+00 -3.599918e-02 4.148539e-02 -9.984903e-01 1.673260e+02
-9.965866e-01 7.250476e-02 3.947590e-02 -1.201825e+01 7.413206e-02 9.963867e-01 4.144863e-02 -3.654372e+00 -3.632804e-02 4.423357e-02 -9.983604e-01 1.660281e+02
-9.965516e-01 7.264605e-02 4.009448e-02 -1.196120e+01 7.441859e-02 9.962273e-01 4.464387e-02 -3.624176e+00 -3.670001e-02 4.747368e-02 -9.981980e-01 1.647280e+02
-9.964585e-01 7.364473e-02 4.058204e-02 -1.190192e+01 7.542380e-02 9.961713e-01 4.420445e-02 -3.591375e+00 -3.717123e-02 4.710875e-02 -9.981979e-01 1.634318e+02
-9.963913e-01 7.421798e-02 4.118428e-02 -1.184135e+01 7.598927e-02 9.961701e-01 4.325200e-02 -3.554551e+00 -3.781647e-02 4.622547e-02 -9.982149e-01 1.621341e+02
-9.963561e-01 7.438640e-02 4.172768e-02 -1.177885e+01 7.616290e-02 9.961792e-01 4.273363e-02 -3.523863e+00 -3.838944e-02 4.575600e-02 -9.982147e-01 1.608345e+02
-9.962880e-01 7.494299e-02 4.235494e-02 -1.172026e+01 7.672619e-02 9.961599e-01 4.217127e-02 -3.495831e+00 -3.903185e-02 4.526446e-02 -9.982122e-01 1.595304e+02
-9.962547e-01 7.500587e-02 4.302109e-02 -1.165518e+01 7.680993e-02 9.961634e-01 4.193594e-02 -3.475071e+00 -3.971059e-02 4.508331e-02 -9.981936e-01 1.582205e+02
-9.962885e-01 7.416001e-02 4.369938e-02 -1.159110e+01 7.603687e-02 9.961784e-01 4.297618e-02 -3.449080e+00 -4.034526e-02 4.613943e-02 -9.981199e-01 1.569119e+02
-9.962911e-01 7.369567e-02 4.441888e-02 -1.152805e+01 7.564548e-02 9.961662e-01 4.393995e-02 -3.427408e+00 -4.101040e-02 4.713706e-02 -9.980462e-01 1.556018e+02
-9.963031e-01 7.297865e-02 4.532553e-02 -1.146658e+01 7.499232e-02 9.961934e-01 4.443854e-02 -3.404632e+00 -4.190993e-02 4.767332e-02 -9.979833e-01 1.542873e+02
-9.962748e-01 7.279099e-02 4.623878e-02 -1.140471e+01 7.489538e-02 9.961511e-01 4.553618e-02 -3.379760e+00 -4.274619e-02 4.882961e-02 -9.978919e-01 1.529761e+02
-9.962278e-01 7.287466e-02 4.711133e-02 -1.134344e+01 7.505487e-02 9.961042e-01 4.629416e-02 -3.361264e+00 -4.355412e-02 4.965545e-02 -9.978162e-01 1.516424e+02
-9.961849e-01 7.285137e-02 4.804677e-02 -1.128131e+01 7.508169e-02 9.960985e-01 4.637312e-02 -3.336424e+00 -4.448096e-02 4.980362e-02 -9.977680e-01 1.503200e+02
-9.961416e-01 7.292889e-02 4.881951e-02 -1.121753e+01 7.516300e-02 9.961278e-01 4.560633e-02 -3.312790e+00 -4.530445e-02 4.909977e-02 -9.977658e-01 1.489982e+02
-9.960832e-01 7.324312e-02 4.953564e-02 -1.114296e+01 7.546769e-02 9.961487e-01 4.463524e-02 -3.265873e+00 -4.607564e-02 4.819875e-02 -9.977744e-01 1.476896e+02
-9.960388e-01 7.327843e-02 5.036998e-02 -1.105762e+01 7.554981e-02 9.961363e-01 4.477304e-02 -3.207848e+00 -4.689447e-02 4.840112e-02 -9.977265e-01 1.463791e+02
-9.959557e-01 7.396547e-02 5.100468e-02 -1.097994e+01 7.627722e-02 9.960719e-01 4.497192e-02 -3.164960e+00 -4.747796e-02 4.868052e-02 -9.976853e-01 1.450648e+02
-9.959725e-01 7.318364e-02 5.179774e-02 -1.089652e+01 7.550720e-02 9.961554e-01 4.441888e-02 -3.120438e+00 -4.834786e-02 4.815108e-02 -9.976692e-01 1.437492e+02
-9.960276e-01 7.178739e-02 5.268533e-02 -1.081524e+01 7.413313e-02 9.962769e-01 4.400659e-02 -3.079246e+00 -4.933006e-02 4.773750e-02 -9.976410e-01 1.424436e+02
-9.960538e-01 7.087358e-02 5.342194e-02 -1.073215e+01 7.335144e-02 9.962474e-01 4.594267e-02 -3.035455e+00 -4.996534e-02 4.967994e-02 -9.975145e-01 1.411379e+02
-9.961426e-01 6.913243e-02 5.404403e-02 -1.065026e+01 7.195440e-02 9.960441e-01 5.214031e-02 -2.995802e+00 -5.022565e-02 5.582788e-02 -9.971763e-01 1.398272e+02
-9.960495e-01 6.973046e-02 5.498337e-02 -1.057055e+01 7.281400e-02 9.957593e-01 5.622763e-02 -2.953729e+00 -5.082942e-02 6.000905e-02 -9.969028e-01 1.385179e+02
-9.959282e-01 7.056879e-02 5.609982e-02 -1.049042e+01 7.370374e-02 9.957107e-01 5.592734e-02 -2.907447e+00 -5.191247e-02 5.983437e-02 -9.968575e-01 1.372165e+02
-9.958169e-01 7.156016e-02 5.681466e-02 -1.041078e+01 7.461969e-02 9.957657e-01 5.369004e-02 -2.860157e+00 -5.273202e-02 5.770493e-02 -9.969400e-01 1.359273e+02
-9.957630e-01 7.161020e-02 5.768947e-02 -1.033398e+01 7.467311e-02 9.958086e-01 5.281123e-02 -2.818003e+00 -5.366585e-02 5.689531e-02 -9.969367e-01 1.346391e+02
-9.956926e-01 7.185240e-02 5.859737e-02 -1.026756e+01 7.499671e-02 9.957556e-01 5.335090e-02 -2.782459e+00 -5.451527e-02 5.751569e-02 -9.968550e-01 1.333539e+02
-9.955485e-01 7.307127e-02 5.953011e-02 -1.019703e+01 7.634218e-02 9.955824e-01 5.465886e-02 -2.769770e+00 -5.527313e-02 5.896019e-02 -9.967289e-01 1.320608e+02
-9.954176e-01 7.415226e-02 6.037700e-02 -1.012324e+01 7.752538e-02 9.954397e-01 5.558409e-02 -2.741915e+00 -5.597997e-02 6.001012e-02 -9.966268e-01 1.307858e+02
-9.952523e-01 7.597763e-02 6.083024e-02 -1.005361e+01 7.944774e-02 9.952185e-01 5.681686e-02 -2.722968e+00 -5.622257e-02 6.137993e-02 -9.965297e-01 1.295177e+02
-9.952297e-01 7.600679e-02 6.116269e-02 -9.983675e+00 7.946414e-02 9.952504e-01 5.623136e-02 -2.704977e+00 -5.659822e-02 6.082335e-02 -9.965425e-01 1.282716e+02
-9.952049e-01 7.641744e-02 6.105434e-02 -9.914350e+00 7.971245e-02 9.953818e-01 5.348805e-02 -2.693324e+00 -5.668495e-02 5.809835e-02 -9.967002e-01 1.270275e+02
-9.953209e-01 7.534886e-02 6.048868e-02 -9.842207e+00 7.847462e-02 9.956068e-01 5.107690e-02 -2.676072e+00 -5.637435e-02 5.558473e-02 -9.968612e-01 1.257959e+02
-9.955321e-01 7.262602e-02 6.034348e-02 -9.768507e+00 7.570540e-02 9.958550e-01 5.041391e-02 -2.668058e+00 -5.643199e-02 5.475698e-02 -9.969037e-01 1.245864e+02
-9.956184e-01 7.193217e-02 5.974740e-02 -9.696148e+00 7.493906e-02 9.959484e-01 4.970876e-02 -2.675813e+00 -5.592966e-02 5.396837e-02 -9.969750e-01 1.233957e+02
-9.957201e-01 7.142144e-02 5.865536e-02 -9.626526e+00 7.438912e-02 9.959714e-01 5.007235e-02 -2.673222e+00 -5.484281e-02 5.422136e-02 -9.970217e-01 1.222269e+02
-9.958299e-01 7.075025e-02 5.759566e-02 -9.557928e+00 7.363915e-02 9.960466e-01 4.968260e-02 -2.676765e+00 -5.385291e-02 5.371670e-02 -9.971029e-01 1.210553e+02
-9.958620e-01 7.110237e-02 5.659893e-02 -9.493383e+00 7.390922e-02 9.960532e-01 4.914614e-02 -2.664828e+00 -5.288114e-02 5.312595e-02 -9.971866e-01 1.199144e+02
-9.959578e-01 7.065617e-02 5.546017e-02 -9.430385e+00 7.342022e-02 9.960723e-01 4.949069e-02 -2.656282e+00 -5.174551e-02 5.336253e-02 -9.972335e-01 1.187910e+02
-9.960527e-01 7.026569e-02 5.423830e-02 -9.369618e+00 7.295424e-02 9.961165e-01 4.929064e-02 -2.640186e+00 -5.056422e-02 5.305298e-02 -9.973106e-01 1.176937e+02
-9.961715e-01 6.950390e-02 5.302564e-02 -9.310280e+00 7.208599e-02 9.962213e-01 4.844310e-02 -2.629674e+00 -4.945828e-02 5.208003e-02 -9.974174e-01 1.166077e+02
-9.961917e-01 7.005536e-02 5.190701e-02 -9.254439e+00 7.254160e-02 9.962255e-01 4.766941e-02 -2.616277e+00 -4.837159e-02 5.125328e-02 -9.975135e-01 1.155322e+02
-9.962258e-01 7.034187e-02 5.085580e-02 -9.200535e+00 7.277434e-02 9.962083e-01 4.767399e-02 -2.603835e+00 -4.730949e-02 5.119504e-02 -9.975674e-01 1.144721e+02
-9.961880e-01 7.172591e-02 4.964830e-02 -9.151332e+00 7.409011e-02 9.961178e-01 4.753843e-02 -2.588856e+00 -4.604582e-02 5.103565e-02 -9.976347e-01 1.134423e+02
-9.961531e-01 7.289656e-02 4.863228e-02 -9.105417e+00 7.521117e-02 9.960312e-01 4.759325e-02 -2.570260e+00 -4.496988e-02 5.106784e-02 -9.976822e-01 1.124364e+02
-9.961733e-01 7.332033e-02 4.757049e-02 -9.061229e+00 7.562751e-02 9.959480e-01 4.866140e-02 -2.551094e+00 -4.380986e-02 5.207281e-02 -9.976818e-01 1.114494e+02
-9.962187e-01 7.340937e-02 4.647002e-02 -9.017561e+00 7.568432e-02 9.959148e-01 4.924961e-02 -2.534579e+00 -4.266480e-02 5.258043e-02 -9.977048e-01 1.104820e+02
-9.962591e-01 7.354235e-02 4.538023e-02 -8.973774e+00 7.579749e-02 9.958611e-01 5.015305e-02 -2.518585e+00 -4.150404e-02 5.340513e-02 -9.977100e-01 1.095389e+02
-9.963828e-01 7.264441e-02 4.409188e-02 -8.931383e+00 7.484917e-02 9.959102e-01 5.060113e-02 -2.500910e+00 -4.023567e-02 5.371832e-02 -9.977451e-01 1.086310e+02
-9.965194e-01 7.152238e-02 4.282180e-02 -8.888960e+00 7.370262e-02 9.959389e-01 5.170601e-02 -2.499823e+00 -3.894976e-02 5.468211e-02 -9.977438e-01 1.077448e+02
-9.965622e-01 7.156850e-02 4.173568e-02 -8.850383e+00 7.373292e-02 9.958762e-01 5.285779e-02 -2.490803e+00 -3.778062e-02 5.575336e-02 -9.977295e-01 1.068841e+02
-9.966037e-01 7.157097e-02 4.072852e-02 -8.810192e+00 7.374684e-02 9.957759e-01 5.469652e-02 -2.484177e+00 -3.664179e-02 5.751434e-02 -9.976720e-01 1.060361e+02
-9.965274e-01 7.286890e-02 4.029183e-02 -8.774269e+00 7.507494e-02 9.955897e-01 5.625643e-02 -2.471963e+00 -3.601478e-02 5.908597e-02 -9.976030e-01 1.052229e+02
-9.963119e-01 7.520760e-02 4.130905e-02 -8.743349e+00 7.752694e-02 9.953162e-01 5.775139e-02 -2.456480e+00 -3.677222e-02 6.074095e-02 -9.974759e-01 1.044293e+02
-9.958914e-01 7.849169e-02 4.515929e-02 -8.714586e+00 8.103601e-02 9.950467e-01 5.757750e-02 -2.438815e+00 -4.041625e-02 6.100046e-02 -9.973191e-01 1.036667e+02
-9.951967e-01 8.263177e-02 5.249461e-02 -8.679794e+00 8.558221e-02 9.947170e-01 5.668933e-02 -2.425206e+00 -4.753294e-02 6.090963e-02 -9.970108e-01 1.029180e+02
-9.941419e-01 8.671496e-02 6.451678e-02 -8.637154e+00 9.037707e-02 9.943213e-01 5.618827e-02 -2.411937e+00 -5.927805e-02 6.168994e-02 -9.963335e-01 1.021865e+02
-9.927004e-01 8.903931e-02 8.135159e-02 -8.579986e+00 9.370763e-02 9.940524e-01 5.548560e-02 -2.398460e+00 -7.592734e-02 6.270383e-02 -9.951398e-01 1.014891e+02
-9.906796e-01 9.047763e-02 1.018221e-01 -8.504861e+00 9.642566e-02 9.938147e-01 5.508541e-02 -2.388482e+00 -9.620829e-02 6.439024e-02 -9.932763e-01 1.008128e+02
-9.877818e-01 9.109262e-02 1.264489e-01 -8.410845e+00 9.849788e-02 9.936933e-01 5.358900e-02 -2.378517e+00 -1.207698e-01 6.538917e-02 -9.905245e-01 1.001642e+02
-9.833359e-01 9.348022e-02 1.559230e-01 -8.297513e+00 1.024351e-01 9.934619e-01 5.040344e-02 -2.373526e+00 -1.501918e-01 6.553548e-02 -9.864823e-01 9.952950e+01
-9.776056e-01 9.280749e-02 1.888760e-01 -8.163715e+00 1.035149e-01 9.934874e-01 4.761647e-02 -2.367550e+00 -1.832268e-01 6.610159e-02 -9.808458e-01 9.891972e+01
-9.701360e-01 9.043999e-02 2.250708e-01 -8.004362e+00 1.027903e-01 9.937405e-01 4.374899e-02 -2.365664e+00 -2.197053e-01 6.557753e-02 -9.733597e-01 9.833881e+01
-9.609776e-01 8.558626e-02 2.630533e-01 -7.822238e+00 9.957581e-02 9.942138e-01 4.029245e-02 -2.363865e+00 -2.580828e-01 6.491388e-02 -9.639395e-01 9.778786e+01
-9.499461e-01 7.969838e-02 3.020771e-01 -7.618518e+00 9.535430e-02 9.947400e-01 3.741516e-02 -2.365779e+00 -2.975063e-01 6.434673e-02 -9.525489e-01 9.724366e+01
-9.360883e-01 7.451328e-02 3.437827e-01 -7.391983e+00 9.209469e-02 9.951323e-01 3.507498e-02 -2.368503e+00 -3.394957e-01 6.449383e-02 -9.383939e-01 9.672212e+01
-9.195393e-01 6.644626e-02 3.873401e-01 -7.139675e+00 8.604633e-02 9.957291e-01 3.346023e-02 -2.371668e+00 -3.834625e-01 6.409718e-02 -9.213294e-01 9.622046e+01
-9.001217e-01 5.680061e-02 4.319198e-01 -6.858427e+00 7.819436e-02 9.964270e-01 3.191973e-02 -2.377152e+00 -4.285634e-01 6.250532e-02 -9.013470e-01 9.572524e+01
-8.770849e-01 4.699130e-02 4.780313e-01 -6.558989e+00 7.063488e-02 9.970018e-01 3.159283e-02 -2.382497e+00 -4.751135e-01 6.147527e-02 -8.777744e-01 9.526713e+01
-8.504074e-01 3.805485e-02 5.247468e-01 -6.241788e+00 6.375191e-02 9.974848e-01 3.097865e-02 -2.391400e+00 -5.222480e-01 5.979807e-02 -8.506945e-01 9.482915e+01
-8.208033e-01 3.049720e-02 5.703963e-01 -5.899838e+00 5.886994e-02 9.977727e-01 3.136653e-02 -2.396299e+00 -5.681693e-01 5.932493e-02 -8.207705e-01 9.439238e+01
-7.883662e-01 2.270087e-02 6.147874e-01 -5.538427e+00 5.370952e-02 9.980430e-01 3.202133e-02 -2.402837e+00 -6.128573e-01 5.826445e-02 -7.880426e-01 9.399153e+01
-7.519757e-01 1.698164e-02 6.589721e-01 -5.158326e+00 5.106535e-02 9.981647e-01 3.254981e-02 -2.408911e+00 -6.572099e-01 5.812730e-02 -7.514627e-01 9.362076e+01
-7.112647e-01 1.414579e-02 7.027820e-01 -4.759829e+00 5.104987e-02 9.981968e-01 3.157407e-02 -2.414550e+00 -7.010681e-01 5.833444e-02 -7.107043e-01 9.325390e+01
-6.682819e-01 1.388988e-02 7.437785e-01 -4.350995e+00 5.322919e-02 9.981557e-01 2.918587e-02 -2.417305e+00 -7.420013e-01 5.909511e-02 -6.677886e-01 9.293117e+01
-6.228704e-01 1.465697e-02 7.821878e-01 -3.910527e+00 5.456684e-02 9.982034e-01 2.474779e-02 -2.412408e+00 -7.804197e-01 5.809617e-02 -6.225511e-01 9.263366e+01
-5.752228e-01 1.473772e-02 8.178641e-01 -3.450087e+00 5.406313e-02 9.983365e-01 2.003404e-02 -2.407850e+00 -8.162083e-01 5.574031e-02 -5.750626e-01 9.234876e+01
-5.261793e-01 1.216376e-02 8.502867e-01 -2.971838e+00 5.327719e-02 9.984049e-01 1.868662e-02 -2.408021e+00 -8.487031e-01 5.513339e-02 -5.259880e-01 9.210569e+01
-4.750880e-01 9.326973e-03 8.798889e-01 -2.475933e+00 5.099495e-02 9.985550e-01 1.694940e-02 -2.410053e+00 -8.784594e-01 5.292234e-02 -4.748771e-01 9.187573e+01
-4.226279e-01 6.764292e-03 9.062781e-01 -1.973871e+00 4.659141e-02 9.988120e-01 1.427218e-02 -2.417222e+00 -9.051049e-01 4.825658e-02 -4.224410e-01 9.169173e+01
-3.702129e-01 6.034494e-03 9.289274e-01 -1.461824e+00 4.572878e-02 9.988849e-01 1.173570e-02 -2.425884e+00 -9.278207e-01 4.682341e-02 -3.700760e-01 9.152700e+01
-3.190705e-01 7.948320e-03 9.476977e-01 -9.535855e-01 4.679551e-02 9.988772e-01 7.377527e-03 -2.435403e+00 -9.465749e-01 4.670193e-02 -3.190842e-01 9.137699e+01
-2.707671e-01 1.132841e-02 9.625783e-01 -4.368032e-01 4.725783e-02 9.988815e-01 1.537664e-03 -2.446763e+00 -9.614842e-01 4.590570e-02 -2.709996e-01 9.126186e+01
-2.261652e-01 1.067749e-02 9.740305e-01 8.493472e-02 3.975518e-02 9.992079e-01 -1.722539e-03 -2.456413e+00 -9.732773e-01 3.833317e-02 -2.264105e-01 9.118058e+01
-1.860257e-01 8.681791e-03 9.825066e-01 6.102987e-01 3.606891e-02 9.993473e-01 -2.001399e-03 -2.466161e+00 -9.818826e-01 3.506562e-02 -1.862174e-01 9.109177e+01
-1.504744e-01 1.003583e-02 9.885630e-01 1.138073e+00 3.389616e-02 9.994129e-01 -4.986469e-03 -2.480120e+00 -9.880326e-01 3.275815e-02 -1.507262e-01 9.102634e+01
-1.206036e-01 1.253365e-02 9.926217e-01 1.669864e+00 3.609708e-02 9.993144e-01 -8.232369e-03 -2.501031e+00 -9.920442e-01 3.483788e-02 -1.209733e-01 9.096038e+01
-9.649840e-02 1.447502e-02 9.952279e-01 2.208440e+00 3.664238e-02 9.992681e-01 -1.098090e-02 -2.524745e+00 -9.946584e-01 3.540787e-02 -9.695816e-02 9.091501e+01
-7.720147e-02 1.815333e-02 9.968503e-01 2.751248e+00 3.393141e-02 9.993028e-01 -1.557017e-02 -2.544208e+00 -9.964379e-01 3.262248e-02 -7.776361e-02 9.088197e+01
-6.177846e-02 2.661506e-02 9.977350e-01 3.299026e+00 3.328086e-02 9.991434e-01 -2.459193e-02 -2.557680e+00 -9.975348e-01 3.168622e-02 -6.261131e-02 9.084272e+01
-5.011074e-02 2.866767e-02 9.983322e-01 3.858709e+00 3.535214e-02 9.990125e-01 -2.691273e-02 -2.572712e+00 -9.981178e-01 3.394455e-02 -5.107471e-02 9.080590e+01
-4.104311e-02 2.556380e-02 9.988303e-01 4.431705e+00 3.833365e-02 9.989769e-01 -2.399238e-02 -2.590718e+00 -9.984217e-01 3.730408e-02 -4.198107e-02 9.076614e+01
-3.414277e-02 2.062906e-02 9.992041e-01 5.016199e+00 3.918087e-02 9.990460e-01 -1.928700e-02 -2.612554e+00 -9.986486e-01 3.849116e-02 -3.491846e-02 9.073841e+01
-2.960733e-02 1.776081e-02 9.994038e-01 5.610331e+00 3.861348e-02 9.991161e-01 -1.661178e-02 -2.632315e+00 -9.988155e-01 3.809862e-02 -3.026696e-02 9.071049e+01
-2.786768e-02 1.757846e-02 9.994571e-01 6.211745e+00 3.866760e-02 9.991160e-01 -1.649431e-02 -2.650403e+00 -9.988634e-01 3.818693e-02 -2.852275e-02 9.068357e+01
-2.722461e-02 1.829836e-02 9.994619e-01 6.821468e+00 4.119832e-02 9.990035e-01 -1.716776e-02 -2.665408e+00 -9.987800e-01 4.070875e-02 -2.795134e-02 9.064843e+01
-2.616227e-02 1.900282e-02 9.994771e-01 7.446192e+00 4.497527e-02 9.988292e-01 -1.781324e-02 -2.681728e+00 -9.986454e-01 4.448571e-02 -2.698630e-02 9.061850e+01
-2.567020e-02 2.032244e-02 9.994639e-01 8.081090e+00 4.852036e-02 9.986403e-01 -1.905950e-02 -2.703699e+00 -9.984922e-01 4.800508e-02 -2.662134e-02 9.057853e+01
-2.617453e-02 2.102096e-02 9.994364e-01 8.731175e+00 5.109047e-02 9.985004e-01 -1.966326e-02 -2.727805e+00 -9.983509e-01 5.054698e-02 -2.720924e-02 9.054284e+01
-2.633504e-02 2.105336e-02 9.994315e-01 9.399524e+00 5.266188e-02 9.984191e-01 -1.964440e-02 -2.754209e+00 -9.982650e-01 5.211459e-02 -2.740212e-02 9.050118e+01
-2.610918e-02 2.061157e-02 9.994466e-01 1.007658e+01 5.422092e-02 9.983449e-01 -1.917241e-02 -2.773656e+00 -9.981875e-01 5.369032e-02 -2.718354e-02 9.046928e+01
-2.549808e-02 2.042503e-02 9.994662e-01 1.077161e+01 5.726642e-02 9.981793e-01 -1.893777e-02 -2.793484e+00 -9.980332e-01 5.675296e-02 -2.662132e-02 9.043670e+01
-2.421406e-02 2.064081e-02 9.994937e-01 1.147973e+01 6.272400e-02 9.978484e-01 -1.908727e-02 -2.812970e+00 -9.977371e-01 6.223005e-02 -2.545663e-02 9.040048e+01
-2.149124e-02 2.091953e-02 9.995502e-01 1.220589e+01 6.682984e-02 9.975749e-01 -1.944129e-02 -2.834519e+00 -9.975329e-01 6.638194e-02 -2.283717e-02 9.036536e+01
-1.700505e-02 2.095003e-02 9.996359e-01 1.295106e+01 7.041597e-02 9.973231e-01 -1.970370e-02 -2.856224e+00 -9.973727e-01 7.005525e-02 -1.843474e-02 9.033131e+01
-1.058114e-02 2.102745e-02 9.997229e-01 1.371186e+01 7.352996e-02 9.970885e-01 -2.019380e-02 -2.879219e+00 -9.972368e-01 7.329590e-02 -1.209648e-02 9.030931e+01
-2.234786e-03 2.082290e-02 9.997807e-01 1.448981e+01 7.655804e-02 9.968525e-01 -2.059079e-02 -2.901943e+00 -9.970626e-01 7.649522e-02 -3.821910e-03 9.029031e+01
7.417937e-03 1.924772e-02 9.997873e-01 1.528482e+01 7.928270e-02 9.966560e-01 -1.977569e-02 -2.923415e+00 -9.968245e-01 7.941250e-02 5.867121e-03 9.028642e+01
1.826995e-02 1.817013e-02 9.996680e-01 1.608562e+01 8.031803e-02 9.965769e-01 -1.958184e-02 -2.939984e+00 -9.966018e-01 8.064910e-02 1.674802e-02 9.029611e+01
2.942269e-02 1.608883e-02 9.994376e-01 1.691051e+01 7.712420e-02 9.968532e-01 -1.831771e-02 -2.960754e+00 -9.965872e-01 7.761976e-02 2.808926e-02 9.032149e+01
4.042898e-02 1.579351e-02 9.990576e-01 1.774494e+01 7.510559e-02 9.969983e-01 -1.880027e-02 -2.980526e+00 -9.963556e-01 7.579487e-02 3.912144e-02 9.035587e+01
5.153679e-02 1.733169e-02 9.985207e-01 1.859667e+01 7.264508e-02 9.971355e-01 -2.105709e-02 -3.005455e+00 -9.960254e-01 7.362282e-02 5.013010e-02 9.040215e+01
6.239743e-02 2.161166e-02 9.978174e-01 1.945362e+01 6.886126e-02 9.972898e-01 -2.590640e-02 -3.034010e+00 -9.956729e-01 7.032744e-02 6.074011e-02 9.045965e+01
7.183922e-02 2.638636e-02 9.970672e-01 2.031322e+01 6.496402e-02 9.974036e-01 -3.107596e-02 -3.064211e+00 -9.952983e-01 6.700595e-02 6.993852e-02 9.052235e+01
7.884940e-02 2.761002e-02 9.965041e-01 2.117745e+01 5.843742e-02 9.977694e-01 -3.226900e-02 -3.096855e+00 -9.951722e-01 6.077751e-02 7.706006e-02 9.059661e+01
8.232797e-02 2.532889e-02 9.962834e-01 2.204573e+01 5.228415e-02 9.981905e-01 -2.969789e-02 -3.131090e+00 -9.952328e-01 5.453478e-02 8.085470e-02 9.067111e+01
8.322809e-02 2.389315e-02 9.962441e-01 2.291460e+01 4.730782e-02 9.984906e-01 -2.789923e-02 -3.169221e+00 -9.954069e-01 4.945212e-02 8.197213e-02 9.074940e+01
8.118946e-02 2.210037e-02 9.964537e-01 2.377962e+01 4.346288e-02 9.987246e-01 -2.569203e-02 -3.210301e+00 -9.957506e-01 4.539465e-02 8.012536e-02 9.082667e+01
7.732120e-02 2.206442e-02 9.967621e-01 2.464428e+01 3.914086e-02 9.989172e-01 -2.514838e-02 -3.253324e+00 -9.962376e-01 4.095862e-02 7.637385e-02 9.089534e+01
7.116311e-02 2.247313e-02 9.972115e-01 2.549897e+01 3.594641e-02 9.990390e-01 -2.507953e-02 -3.294820e+00 -9.968167e-01 3.763090e-02 7.028689e-02 9.095836e+01
6.298164e-02 2.367836e-02 9.977338e-01 2.635325e+01 3.297296e-02 9.991234e-01 -2.579275e-02 -3.334796e+00 -9.974698e-01 3.452270e-02 6.214568e-02 9.101462e+01
5.312298e-02 2.413278e-02 9.982964e-01 2.720785e+01 3.029610e-02 9.992088e-01 -2.576701e-02 -3.371323e+00 -9.981283e-01 3.161329e-02 5.234982e-02 9.106401e+01
4.210354e-02 2.288973e-02 9.988510e-01 2.806008e+01 2.863046e-02 9.992993e-01 -2.410684e-02 -3.405154e+00 -9.987029e-01 2.961254e-02 4.141869e-02 9.109881e+01
3.056435e-02 2.036693e-02 9.993253e-01 2.891571e+01 2.791101e-02 9.993851e-01 -2.122182e-02 -3.438232e+00 -9.991430e-01 2.854080e-02 2.997710e-02 9.112023e+01
1.863177e-02 1.828016e-02 9.996593e-01 2.976478e+01 2.766332e-02 9.994406e-01 -1.879176e-02 -3.470581e+00 -9.994436e-01 2.800401e-02 1.811566e-02 9.113015e+01
6.673685e-03 1.899539e-02 9.997973e-01 3.060909e+01 2.894733e-02 9.993969e-01 -1.918101e-02 -3.500672e+00 -9.995586e-01 2.906946e-02 6.119795e-03 9.112702e+01
-5.312876e-03 2.093624e-02 9.997667e-01 3.144794e+01 3.060848e-02 9.993157e-01 -2.076415e-02 -3.527684e+00 -9.995173e-01 3.049101e-02 -5.950066e-03 9.111123e+01
-1.745769e-02 2.181656e-02 9.996096e-01 3.228769e+01 3.242736e-02 9.992483e-01 -2.124235e-02 -3.554151e+00 -9.993216e-01 3.204384e-02 -1.815202e-02 9.108555e+01
-2.949662e-02 2.077817e-02 9.993489e-01 3.312438e+01 3.387243e-02 9.992305e-01 -1.977594e-02 -3.582327e+00 -9.989908e-01 3.326705e-02 -3.017773e-02 9.104470e+01
-4.096088e-02 1.973606e-02 9.989658e-01 3.396442e+01 3.498441e-02 9.992202e-01 -1.830662e-02 -3.611519e+00 -9.985481e-01 3.419837e-02 -4.161939e-02 9.099774e+01
-5.118554e-02 2.004373e-02 9.984880e-01 3.480342e+01 3.749714e-02 9.991322e-01 -1.813445e-02 -3.638640e+00 -9.979849e-01 3.651222e-02 -5.189270e-02 9.093780e+01
-5.899193e-02 2.063119e-02 9.980453e-01 3.564157e+01 3.994307e-02 9.990345e-01 -1.829072e-02 -3.664619e+00 -9.974590e-01 3.878598e-02 -5.975904e-02 9.087112e+01
-6.473322e-02 2.188563e-02 9.976626e-01 3.648132e+01 4.172831e-02 9.989444e-01 -1.920622e-02 -3.695783e+00 -9.970297e-01 4.038748e-02 -6.557813e-02 9.080032e+01
-6.864488e-02 2.476225e-02 9.973338e-01 3.732512e+01 4.248099e-02 9.988577e-01 -2.187620e-02 -3.725465e+00 -9.967363e-01 4.086603e-02 -6.961839e-02 9.072894e+01
-7.088885e-02 2.748791e-02 9.971054e-01 3.817446e+01 4.356661e-02 9.987516e-01 -2.443595e-02 -3.753578e+00 -9.965323e-01 4.170825e-02 -7.199790e-02 9.065326e+01
-7.180171e-02 2.948397e-02 9.969831e-01 3.903116e+01 4.452366e-02 9.986613e-01 -2.632706e-02 -3.784327e+00 -9.964246e-01 4.249900e-02 -7.301832e-02 9.058010e+01
-7.113755e-02 2.980377e-02 9.970212e-01 3.989617e+01 4.524815e-02 9.986209e-01 -2.662314e-02 -3.816446e+00 -9.964396e-01 4.321945e-02 -7.238800e-02 9.050847e+01
-6.922094e-02 2.925645e-02 9.971723e-01 4.077155e+01 4.530176e-02 9.986309e-01 -2.615453e-02 -3.849569e+00 -9.965722e-01 4.336321e-02 -7.045153e-02 9.043290e+01
-6.685229e-02 2.726587e-02 9.973903e-01 4.165672e+01 4.523435e-02 9.986815e-01 -2.426925e-02 -3.883158e+00 -9.967369e-01 4.349383e-02 -6.799750e-02 9.036243e+01
-6.434591e-02 2.479427e-02 9.976196e-01 4.254796e+01 4.558345e-02 9.987208e-01 -2.188154e-02 -3.919092e+00 -9.968860e-01 4.406694e-02 -6.539381e-02 9.028996e+01
-6.200928e-02 2.307069e-02 9.978089e-01 4.344429e+01 4.589850e-02 9.987410e-01 -2.023987e-02 -3.955976e+00 -9.970196e-01 4.454286e-02 -6.299012e-02 9.022418e+01
-6.043167e-02 2.117074e-02 9.979478e-01 4.434296e+01 4.379820e-02 9.988684e-01 -1.853804e-02 -3.993405e+00 -9.972109e-01 4.258803e-02 -6.129052e-02 9.016105e+01
-6.011656e-02 2.100958e-02 9.979703e-01 4.524463e+01 4.149121e-02 9.989670e-01 -1.853119e-02 -4.029977e+00 -9.973286e-01 4.029295e-02 -6.092617e-02 9.009781e+01
-6.154090e-02 2.124792e-02 9.978784e-01 4.614374e+01 3.761506e-02 9.991125e-01 -1.895442e-02 -4.066554e+00 -9.973955e-01 3.636877e-02 -6.228551e-02 9.003424e+01
-6.556336e-02 2.205229e-02 9.976047e-01 4.704273e+01 3.296996e-02 9.992577e-01 -1.992203e-02 -4.102566e+00 -9.973035e-01 3.158482e-02 -6.624175e-02 8.997108e+01
-7.184265e-02 2.161185e-02 9.971818e-01 4.794302e+01 2.704114e-02 9.994399e-01 -1.971260e-02 -4.137800e+00 -9.970493e-01 2.554872e-02 -7.238681e-02 8.990361e+01
-8.156536e-02 2.211756e-02 9.964226e-01 4.883973e+01 2.205123e-02 9.995490e-01 -2.038189e-02 -4.172906e+00 -9.964240e-01 2.030988e-02 -8.201629e-02 8.982867e+01
-9.481393e-02 2.440724e-02 9.951958e-01 4.973213e+01 1.863746e-02 9.995677e-01 -2.273885e-02 -4.209393e+00 -9.953205e-01 1.639196e-02 -9.522782e-02 8.973697e+01
-1.110383e-01 2.817634e-02 9.934167e-01 5.061799e+01 1.411047e-02 9.995419e-01 -2.677290e-02 -4.246250e+00 -9.937159e-01 1.104475e-02 -1.113850e-01 8.962973e+01
-1.292450e-01 2.965948e-02 9.911691e-01 5.150038e+01 1.391428e-02 9.995084e-01 -2.809466e-02 -4.280657e+00 -9.915150e-01 1.016030e-02 -1.295941e-01 8.950388e+01
-1.487487e-01 2.680706e-02 9.885116e-01 5.237928e+01 1.581220e-02 9.995691e-01 -2.472756e-02 -4.315191e+00 -9.887486e-01 1.195234e-02 -1.491084e-01 8.935421e+01
-1.696414e-01 2.120907e-02 9.852776e-01 5.325215e+01 1.853868e-02 9.996601e-01 -1.832676e-02 -4.349397e+00 -9.853314e-01 1.515676e-02 -1.699769e-01 8.918563e+01
-1.911515e-01 1.998029e-02 9.813572e-01 5.411543e+01 2.029024e-02 9.996596e-01 -1.640074e-02 -4.383180e+00 -9.813508e-01 1.677694e-02 -1.914918e-01 8.899543e+01
-2.120472e-01 2.060376e-02 9.770422e-01 5.496850e+01 2.407821e-02 9.995843e-01 -1.585345e-02 -4.412621e+00 -9.769627e-01 2.016374e-02 -2.124551e-01 8.878682e+01
-2.322954e-01 2.352450e-02 9.723608e-01 5.581415e+01 3.052651e-02 9.993913e-01 -1.688574e-02 -4.435513e+00 -9.721661e-01 2.576030e-02 -2.328721e-01 8.855772e+01
-2.522846e-01 2.228046e-02 9.673966e-01 5.665441e+01 3.448592e-02 9.993068e-01 -1.402192e-02 -4.458280e+00 -9.670383e-01 2.982404e-02 -2.528781e-01 8.831973e+01
-2.713065e-01 2.242172e-02 9.622318e-01 5.748695e+01 3.839920e-02 9.991848e-01 -1.245593e-02 -4.481396e+00 -9.617267e-01 3.356955e-02 -2.719463e-01 8.806451e+01
-2.876833e-01 2.376735e-02 9.574307e-01 5.831330e+01 4.324194e-02 9.989948e-01 -1.180606e-02 -4.506276e+00 -9.567489e-01 3.800474e-02 -2.884219e-01 8.779163e+01
-3.023285e-01 2.585022e-02 9.528532e-01 5.913858e+01 4.509189e-02 9.989009e-01 -1.279237e-02 -4.526147e+00 -9.521366e-01 3.909845e-02 -3.031618e-01 8.751373e+01
-3.154350e-01 2.463118e-02 9.486275e-01 5.996701e+01 4.794971e-02 9.987998e-01 -9.989808e-03 -4.542452e+00 -9.477350e-01 4.233527e-02 -3.162374e-01 8.722223e+01
-3.256915e-01 1.558251e-02 9.453477e-01 6.080547e+01 5.057203e-02 9.987199e-01 9.608141e-04 -4.550111e+00 -9.441226e-01 4.812107e-02 -3.260626e-01 8.692074e+01
-3.335314e-01 5.416807e-03 9.427234e-01 6.165008e+01 4.912119e-02 9.987250e-01 1.164027e-02 -4.554028e+00 -9.414583e-01 5.019008e-02 -3.333722e-01 8.661605e+01
-3.386003e-01 5.953644e-04 9.409301e-01 6.248920e+01 4.878757e-02 9.986658e-01 1.692465e-02 -4.559425e+00 -9.396646e-01 5.163637e-02 -3.381776e-01 8.630672e+01
-3.400358e-01 7.198371e-03 9.403850e-01 6.332202e+01 5.061897e-02 9.986611e-01 1.065895e-02 -4.563838e+00 -9.390492e-01 5.122573e-02 -3.399449e-01 8.599410e+01
-3.403208e-01 1.987700e-02 9.400993e-01 6.415230e+01 5.337924e-02 9.985727e-01 -1.789782e-03 -4.568649e+00 -9.387930e-01 4.957268e-02 -3.408961e-01 8.568272e+01
-3.396877e-01 3.040815e-02 9.400466e-01 6.498797e+01 5.467388e-02 9.984255e-01 -1.254006e-02 -4.579089e+00 -9.389478e-01 4.713629e-02 -3.408153e-01 8.537187e+01
-3.391444e-01 3.207577e-02 9.401874e-01 6.583372e+01 5.471004e-02 9.983995e-01 -1.432676e-02 -4.600068e+00 -9.391421e-01 4.657884e-02 -3.403564e-01 8.505504e+01
-3.398005e-01 2.843763e-02 9.400675e-01 6.668849e+01 5.454409e-02 9.984563e-01 -1.048822e-02 -4.622012e+00 -9.389145e-01 4.771122e-02 -3.408270e-01 8.473494e+01
-3.419605e-01 2.322833e-02 9.394272e-01 6.754801e+01 5.417162e-02 9.985192e-01 -4.970464e-03 -4.642618e+00 -9.381516e-01 4.919058e-02 -3.427124e-01 8.441083e+01
-3.464151e-01 1.908796e-02 9.378871e-01 6.840622e+01 5.502992e-02 9.984847e-01 4.427112e-06 -4.658949e+00 -9.364658e-01 5.161338e-02 -3.469406e-01 8.408078e+01
-3.523198e-01 1.658184e-02 9.357328e-01 6.926862e+01 5.529304e-02 9.984653e-01 3.125292e-03 -4.671587e+00 -9.342448e-01 5.284060e-02 -3.526960e-01 8.374444e+01
-3.607043e-01 1.712735e-02 9.325230e-01 7.013521e+01 5.471058e-02 9.984982e-01 2.823198e-03 -4.683307e+00 -9.310742e-01 5.203720e-02 -3.610996e-01 8.340015e+01
-3.714754e-01 2.047584e-02 9.282170e-01 7.099861e+01 5.373385e-02 9.985551e-01 -5.230010e-04 -4.693642e+00 -9.268865e-01 4.968238e-02 -3.720389e-01 8.304535e+01
-3.850640e-01 2.328394e-02 9.225961e-01 7.185907e+01 5.551004e-02 9.984560e-01 -2.030228e-03 -4.703205e+00 -9.212189e-01 5.043157e-02 -3.857620e-01 8.267153e+01
-3.993903e-01 2.482154e-02 9.164449e-01 7.272096e+01 5.597997e-02 9.984284e-01 -2.645742e-03 -4.717954e+00 -9.150702e-01 5.024587e-02 -4.001521e-01 8.228193e+01
-4.133231e-01 2.894187e-02 9.101244e-01 7.357852e+01 5.535210e-02 9.984450e-01 -6.612919e-03 -4.736698e+00 -9.089005e-01 4.764401e-02 -4.142823e-01 8.187928e+01
-4.254372e-01 3.877125e-02 9.041571e-01 7.443372e+01 5.882827e-02 9.981536e-01 -1.512120e-02 -4.755133e+00 -9.030739e-01 4.675686e-02 -4.269325e-01 8.145699e+01
-4.357161e-01 4.483909e-02 8.989666e-01 7.529464e+01 6.148719e-02 9.979080e-01 -1.997220e-02 -4.777015e+00 -8.979815e-01 4.657271e-02 -4.375615e-01 8.102618e+01
-4.440250e-01 4.137235e-02 8.950588e-01 7.617016e+01 6.031586e-02 9.980477e-01 -1.621106e-02 -4.804992e+00 -8.939820e-01 4.678811e-02 -4.456535e-01 8.058697e+01
-4.489518e-01 3.625468e-02 8.928202e-01 7.705191e+01 6.128903e-02 9.980728e-01 -9.709677e-03 -4.831255e+00 -8.914515e-01 5.036089e-02 -4.503086e-01 8.013589e+01
-4.513088e-01 3.433810e-02 8.917070e-01 7.793475e+01 6.228078e-02 9.980347e-01 -6.911194e-03 -4.854281e+00 -8.901918e-01 5.241711e-02 -4.525604e-01 7.967880e+01
-4.525031e-01 3.558518e-02 8.910526e-01 7.881983e+01 6.436490e-02 9.979007e-01 -7.165870e-03 -4.873979e+00 -8.894369e-01 5.410992e-02 -4.538436e-01 7.921929e+01
-4.529457e-01 3.550914e-02 8.908307e-01 7.970720e+01 6.531479e-02 9.978431e-01 -6.565232e-03 -4.893911e+00 -8.891423e-01 5.521072e-02 -4.542880e-01 7.875908e+01
-4.538885e-01 3.489319e-02 8.903751e-01 8.059512e+01 6.430896e-02 9.979100e-01 -6.324504e-03 -4.918047e+00 -8.887348e-01 5.438846e-02 -4.551837e-01 7.830009e+01
-4.547656e-01 3.315342e-02 8.899939e-01 8.148042e+01 6.295391e-02 9.980038e-01 -5.008994e-03 -4.940816e+00 -8.883834e-01 5.375067e-02 -4.559449e-01 7.784269e+01
-4.558152e-01 3.184394e-02 8.895046e-01 8.236123e+01 5.998150e-02 9.981870e-01 -4.997996e-03 -4.964461e+00 -8.880510e-01 5.107564e-02 -4.568988e-01 7.738417e+01
-4.579730e-01 2.982886e-02 8.884655e-01 8.323781e+01 5.622121e-02 9.984080e-01 -4.539948e-03 -4.987705e+00 -8.871865e-01 4.787142e-02 -4.589209e-01 7.692792e+01
-4.622218e-01 2.821657e-02 8.863153e-01 8.410869e+01 5.251293e-02 9.986105e-01 -4.405595e-03 -5.012160e+00 -8.852081e-01 4.450664e-02 -4.630613e-01 7.646987e+01
-4.690880e-01 2.605465e-02 8.827670e-01 8.497689e+01 4.833222e-02 9.988241e-01 -3.797098e-03 -5.033660e+00 -8.818279e-01 4.088491e-02 -4.697957e-01 7.600608e+01
-4.777510e-01 2.122747e-02 8.782388e-01 8.584043e+01 4.152061e-02 9.991364e-01 -1.562936e-03 -5.054052e+00 -8.775135e-01 3.571831e-02 -4.782197e-01 7.553882e+01
-4.878093e-01 1.807010e-02 8.727632e-01 8.669522e+01 4.023335e-02 9.991887e-01 1.799750e-03 -5.077013e+00 -8.720226e-01 3.599211e-02 -4.881405e-01 7.505529e+01
-4.986973e-01 1.621601e-02 8.666246e-01 8.753763e+01 4.046721e-02 9.991703e-01 4.590591e-03 -5.096609e+00 -8.658310e-01 3.735918e-02 -4.989397e-01 7.456077e+01
-5.102223e-01 1.496338e-02 8.599124e-01 8.836918e+01 3.825995e-02 9.992537e-01 5.313174e-03 -5.112170e+00 -8.591911e-01 3.561110e-02 -5.104140e-01 7.406297e+01
-5.223375e-01 1.417692e-02 8.526211e-01 8.918892e+01 3.814880e-02 9.992492e-01 6.755949e-03 -5.126981e+00 -8.518851e-01 3.605534e-02 -5.224861e-01 7.355603e+01
-5.347818e-01 1.350912e-02 8.448822e-01 8.999811e+01 3.708245e-02 9.992841e-01 7.494019e-03 -5.142400e+00 -8.441761e-01 3.533796e-02 -5.348998e-01 7.303782e+01
-5.478056e-01 1.498096e-02 8.364716e-01 9.079262e+01 3.712312e-02 9.992901e-01 6.414949e-03 -5.157865e+00 -8.357816e-01 3.456657e-02 -5.479728e-01 7.250815e+01
-5.606699e-01 1.645000e-02 8.278760e-01 9.157304e+01 3.584719e-02 9.993475e-01 4.419939e-03 -5.173387e+00 -8.272631e-01 3.215515e-02 -5.608937e-01 7.196849e+01
-5.733897e-01 1.763660e-02 8.190930e-01 9.234400e+01 3.550062e-02 9.993641e-01 3.333316e-03 -5.186461e+00 -8.185133e-01 3.098959e-02 -5.736511e-01 7.141911e+01
-5.857014e-01 1.643024e-02 8.103604e-01 9.310435e+01 3.523788e-02 9.993654e-01 5.206389e-03 -5.202598e+00 -8.097606e-01 3.160477e-02 -5.859086e-01 7.085573e+01
-5.979125e-01 1.516468e-02 8.014180e-01 9.385038e+01 3.553763e-02 9.993394e-01 7.603677e-03 -5.217836e+00 -8.007732e-01 3.302682e-02 -5.980564e-01 7.028594e+01
-6.095362e-01 1.558934e-02 7.926050e-01 9.458632e+01 3.714912e-02 9.992699e-01 8.914616e-03 -5.232682e+00 -7.918874e-01 3.487835e-02 -6.096703e-01 6.970255e+01
-6.198271e-01 1.708865e-02 7.845523e-01 9.530854e+01 3.919053e-02 9.991894e-01 9.198296e-03 -5.243985e+00 -7.837592e-01 3.644837e-02 -6.199944e-01 6.911483e+01
-6.280129e-01 1.934875e-02 7.779624e-01 9.602056e+01 4.249902e-02 9.990517e-01 9.459996e-03 -5.253594e+00 -7.770416e-01 3.900363e-02 -6.282396e-01 6.852145e+01
-6.341159e-01 2.218777e-02 7.729197e-01 9.672259e+01 4.717956e-02 9.988360e-01 1.003384e-02 -5.262948e+00 -7.717974e-01 4.282862e-02 -6.344245e-01 6.792319e+01
-6.382177e-01 2.404221e-02 7.694805e-01 9.741618e+01 5.062572e-02 9.986594e-01 1.078680e-02 -5.274783e+00 -7.681896e-01 4.583982e-02 -6.385792e-01 6.733056e+01
-6.406394e-01 2.584892e-02 7.674067e-01 9.810389e+01 5.347434e-02 9.985085e-01 1.100771e-02 -5.288861e+00 -7.659776e-01 4.808853e-02 -6.410661e-01 6.674088e+01
-6.414842e-01 2.722138e-02 7.666532e-01 9.878369e+01 5.542143e-02 9.984033e-01 1.092287e-02 -5.300088e+00 -7.651317e-01 4.949585e-02 -6.419685e-01 6.616141e+01
-6.407053e-01 2.956684e-02 7.672175e-01 9.945129e+01 5.908683e-02 9.981936e-01 1.087540e-02 -5.311916e+00 -7.655100e-01 5.230036e-02 -6.412948e-01 6.559079e+01
-6.384371e-01 3.053163e-02 7.690683e-01 1.001077e+02 6.147774e-02 9.980432e-01 1.141352e-02 -5.322308e+00 -7.672148e-01 5.456738e-02 -6.390647e-01 6.503401e+01
-6.348862e-01 3.097431e-02 7.719846e-01 1.007513e+02 6.292350e-02 9.979497e-01 1.170806e-02 -5.332047e+00 -7.700391e-01 5.600924e-02 -6.355334e-01 6.449082e+01
-6.301973e-01 3.218236e-02 7.757678e-01 1.013805e+02 6.539560e-02 9.977904e-01 1.173142e-02 -5.343843e+00 -7.736761e-01 5.812490e-02 -6.309094e-01 6.396662e+01
-6.246871e-01 3.291404e-02 7.801812e-01 1.019969e+02 6.709390e-02 9.976788e-01 1.163197e-02 -5.356329e+00 -7.779874e-01 5.961173e-02 -6.254454e-01 6.345978e+01
-6.195979e-01 3.275934e-02 7.842355e-01 1.026011e+02 6.754660e-02 9.976476e-01 1.169220e-02 -5.366131e+00 -7.820076e-01 6.021689e-02 -6.203531e-01 6.297546e+01
-6.147912e-01 3.165442e-02 7.880545e-01 1.031925e+02 6.636922e-02 9.977265e-01 1.170064e-02 -5.375732e+00 -7.858924e-01 5.949600e-02 -6.154943e-01 6.251471e+01
-6.104187e-01 3.060823e-02 7.914873e-01 1.037649e+02 6.594865e-02 9.977475e-01 1.227689e-02 -5.381607e+00 -7.893287e-01 5.969155e-02 -6.110623e-01 6.207033e+01
-6.070105e-01 2.997522e-02 7.941283e-01 1.043198e+02 6.577074e-02 9.977550e-01 1.261206e-02 -5.387971e+00 -7.919674e-01 5.988604e-02 -6.076192e-01 6.164210e+01
-6.046072e-01 3.148064e-02 7.959015e-01 1.048666e+02 6.546040e-02 9.978024e-01 1.026051e-02 -5.395081e+00 -7.938293e-01 5.830359e-02 -6.053392e-01 6.122103e+01
-6.042090e-01 3.377057e-02 7.961100e-01 1.054086e+02 6.501546e-02 9.978596e-01 7.014881e-03 -5.405058e+00 -7.941691e-01 5.599790e-02 -6.051113e-01 6.080105e+01
-6.056417e-01 3.876580e-02 7.947927e-01 1.059435e+02 6.615622e-02 9.978077e-01 1.744020e-03 -5.417450e+00 -7.929827e-01 5.363672e-02 -6.068785e-01 6.038059e+01
-6.080864e-01 4.473539e-02 7.926095e-01 1.064720e+02 6.933534e-02 9.975885e-01 -3.110808e-03 -5.428230e+00 -7.908373e-01 5.306419e-02 -6.097217e-01 5.995676e+01
-6.114291e-01 4.641389e-02 7.899368e-01 1.070032e+02 7.145501e-02 9.974383e-01 -3.298161e-03 -5.431921e+00 -7.880663e-01 5.442834e-02 -6.131793e-01 5.953031e+01
-6.155426e-01 4.298110e-02 7.869307e-01 1.075343e+02 7.223474e-02 9.973856e-01 2.026629e-03 -5.433950e+00 -7.847862e-01 5.809120e-02 -6.170380e-01 5.910283e+01
