0.999968 0.00127385 -0.00794238 -0.0202597 -0.00129803 0.999995 -0.0030403 -0.00294622 0.00793846 0.00305051 0.999964 1.40212 0 0 0 1 
0.999625 0.00591234 -0.0267233 -0.10174 -0.0060649 0.999966 -0.00563141 -0.0305721 0.0266891 0.00579138 0.999627 4.3972 0 0 0 1 
0.999114 0.00662069 -0.0415515 -0.238988 -0.00659352 0.999978 0.000790798 -0.0628696 0.0415559 -0.000516127 0.999136 7.60043 0 0 0 1 
0.998958 0.00314054 -0.0455406 -0.315342 -0.00314369 0.999995 2.53931e-06 -0.0732707 0.0455404 0.000140629 0.998962 9.2516 0 0 0 1 
0.998861 0.0030279 -0.0476237 -0.356184 -0.00298992 0.999995 0.000868697 -0.0805904 0.0476261 -0.000725316 0.998865 10.0931 0 0 0 1 
0.998625 0.00430769 -0.0522475 -0.498834 -0.00453551 0.999981 -0.00424261 -0.106177 0.0522283 0.00447374 0.998625 12.6643 0 0 0 1 
0.998441 0.0091677 -0.0550655 -0.609666 -0.00948321 0.99994 -0.00547108 -0.126345 0.0550121 0.00598475 0.998468 14.4222 0 0 0 1 
0.998374 0.00824887 -0.0563963 -0.6643 -0.00848572 0.999956 -0.00396146 -0.138925 0.0563611 0.00443358 0.998401 15.3149 0 0 0 1 
0.998237 0.00855333 -0.0587346 -0.779215 -0.00870497 0.999959 -0.00232627 -0.162152 0.0587123 0.00283345 0.998271 17.117 0 0 0 1 
0.998142 0.00841873 -0.0603537 -0.838127 -0.00862263 0.999958 -0.00311884 -0.174074 0.0603249 0.00363345 0.998172 18.0229 0 0 0 1 
0.998053 0.00707212 -0.0619621 -0.95577 -0.00721814 0.999972 -0.00213316 -0.194614 0.0619453 0.00257626 0.998076 19.8562 0 0 0 1 
0.998049 0.00846959 -0.0618657 -1.02004 -0.00840628 0.999964 0.00128358 -0.205355 0.0618743 -0.000761014 0.998084 20.7843 0 0 0 1 
0.998195 0.00826728 -0.0594888 -1.13926 -0.00781333 0.999939 0.0078593 -0.217893 0.0595501 -0.00738031 0.998198 22.6553 0 0 0 1 
0.998286 0.00845107 -0.0579103 -1.19627 -0.00796356 0.999931 0.00864401 -0.221728 0.0579794 -0.00816803 0.998284 23.5966 0 0 0 1 
0.998406 0.00958037 -0.0556193 -1.31122 -0.00954174 0.999954 0.000960058 -0.230228 0.0556259 -0.000427823 0.998452 25.4916 0 0 0 1 
0.998479 0.00876843 -0.0544324 -1.36575 -0.00888668 0.999959 -0.0019306 -0.237454 0.0544132 0.00241138 0.998516 26.4481 0 0 0 1 
0.998538 0.00619929 -0.0537023 -1.41792 -0.00625765 0.99998 -0.000918635 -0.246209 0.0536955 0.00125334 0.998557 27.4126 0 0 0 1 
0.9985 0.000555161 -0.0547422 -1.5229 -0.000142378 0.999972 0.00754411 -0.26363 0.0547448 -0.007525 0.998472 29.3631 0 0 0 1 
0.998419 -0.00690569 -0.0557834 -1.56934 0.00730167 0.99995 0.00689779 -0.269055 0.055733 -0.00729419 0.998419 30.3385 0 0 0 1 
0.99813 -0.00753219 -0.0606678 -1.74861 0.00744929 0.999971 -0.00159263 -0.289597 0.060678 0.00113772 0.998157 33.285 0 0 0 1 
0.998081 -0.00754572 -0.0614633 -1.81271 0.00754764 0.999971 -0.000201054 -0.300656 0.061463 -0.000263235 0.998109 34.2791 0 0 0 1 
0.998034 -0.00437315 -0.0625205 -1.88489 0.00454648 0.999986 0.00263042 -0.313647 0.0625082 -0.00290949 0.99804 35.2819 0 0 0 1 
0.997905 -0.0030963 -0.0646155 -2.09031 0.00372771 0.999946 0.00965347 -0.337058 0.0645821 -0.00987412 0.997864 38.2887 0 0 0 1 
0.997865 0.00252672 -0.0652544 -2.23717 -0.00178355 0.999933 0.0114445 -0.343334 0.0652789 -0.0113037 0.997803 40.2862 0 0 0 1 
0.997871 0.00270361 -0.0651677 -2.30459 -0.00207075 0.99995 0.00977688 -0.345821 0.0651909 -0.00962111 0.997826 41.2781 0 0 0 1 
0.997864 0.00492184 -0.0651396 -2.37578 -0.0044362 0.999961 0.00759788 -0.350559 0.0651744 -0.00729268 0.997847 42.2675 0 0 0 1 
0.997721 0.00246168 -0.0674352 -2.50876 -0.00186561 0.999959 0.00890071 -0.36186 0.0674543 -0.00875462 0.997684 44.2493 0 0 0 1 
0.997662 0.00301621 -0.0682806 -2.57955 -0.00234086 0.999948 0.00996867 -0.368349 0.0683071 -0.00978553 0.997616 45.2353 0 0 0 1 
0.997578 0.00591874 -0.0693065 -2.73057 -0.00577815 0.999981 0.0022288 -0.38273 0.0693183 -0.00182294 0.997593 47.1845 0 0 0 1 
0.997531 0.00672587 -0.069902 -2.8032 -0.0066705 0.999977 0.00102543 -0.391207 0.0699073 -0.000556614 0.997553 48.1565 0 0 0 1 
0.997528 0.00356311 -0.0701809 -2.94148 -0.00302762 0.999966 0.00773501 -0.41217 0.0702061 -0.00750341 0.997504 50.1014 0 0 0 1 
0.997515 0.00167423 -0.0704306 -3.01039 -0.0010877 0.999964 0.00836522 -0.419624 0.0704421 -0.00826782 0.997482 51.0658 0 0 0 1 
0.9975 -0.00153068 -0.0706515 -3.07647 0.002042 0.999972 0.00716561 -0.427273 0.0706386 -0.00729196 0.997475 52.0254 0 0 0 1 
0.997459 -0.00425213 -0.071119 -3.1431 0.00468124 0.999972 0.00586818 -0.434807 0.0710921 -0.0061862 0.997451 52.9809 0 0 0 1 
0.997269 -0.00887973 -0.073323 -3.28053 0.00972637 0.99989 0.0111977 -0.445826 0.0732155 -0.0118803 0.997245 54.8943 0 0 0 1 
0.997213 -0.00982007 -0.0739529 -3.34982 0.0110461 0.999808 0.0161874 -0.447353 0.0737797 -0.0169591 0.99713 55.8499 0 0 0 1 
0.997189 -0.00805858 -0.0744905 -3.42543 0.00945782 0.999785 0.0184506 -0.448188 0.0743259 -0.0191032 0.997051 56.7974 0 0 0 1 
0.997089 -0.00695701 -0.0759234 -3.49979 0.00808213 0.999862 0.0145221 -0.450499 0.0758119 -0.0150934 0.997008 57.7318 0 0 0 1 
0.997001 -0.00550294 -0.0771982 -3.57697 0.00604442 0.999959 0.00678217 -0.452499 0.0771577 -0.00722845 0.996993 58.6536 0 0 0 1 
0.996947 -0.00380551 -0.0779871 -3.6543 0.00397535 0.99999 0.00202264 -0.459322 0.0779786 -0.00232649 0.996952 59.5663 0 0 0 1 
0.996694 0.00645818 -0.0809921 -3.89618 -0.00591968 0.999959 0.0068871 -0.494678 0.0810332 -0.00638488 0.996691 62.2505 0 0 0 1 
0.996603 0.00721094 -0.0820398 -3.97313 -0.00668901 0.999956 0.00663506 -0.501973 0.082084 -0.00606376 0.996607 63.1143 0 0 0 1 
0.99634 0.00979591 -0.0849171 -4.12713 -0.00914153 0.999925 0.00809152 -0.520408 0.08499 -0.00728563 0.996355 64.8062 0 0 0 1 
0.995838 0.0138464 -0.0900865 -4.43502 -0.0124114 0.999787 0.0164696 -0.543012 0.0902954 -0.015283 0.995798 68.0391 0 0 0 1 
0.995465 0.0197553 -0.0930553 -4.59262 -0.0185208 0.999729 0.0141119 -0.550851 0.0933088 -0.0123244 0.995561 69.5599 0 0 0 1 
0.99504 0.0224943 -0.0969036 -4.88719 -0.0222721 0.999746 0.00337413 -0.577618 0.0969549 -0.00119915 0.995288 72.3629 0 0 0 1 
0.994876 0.0196146 -0.0991804 -5.02167 -0.0194639 0.999807 0.00248754 -0.604735 0.0992101 -0.000544362 0.995066 73.6462 0 0 0 1 
0.995755 0.0149699 -0.090813 -5.25112 -0.0154605 0.999869 -0.00470119 -0.648238 0.0907308 0.00608525 0.995857 75.9966 0 0 0 1 
0.996701 0.00961097 -0.0805854 -5.33183 -0.00943451 0.999952 0.00257026 -0.668751 0.0806062 -0.00180149 0.996744 77.0912 0 0 0 1 
0.998056 0.00872642 -0.0617054 -5.39096 -0.00837864 0.999948 0.00589269 -0.689227 0.0617535 -0.00536423 0.998077 78.1318 0 0 0 1 
0.999715 0.0137015 0.019553 -5.38753 -0.0138429 0.999879 0.00711352 -0.709327 -0.0194532 -0.00738217 0.999784 80.0471 0 0 0 1 
0.996562 0.0120401 0.0819741 -5.28835 -0.0129033 0.999867 0.0100083 -0.721721 -0.0818426 -0.0110316 0.996584 80.9367 0 0 0 1 
0.986923 0.0124007 0.160716 -5.11656 -0.014219 0.999847 0.010169 -0.730287 -0.160566 -0.0123213 0.986948 81.7914 0 0 0 1 
0.931672 0.0154011 0.362973 -4.53992 -0.0175106 0.999843 0.00252206 -0.76179 -0.362877 -0.00870559 0.931796 83.3344 0 0 0 1 
0.907332 0.0161015 0.420107 -4.34339 -0.0179142 0.999839 0.000369546 -0.767222 -0.420034 -0.0078612 0.907475 83.6801 0 0 0 1 
0.844742 0.0143459 0.534981 -3.88409 -0.0145606 0.999887 -0.0038212 -0.784309 -0.534976 -0.00456174 0.844855 84.3176 0 0 0 1 
0.807694 0.013937 0.589437 -3.62683 -0.0135753 0.999895 -0.00504014 -0.797517 -0.589446 -0.00393092 0.807799 84.6088 0 0 0 1 
0.724873 0.0120712 0.688776 -3.05013 -0.0146961 0.99989 -0.00205735 -0.818582 -0.688725 -0.00863103 0.724971 85.1486 0 0 0 1 
0.679294 0.011104 0.733782 -2.73718 -0.0141537 0.999898 -0.00202823 -0.826902 -0.733729 -0.00900799 0.679382 85.3843 0 0 0 1 
0.585786 0.00732484 0.810432 -2.07198 -0.00574038 0.999972 -0.00488875 -0.846509 -0.810445 -0.00178843 0.585812 85.7804 0 0 0 1 
0.538961 0.00935618 0.842279 -1.72809 -0.00781235 0.999951 -0.00610863 -0.858243 -0.842295 -0.00328787 0.539007 85.9569 0 0 0 1 
0.445888 0.0143056 0.894974 -1.02163 -0.012714 0.999873 -0.00964809 -0.880814 -0.894999 -0.00707676 0.446013 86.2642 0 0 0 1 
0.4034 0.0116964 0.914949 -0.650273 -0.00543892 0.999931 -0.0103848 -0.888338 -0.915008 -0.000787123 0.403436 86.3792 0 0 0 1 
0.363784 0.00418641 0.931474 -0.262134 0.00945525 0.999922 -0.00818675 -0.893096 -0.931435 0.0117855 0.363716 86.4689 0 0 0 1 
0.235703 0.0165071 0.971685 1.32043 -0.0050425 0.999863 -0.0157626 -0.942733 -0.971812 -0.00118441 0.235754 86.8638 0 0 0 1 
0.186745 0.0195556 0.982214 2.17631 0.00366565 0.999781 -0.0206023 -0.970764 -0.982402 0.00744783 0.186633 86.9883 0 0 0 1 
0.166614 0.0258809 0.985682 2.61685 0.0107546 0.999548 -0.0280629 -0.97115 -0.985963 0.0152763 0.166261 87.0343 0 0 0 1 
0.129293 0.0335472 0.991039 3.53837 0.0105317 0.999325 -0.0352017 -0.987616 -0.99155 0.0149887 0.128853 87.1441 0 0 0 1 
0.0859354 0.0234112 0.996026 5.06052 0.0110802 0.99964 -0.0244521 -1.05563 -0.996239 0.0131374 0.0856451 87.2729 0 0 0 1 
0.0642324 0.0231296 0.997667 6.15684 0.0183795 0.999534 -0.0243563 -1.08973 -0.997766 0.0199011 0.0637774 87.3262 0 0 0 1 
0.0392344 0.0258139 0.998897 8.56958 0.0240675 0.999352 -0.0267709 -1.16305 -0.99894 0.0250913 0.0385877 87.4235 0 0 0 1 
0.0292132 0.0253233 0.999252 10.5686 0.0289167 0.999239 -0.0261684 -1.22642 -0.999155 0.0296596 0.0284587 87.4768 0 0 0 1 
0.026597 0.0246469 0.999342 11.2812 0.0310233 0.999194 -0.0254689 -1.2481 -0.999165 0.0316803 0.0258109 87.4928 0 0 0 1 
0.0270569 0.0240589 0.999344 12.7576 0.0390761 0.998921 -0.0251067 -1.29326 -0.99887 0.0397298 0.0260876 87.5186 0 0 0 1 
0.041622 0.0219542 0.998892 15.9235 0.0451604 0.998695 -0.0238316 -1.38787 -0.998112 0.0461023 0.0405763 87.6322 0 0 0 1 
0.0495965 0.0182941 0.998602 17.6122 0.0419506 0.998912 -0.0203833 -1.43758 -0.997888 0.0429028 0.0487751 87.7217 0 0 0 1 
0.057648 0.0182084 0.998171 19.3466 0.0384845 0.99905 -0.020447 -1.48782 -0.997595 0.0395928 0.0568925 87.8332 0 0 0 1 
0.0621218 0.0299797 0.997618 22.8683 0.0257675 0.999167 -0.0316308 -1.61788 -0.997736 0.0276711 0.0612976 88.0867 0 0 0 1 
0.0620356 0.0268811 0.997712 24.6577 0.0238469 0.999312 -0.028407 -1.69392 -0.997789 0.0255546 0.0613519 88.2086 0 0 0 1 
0.06154 0.0284511 0.997699 28.1792 0.01401 0.999471 -0.0293657 -1.84525 -0.998006 0.015785 0.0611088 88.4563 0 0 0 1 
0.0586806 0.028077 0.997882 29.0566 0.0109941 0.999526 -0.0287698 -1.88207 -0.998216 0.012659 0.0583441 88.5161 0 0 0 1 
0.0548383 0.0267596 0.998137 29.9309 0.0086145 0.999591 -0.0272719 -1.91645 -0.998458 0.010094 0.0545854 88.5729 0 0 0 1 
0.0499032 0.0242858 0.998459 30.8053 0.00658989 0.999675 -0.0246447 -1.952 -0.998732 0.00780958 0.049727 88.6237 0 0 0 1 
0.0436574 0.0222571 0.998799 31.6712 0.00434643 0.999738 -0.022468 -1.98693 -0.999037 0.0053221 0.0435492 88.6679 0 0 0 1 
0.0361906 0.0223846 0.999094 32.5405 0.00376396 0.999739 -0.0225354 -2.0217 -0.999338 0.00457612 0.0360969 88.7028 0 0 0 1 
0.0175262 0.0237935 0.999563 34.2593 0.00399715 0.999707 -0.023867 -2.08481 -0.999838 0.0044137 0.0174259 88.7441 0 0 0 1 
0.00729487 0.0227668 0.999714 35.1163 0.00507795 0.999727 -0.0228041 -2.11775 -0.99996 0.00524285 0.00717727 88.7502 0 0 0 1 
-0.0145504 0.0209592 0.999674 36.8155 0.0055569 0.999767 -0.0208802 -2.181 -0.999879 0.00525127 -0.0146635 88.7353 0 0 0 1 
-0.0255462 0.0213204 0.999446 37.6512 0.00536634 0.999761 -0.02119 -2.21358 -0.999659 0.00482204 -0.0256545 88.7138 0 0 0 1 
-0.036511 0.021874 0.999094 38.489 0.00600271 0.999747 -0.0216689 -2.24495 -0.999315 0.00520611 -0.0366331 88.681 0 0 0 1 
-0.066944 0.0248314 0.997448 40.9595 0.00737442 0.999675 -0.0243919 -2.33611 -0.997729 0.0057227 -0.0671054 88.5372 0 0 0 1 
-0.0859244 0.0255159 0.995975 42.5757 0.00883418 0.999652 -0.024848 -2.40184 -0.996262 0.00666357 -0.0861199 88.4074 0 0 0 1 
-0.110835 0.0206613 0.993624 45.6911 0.0175818 0.999668 -0.0188258 -2.52527 -0.993683 0.0153832 -0.111161 88.0708 0 0 0 1 
-0.115328 0.0186745 0.993152 47.1761 0.0194874 0.999673 -0.0165342 -2.57834 -0.993136 0.0174471 -0.115654 87.9008 0 0 0 1 
-0.107348 0.0223578 0.99397 49.9288 0.0220321 0.999555 -0.0201039 -2.67912 -0.993977 0.0197411 -0.107793 87.5977 0 0 0 1 
-0.0883364 0.0229607 0.995826 51.1842 0.0204791 0.999565 -0.0212303 -2.72959 -0.99588 0.0185182 -0.0887682 87.4947 0 0 0 1 
-0.0575815 0.0245528 0.998039 52.3572 0.0189071 0.999545 -0.023499 -2.78111 -0.998162 0.0175169 -0.0580195 87.4412 0 0 0 1 
0.0497518 0.0310858 0.998278 54.5794 0.0112012 0.999435 -0.0316801 -2.88271 -0.998699 0.0127581 0.0493755 87.5264 0 0 0 1 
0.130024 0.0248572 0.991199 55.659 0.00748951 0.999633 -0.0260511 -2.9314 -0.991483 0.0108109 0.12979 87.6897 0 0 0 1 
0.330605 0.0151767 0.943647 57.6852 -0.00378179 0.999884 -0.0147562 -3.01284 -0.943762 0.0013098 0.330624 88.3264 0 0 0 1 
0.44808 0.0188267 0.893795 58.591 -0.000705728 0.999785 -0.0207054 -3.04699 -0.893993 0.00864692 0.447998 88.8188 0 0 0 1 
0.507736 0.0217381 0.861239 59.0036 0.000497093 0.999674 -0.0255254 -3.06578 -0.861513 0.0133883 0.507559 89.1102 0 0 0 1 
0.621471 0.0285891 0.782915 59.7412 -0.00691802 0.999495 -0.0310063 -3.09783 -0.783407 0.0138533 0.621355 89.7809 0 0 0 1 
0.723035 0.0270287 0.690282 60.3958 -0.00784855 0.999491 -0.0309151 -3.13326 -0.690767 0.016935 0.722879 90.5453 0 0 0 1 
0.768193 0.0232359 0.639797 60.6864 -0.00925077 0.99964 -0.0251973 -3.15109 -0.640152 0.0134377 0.768131 90.9627 0 0 0 1 
0.80958 0.0179481 0.586736 60.9487 -0.00926525 0.999799 -0.0177993 -3.16677 -0.586937 0.00897372 0.809583 91.4004 0 0 0 1 
0.877276 0.0116581 0.479845 61.3881 -0.0112302 0.99993 -0.00376227 -3.19068 -0.479855 -0.00208823 0.877345 92.3291 0 0 0 1 
0.903055 0.0121692 0.429353 61.5688 -0.0144073 0.999894 0.00196277 -3.20368 -0.429284 -0.00795832 0.903134 92.8168 0 0 0 1 
0.938831 0.0198079 0.343809 61.8679 -0.0241684 0.999673 0.00840195 -3.21916 -0.34353 -0.0161973 0.939002 93.8334 0 0 0 1 
0.950699 0.0237386 0.309205 61.9921 -0.0273268 0.9996 0.00727831 -3.21915 -0.308908 -0.0153691 0.950968 94.3493 0 0 0 1 
0.966256 0.0203292 0.256779 62.2508 -0.0231062 0.999703 0.00780181 -3.21815 -0.256544 -0.0134717 0.966439 95.4253 0 0 0 1 
0.97036 0.017337 0.241041 62.3763 -0.0199541 0.999765 0.00842099 -3.22337 -0.240839 -0.0129812 0.970478 95.9813 0 0 0 1 
0.976845 0.040576 0.210063 62.8134 -0.0422763 0.999099 0.00360828 -3.22035 -0.209727 -0.0124054 0.977681 98.3091 0 0 0 1 
0.975672 0.0390381 0.215734 63.2111 -0.0379946 0.999238 -0.00898367 -3.23689 -0.21592 0.000568407 0.976411 100.155 0 0 0 1 
0.973554 0.0440367 0.224174 63.496 -0.0421104 0.999024 -0.013369 -3.25045 -0.224544 0.00357535 0.974457 101.453 0 0 0 1 
0.972111 0.0374768 0.231507 64.367 -0.0390799 0.999233 0.00234093 -3.27923 -0.231242 -0.0113229 0.97283 104.671 0 0 0 1 
0.971733 0.0309878 0.23404 65.0945 -0.0285873 0.999498 -0.0136434 -3.31303 -0.234346 0.00656716 0.972131 107.626 0 0 0 1 
0.97219 0.0338257 0.231739 65.2806 -0.0306279 0.99938 -0.0173844 -3.32243 -0.232183 0.0098033 0.972623 108.407 0 0 0 1 
0.973198 0.028036 0.228255 65.6671 -0.0275456 0.999606 -0.00533425 -3.34878 -0.228315 -0.00109616 0.973587 110.028 0 0 0 1 
0.975122 0.0381747 0.218355 66.4073 -0.0368524 0.999269 -0.0101266 -3.39529 -0.218582 0.0018278 0.975817 113.412 0 0 0 1 
0.976879 0.0345771 0.21098 66.7969 -0.0328979 0.999393 -0.0114646 -3.4231 -0.211248 0.00425869 0.977423 115.177 0 0 0 1 
0.978098 0.0295351 0.206041 67.1889 -0.0288143 0.999564 -0.00649908 -3.45872 -0.206143 0.000419827 0.978522 116.99 0 0 0 1 
0.978555 0.0272551 0.204176 67.9525 -0.0271505 0.999626 -0.00331415 -3.51032 -0.20419 -0.00230041 0.978929 120.722 0 0 0 1 
0.977791 0.0416412 0.205403 68.3034 -0.0408238 0.999133 -0.00821744 -3.53427 -0.205567 -0.000350399 0.978643 122.599 0 0 0 1 
0.975194 0.0492241 0.21581 69.0949 -0.04837 0.998787 -0.00924106 -3.60359 -0.216003 -0.00142688 0.976392 126.468 0 0 0 1 
0.975433 0.0361794 0.217306 69.5312 -0.0349966 0.999344 -0.00929026 -3.64552 -0.217499 0.00145706 0.976059 128.381 0 0 0 1 
0.97393 0.0435687 0.222624 70.3644 -0.0454809 0.998959 0.00346741 -3.72023 -0.222241 -0.0135021 0.974898 132.228 0 0 0 1 
0.973954 0.0385927 0.223438 70.7878 -0.0356279 0.999216 -0.0172864 -3.76078 -0.22393 0.0088755 0.974565 134.106 0 0 0 1 
0.975114 0.0237135 0.220434 71.6587 -0.0285784 0.999413 0.0189064 -3.85119 -0.219856 -0.0247355 0.975219 137.937 0 0 0 1 
0.975294 0.0366331 0.217854 72.05 -0.0369251 0.999314 -0.00273233 -3.8658 -0.217804 -0.00537944 0.975978 139.81 0 0 0 1 
0.976171 0.0327462 0.214516 72.456 -0.0310594 0.999454 -0.0112299 -3.89437 -0.214767 0.00429959 0.976656 141.66 0 0 0 1 
0.978967 0.0381251 0.200426 73.2055 -0.0363751 0.999261 -0.0124086 -3.99025 -0.200751 0.00485706 0.97963 145.38 0 0 0 1 
0.979431 0.045437 0.196595 73.5452 -0.0441805 0.998965 -0.0107744 -4.03281 -0.196881 0.00186714 0.980426 147.224 0 0 0 1 
0.980103 0.0418495 0.194028 73.8965 -0.0414968 0.999121 -0.00588376 -4.07341 -0.194104 -0.00228486 0.980978 149.052 0 0 0 1 
0.981794 0.0355445 0.186596 74.2441 -0.0338056 0.99935 -0.0124941 -4.11549 -0.186919 0.00595867 0.982357 150.866 0 0 0 1 
0.984258 0.0313563 0.173932 74.5632 -0.0304194 0.999505 -0.00805079 -4.15292 -0.174098 0.00263316 0.984725 152.679 0 0 0 1 
0.987171 0.035589 0.155653 75.1092 -0.0372766 0.999273 0.00793611 -4.19277 -0.155257 -0.0136365 0.98778 156.294 0 0 0 1 
0.989352 0.0329054 0.141777 75.367 -0.032135 0.999454 -0.00772093 -4.2042 -0.141953 0.00308274 0.989869 158.09 0 0 0 1 
0.992883 0.0469803 0.109432 75.7669 -0.0461391 0.998883 -0.0102074 -4.26824 -0.109789 0.0050857 0.993942 161.811 0 0 0 1 
0.994633 0.045586 0.0928811 75.9361 -0.0448894 0.998946 -0.00957719 -4.30026 -0.0932198 0.00535642 0.995631 163.708 0 0 0 1 
0.995671 0.0516766 0.0772588 76.0587 -0.052097 0.998636 0.00343451 -4.33137 -0.076976 -0.0074446 0.997005 165.626 0 0 0 1 
0.996282 0.0503895 0.069877 76.1179 -0.0509902 0.998676 0.00683851 -4.33967 -0.0694398 -0.0103761 0.997532 166.572 0 0 0 1 
0.996636 0.0515598 0.0637116 76.1709 -0.0522388 0.998594 0.00903681 -4.34551 -0.0631561 -0.0123346 0.997927 167.509 0 0 0 1 
0.996818 0.0612652 0.0509867 76.2829 -0.0611067 0.99812 -0.00466205 -4.37259 -0.0511765 0.00153158 0.998688 170.322 0 0 0 1 
0.996946 0.0638388 0.0449874 76.3484 -0.063867 0.997958 -0.000810755 -4.39279 -0.0449473 -0.00206493 0.998987 172.222 0 0 0 1 
0.996944 0.0671469 0.0399333 76.4035 -0.0678684 0.99755 0.016994 -4.40658 -0.0386944 -0.0196523 0.999058 174.146 0 0 0 1 
0.998451 0.0535307 0.0151984 76.4938 -0.0535501 0.998565 0.000873422 -4.41858 -0.0151298 -0.00168594 0.999884 177.86 0 0 0 1 
0.998942 0.0459878 0.000118024 76.4959 -0.0459864 0.998883 0.0108863 -4.43201 0.000382744 -0.0108802 0.999941 179.741 0 0 0 1 
0.999383 0.033089 -0.011759 76.4817 -0.0329099 0.999344 0.0151103 -4.43006 0.0122513 -0.014714 0.999817 181.644 0 0 0 1 
0.999455 0.0206628 -0.0257633 76.4386 -0.0207122 0.999784 -0.00165261 -4.44061 0.0257236 0.00218532 0.999667 183.524 0 0 0 1 
0.998381 0.0302082 -0.0482055 76.2366 -0.0291279 0.999312 0.0229584 -4.45973 0.0488659 -0.0215171 0.998574 187.405 0 0 0 1 
0.998049 0.031248 -0.0540496 76.1137 -0.0307892 0.999483 0.00929948 -4.45373 0.0543123 -0.00761719 0.998495 189.311 0 0 0 1 
0.997496 0.0351009 -0.0613954 75.8529 -0.0345298 0.99935 0.0103397 -4.4752 0.0617184 -0.00819389 0.99806 193.178 0 0 0 1 
0.997361 0.0367285 -0.0626272 75.7127 -0.0358467 0.999243 0.0151461 -4.48109 0.0631361 -0.0128611 0.997922 195.121 0 0 0 1 
0.997478 0.0224615 -0.0673348 75.5933 -0.0228774 0.999724 -0.00541093 -4.49529 0.0671947 0.00693772 0.997716 197.035 0 0 0 1 
0.997094 0.0218623 -0.0729778 75.3015 -0.0212175 0.999729 0.00960037 -4.54674 0.0731679 -0.00802407 0.997287 200.948 0 0 0 1 
0.996862 0.0275845 -0.0741916 75.0656 -0.0277131 0.999616 -0.000704085 -4.56864 0.0741437 0.00275796 0.997244 203.828 0 0 0 1 
0.996763 0.0303564 -0.0744386 74.9828 -0.0302588 0.999539 0.00243801 -4.58233 0.0744783 -0.00017769 0.997223 204.802 0 0 0 1 
0.996586 0.0341749 -0.0751511 74.9001 -0.0338421 0.999411 0.00569756 -4.59461 0.0753016 -0.00313484 0.997156 205.779 0 0 0 1 
0.996455 0.0377539 -0.0751868 74.8182 -0.037217 0.999271 0.008529 -4.60174 0.0754539 -0.00570053 0.997133 206.756 0 0 0 1 
0.996321 0.0386418 -0.0764963 74.665 -0.0384068 0.999252 0.00454054 -4.62348 0.0766146 -0.00158585 0.99706 208.647 0 0 0 1 
0.996167 0.0407043 -0.0774288 74.584 -0.0408893 0.999163 -0.000804957 -4.63174 0.0773313 0.00396788 0.996998 209.584 0 0 0 1 
0.995811 0.0406545 -0.0819036 74.3545 -0.0392798 0.99906 0.0183258 -4.65296 0.0825717 -0.0150319 0.996472 212.335 0 0 0 1 
0.995999 0.0345367 -0.0824176 74.2878 -0.0329864 0.999254 0.0200984 -4.66025 0.0830502 -0.0172993 0.996395 213.207 0 0 0 1 
0.995974 0.0329827 -0.0833507 74.2167 -0.0319815 0.9994 0.0133189 -4.6625 0.08374 -0.0105996 0.996431 214.061 0 0 0 1 
0.99615 0.0308782 -0.0820526 74.008 -0.0310587 0.999517 -0.000923846 -4.68916 0.0819844 0.00346873 0.996628 216.474 0 0 0 1 
0.996854 0.025369 -0.0750878 73.8931 -0.0259731 0.999638 -0.00708066 -4.71059 0.0748809 0.00900865 0.997152 218.015 0 0 0 1 
0.997908 0.0393341 -0.0513132 73.6792 -0.038893 0.999198 0.00956575 -4.75863 0.0516483 -0.00755001 0.998637 221.068 0 0 0 1 
0.998573 0.0380756 -0.0374424 73.6219 -0.0383859 0.999234 -0.00760303 -4.77838 0.0371242 0.00902944 0.99927 222.528 0 0 0 1 
0.999514 0.0292668 -0.0107614 73.5738 -0.0292758 0.999571 -0.000680575 -4.83722 0.0107369 0.000995293 0.999942 225.423 0 0 0 1 
0.99969 0.0248681 -0.00138457 73.5752 -0.0248658 0.999689 0.00162154 -4.8638 0.00142447 -0.00158661 0.999998 226.851 0 0 0 1 
0.99954 0.0303132 -0.00104101 73.5528 -0.0303018 0.999495 0.00960199 -4.88359 0.00133155 -0.00956603 0.999953 229.764 0 0 0 1 
0.999059 0.0433166 -0.00213049 73.5102 -0.0433251 0.999052 -0.00414131 -4.89559 0.00194908 0.00422972 0.999989 231.198 0 0 0 1 
0.998888 0.0445258 -0.0155282 73.4537 -0.0445112 0.999008 0.00128454 -4.93302 0.01557 -0.000591934 0.999879 234.193 0 0 0 1 
0.999171 0.0333772 -0.0233007 73.4236 -0.0327868 0.999143 0.0252771 -4.94639 0.0241244 -0.0244922 0.999409 235.739 0 0 0 1 
0.99894 0.0361426 -0.0285078 73.3618 -0.035659 0.999214 0.0172921 -4.94026 0.0291104 -0.0162572 0.999444 237.256 0 0 0 1 
0.99924 0.0111366 -0.037358 73.2725 -0.010657 0.999859 0.013013 -4.93083 0.0374976 -0.012605 0.999217 240.361 0 0 0 1 
0.999184 0.00553392 -0.040019 73.2107 -0.0050203 0.999904 0.0129235 -4.93987 0.0400866 -0.0127121 0.999115 241.945 0 0 0 1 
0.998986 -0.0111738 -0.043621 73.0903 0.0118111 0.999827 0.0143796 -4.94405 0.0434528 -0.0148802 0.998945 245.143 0 0 0 1 
0.998899 -0.0133395 -0.044979 73.0205 0.0140235 0.99979 0.0149245 -4.95139 0.0447705 -0.0155389 0.998876 246.727 0 0 0 1 
0.998917 -0.0136819 -0.0444772 72.8747 0.0134329 0.999892 -0.00589301 -4.97668 0.044553 0.00528917 0.998993 249.782 0 0 0 1 
0.99882 -0.017543 -0.0452804 72.8146 0.0179417 0.999804 0.00841397 -5.00125 0.0451239 -0.00921645 0.998939 251.287 0 0 0 1 
0.998233 -0.0250709 -0.0538649 72.6903 0.0261114 0.999484 0.0187001 -5.0184 0.0533683 -0.0200735 0.998373 254.037 0 0 0 1 
0.996823 -0.0326621 -0.0726434 72.6091 0.0336693 0.999353 0.0126833 -5.02603 0.0721821 -0.0150889 0.997277 255.271 0 0 0 1 
0.9938 -0.0346592 -0.105646 72.479 0.0355112 0.99935 0.00619422 -5.03033 0.105362 -0.00990743 0.994385 256.438 0 0 0 1 
0.987684 -0.0359075 -0.152285 72.2936 0.0377257 0.999247 0.00906596 -5.03644 0.151845 -0.0146994 0.988295 257.578 0 0 0 1 
0.957406 -0.0311726 -0.287058 71.6996 0.033285 0.999443 0.00248061 -5.06986 0.28682 -0.0119297 0.95791 259.678 0 0 0 1 
0.927183 -0.0221854 -0.373952 71.2608 0.0228005 0.999736 -0.00277948 -5.07674 0.373915 -0.00594918 0.927444 260.631 0 0 0 1 
0.884242 0.000582444 -0.467028 70.7153 -0.00313354 0.999984 -0.00468575 -5.09759 0.467018 0.00560679 0.88423 261.49 0 0 0 1 
0.857095 0.0130241 -0.514994 70.4092 -0.0167447 0.999856 -0.00258164 -5.10866 0.514886 0.0108361 0.85719 261.887 0 0 0 1 
0.791724 0.028668 -0.610205 69.7587 -0.0329502 0.999448 0.00420296 -5.11293 0.609989 0.0167788 0.792232 262.635 0 0 0 1 
0.715388 0.0483787 -0.697051 69.0138 -0.0415329 0.99878 0.0266947 -5.10517 0.697492 0.00985347 0.716525 263.296 0 0 0 1 
0.674398 0.0605725 -0.735879 68.6115 -0.0465127 0.998135 0.0395329 -5.09444 0.736902 0.00756682 0.675958 263.59 0 0 0 1 
0.587798 0.0732418 -0.805685 67.7812 -0.0498795 0.99728 0.0542686 -5.06425 0.807468 0.00828823 0.589853 264.088 0 0 0 1 
0.541055 0.0757853 -0.837566 67.3635 -0.0485309 0.997085 0.0588688 -5.04933 0.839586 0.00879657 0.543156 264.301 0 0 0 1 
0.441653 0.0672987 -0.894658 66.4976 -0.0329003 0.997727 0.0588104 -5.00471 0.896582 0.00346071 0.442863 264.669 0 0 0 1 
0.389211 0.0597648 -0.919208 66.0587 -0.0237577 0.998212 0.054842 -4.97785 0.920842 0.00049315 0.389935 264.816 0 0 0 1 
0.334845 0.0539373 -0.940728 65.5948 -0.0184148 0.998544 0.0506977 -4.95097 0.942093 0.000347454 0.335351 264.938 0 0 0 1 
0.188247 0.0543683 -0.980616 63.9936 -0.0156974 0.998506 0.0523468 -4.87649 0.981996 0.00553901 0.188819 265.186 0 0 0 1 
0.145169 0.0537202 -0.987947 63.4474 -0.0134311 0.99854 0.0523226 -4.85218 0.989316 0.00567363 0.145679 265.247 0 0 0 1 
0.0161432 0.0465728 -0.998784 61.0829 -0.0114346 0.998858 0.0463914 -4.74393 0.999804 0.0106718 0.0166573 265.266 0 0 0 1 
-0.0500986 0.0409081 -0.997906 58.3834 -0.0192895 0.998935 0.0419187 -4.6405 0.998558 0.0213492 -0.0492561 265.107 0 0 0 1 
-0.0628284 0.0396182 -0.997238 55.3412 -0.0189128 0.998985 0.0408792 -4.53025 0.997845 0.0214289 -0.0620153 264.901 0 0 0 1 
-0.0603827 0.0356909 -0.997537 51.9084 -0.0139065 0.999233 0.0365934 -4.40865 0.998078 0.0160819 -0.0598401 264.695 0 0 0 1 
-0.0578625 0.0337806 -0.997753 50.0607 -0.0136449 0.999307 0.0346245 -4.34167 0.998231 0.0156177 -0.0573615 264.585 0 0 0 1 
-0.0519294 0.0346167 -0.998051 45.9019 -0.0066211 0.999365 0.0350068 -4.21124 0.998629 0.00842607 -0.0516672 264.362 0 0 0 1 
-0.0493483 0.0374523 -0.998079 43.7485 -0.00512211 0.999274 0.0377504 -4.13741 0.998768 0.00697519 -0.0491207 264.256 0 0 0 1 
-0.0477802 0.0446662 -0.997859 39.6092 -0.00206001 0.998993 0.0448156 -4.00382 0.998856 0.0041969 -0.0476401 264.046 0 0 0 1 
-0.0567723 0.0504873 -0.99711 35.1536 0.00631872 0.998719 0.050209 -3.86531 0.998367 -0.00344998 -0.0570185 263.811 0 0 0 1 
-0.0654226 0.0527111 -0.996464 32.0777 0.0108064 0.998583 0.0521136 -3.74843 0.997799 -0.00735874 -0.0658995 263.619 0 0 0 1 
-0.0702641 0.0480804 -0.996369 30.2074 0.00759394 0.998835 0.0476639 -3.68072 0.9975 -0.0042173 -0.0705474 263.474 0 0 0 1 
-0.0748509 0.0394754 -0.996413 26.3173 -0.00319289 0.999202 0.0398257 -3.56057 0.99719 0.00616242 -0.0746651 263.149 0 0 0 1 
-0.0741104 0.0385389 -0.996505 25.3215 -0.0049603 0.999226 0.039013 -3.53275 0.997238 0.00783423 -0.0738619 263.07 0 0 0 1 
-0.0724173 0.0387753 -0.99662 24.3187 -0.00541195 0.999214 0.0392695 -3.50935 0.99736 0.00823746 -0.0721506 262.991 0 0 0 1 
-0.0705866 0.0385732 -0.99676 23.3129 -0.0043771 0.99923 0.0389788 -3.48532 0.997496 0.00711429 -0.0703635 262.915 0 0 0 1 
-0.0686409 0.039684 -0.996852 22.295 -0.0033393 0.999194 0.0400072 -3.45656 0.997636 0.00607492 -0.068453 262.845 0 0 0 1 
-0.0667299 0.0407948 -0.996937 21.293 -0.00128836 0.999159 0.040972 -3.43146 0.99777 0.00401847 -0.0666213 262.779 0 0 0 1 
-0.064906 0.0430505 -0.996962 20.2986 0.00412821 0.999072 0.0428729 -3.40671 0.997883 -0.00133296 -0.0650235 262.724 0 0 0 1 
-0.0595491 0.0409385 -0.997386 17.4462 0.00884614 0.999141 0.0404824 -3.32966 0.998186 -0.00641233 -0.0598601 262.56 0 0 0 1 
-0.0587403 0.0452228 -0.997248 15.6757 0.0148194 0.998903 0.0444249 -3.2804 0.998163 -0.0121691 -0.059346 262.46 0 0 0 1 
-0.060759 0.0515543 -0.99682 13.9111 0.0108312 0.998641 0.0509883 -3.22613 0.998094 -0.00769878 -0.0612348 262.335 0 0 0 1 
-0.0657929 0.0470564 -0.996723 12.1099 0.00927537 0.998873 0.0465456 -3.16926 0.99779 -0.0061826 -0.0661552 262.205 0 0 0 1 
-0.0740003 0.0420448 -0.996372 10.3022 0.007696 0.999105 0.0415886 -3.10971 0.997229 -0.00459051 -0.0742577 262.061 0 0 0 1 
-0.0789699 0.0412764 -0.996022 9.40486 0.00634465 0.999143 0.0409027 -3.0854 0.996857 -0.00308934 -0.0791641 261.983 0 0 0 1 
-0.0836845 0.0416548 -0.995621 8.50198 0.00438598 0.999132 0.041433 -3.05962 0.996483 -0.000899475 -0.0837945 261.896 0 0 0 1 
-0.0925384 0.0458466 -0.994653 6.72447 -0.000199618 0.998939 0.0460627 -3.0098 0.995709 0.00446112 -0.0924311 261.715 0 0 0 1 
-0.0999271 0.0463791 -0.993913 4.94785 -0.00840521 0.998838 0.047454 -2.95635 0.994959 0.013096 -0.0994211 261.519 0 0 0 1 
-0.103507 0.0438477 -0.993662 3.22279 -0.0178441 0.998785 0.0459326 -2.90267 0.994469 0.0224853 -0.102599 261.32 0 0 0 1 
-0.104966 0.044485 -0.99348 1.54516 -0.0239705 0.998596 0.0472466 -2.85205 0.994187 0.0287735 -0.103752 261.127 0 0 0 1 
-0.104734 0.0441061 -0.993522 -0.0662747 -0.0296141 0.998435 0.047446 -2.80564 0.994059 0.0343915 -0.103264 260.938 0 0 0 1 
-0.0973336 0.0463804 -0.994171 -3.10925 -0.0355504 0.998114 0.0500449 -2.71159 0.994617 0.0402142 -0.0955012 260.608 0 0 0 1 
-0.0915012 0.0441089 -0.994828 -4.52986 -0.0371454 0.998172 0.0476737 -2.668 0.995112 0.0413155 -0.0896955 260.469 0 0 0 1 
-0.0856116 0.042983 -0.995401 -5.89876 -0.0330999 0.998395 0.0459591 -2.62565 0.995779 0.0368823 -0.0840514 260.355 0 0 0 1 
-0.0785673 0.0449177 -0.995896 -7.20159 -0.0341004 0.998279 0.0477154 -2.58871 0.996325 0.0377093 -0.0769004 260.248 0 0 0 1 
-0.0699648 0.0446596 -0.996549 -8.41339 -0.0347257 0.998283 0.0471752 -2.55661 0.996945 0.0379065 -0.0682938 260.16 0 0 0 1 
-0.0567748 0.0466689 -0.997296 -10.0921 -0.0312518 0.998334 0.0484967 -2.50504 0.997898 0.0339207 -0.0552218 260.068 0 0 0 1 
-0.0424661 0.0507178 -0.99781 -11.6031 -0.0323597 0.998117 0.0521106 -2.4621 0.998574 0.0345017 -0.040745 260.002 0 0 0 1 
-0.0249567 0.0515533 -0.998358 -12.9387 -0.0290372 0.998211 0.0522716 -2.41943 0.999267 0.030294 -0.0234151 259.977 0 0 0 1 
-0.00738415 0.0488631 -0.998778 -14.0886 -0.0256195 0.998468 0.0490374 -2.38585 0.999644 0.0259503 -0.00612099 259.98 0 0 0 1 
0.0102506 0.0472815 -0.998829 -15.2707 -0.0236095 0.998614 0.0470291 -2.35177 0.999669 0.0230997 0.0113527 260.001 0 0 0 1 
0.0315465 0.0197421 -0.999307 -16.9618 -0.0194077 0.999629 0.0191358 -2.32049 0.999314 0.0187905 0.0319179 260.06 0 0 0 1 
0.0660953 0.0158031 -0.997688 -17.7081 -0.0205306 0.999684 0.0144746 -2.30755 0.997602 0.0195265 0.0663989 260.127 0 0 0 1 
0.115959 0.0207997 -0.993036 -18.4645 -0.0218888 0.999591 0.018381 -2.30091 0.993013 0.0196049 0.116367 260.244 0 0 0 1 
0.189061 0.0250462 -0.981646 -19.3246 -0.0219778 0.999532 0.0212698 -2.29765 0.981719 0.0175531 0.189523 260.45 0 0 0 1 
0.252375 0.0247994 -0.967312 -19.933 -0.0166196 0.999635 0.0212919 -2.29216 0.967487 0.0107028 0.252695 260.66 0 0 0 1 
0.415431 0.0394157 -0.90877 -21.2598 -0.0185424 0.99922 0.0348624 -2.27456 0.909436 0.00236788 0.415838 261.291 0 0 0 1 
0.604543 0.0412605 -0.795503 -22.5284 -0.0200948 0.99913 0.036551 -2.26214 0.796319 -0.00611118 0.604846 262.312 0 0 0 1 
0.651588 0.0379206 -0.757625 -22.8272 -0.020829 0.999268 0.0321015 -2.25597 0.758287 -0.00513634 0.6519 262.632 0 0 0 1 
0.743166 0.0324025 -0.668322 -23.3982 -0.0259799 0.999471 0.0195683 -2.23406 0.668602 0.00282046 0.743615 263.357 0 0 0 1 
0.786082 0.0327015 -0.617256 -23.6704 -0.0284029 0.999456 0.0167786 -2.22541 0.617469 0.00434253 0.786583 263.771 0 0 0 1 
0.824811 0.0329695 -0.564446 -23.9238 -0.0280987 0.999455 0.0173186 -2.21823 0.56471 0.00157559 0.825288 264.22 0 0 0 1 
0.888226 0.0262562 -0.458656 -24.3619 -0.020792 0.99964 0.0169599 -2.21725 0.458936 -0.00552779 0.888452 265.23 0 0 0 1 
0.913561 0.0233694 -0.40603 -24.5522 -0.0185978 0.999704 0.0156941 -2.21827 0.406277 -0.00678622 0.913725 265.767 0 0 0 1 
0.951106 0.0194818 -0.308251 -24.8782 -0.0179811 0.999809 0.00770846 -2.20573 0.308342 -0.00178886 0.951274 266.922 0 0 0 1 
0.96481 0.0191368 -0.262252 -25.015 -0.0185869 0.999817 0.0045775 -2.20179 0.262292 0.000458045 0.964989 267.534 0 0 0 1 
0.975161 0.0189006 -0.220689 -25.1313 -0.0184157 0.999821 0.00425464 -2.20447 0.22073 -8.48161e-05 0.975335 268.163 0 0 0 1 
0.991973 0.0159527 -0.125441 -25.3757 -0.0153819 0.999866 0.0055176 -2.21345 0.125512 -0.00354378 0.992086 270.119 0 0 0 1 
0.996076 0.0115953 -0.0877373 -25.4851 -0.0111346 0.999922 0.00573854 -2.21584 0.0877969 -0.0047391 0.996127 271.563 0 0 0 1 
0.998679 0.00929409 -0.0505344 -25.6543 -0.00918618 0.999955 0.0023672 -2.2209 0.0505542 -0.00189986 0.99872 274.632 0 0 0 1 
0.999129 0.00869198 -0.0408201 -25.8031 -0.00848607 0.99995 0.00521491 -2.23233 0.0408634 -0.00486397 0.999153 278.162 0 0 0 1 
0.999013 0.00575399 -0.0440336 -25.9684 -0.00561652 0.999979 0.00324488 -2.23579 0.0440513 -0.00299437 0.999025 281.991 0 0 0 1 
0.998894 0.00945551 -0.0460597 -26.0681 -0.00976298 0.999932 -0.00645495 -2.2442 0.0459955 0.00689749 0.998918 283.93 0 0 0 1 
0.998857 0.0114208 -0.0464136 -26.1153 -0.0117199 0.999912 -0.00617682 -2.25013 0.046339 0.00671372 0.998903 284.903 0 0 0 1 
0.998925 0.00544275 -0.0460351 -26.3177 -0.0048501 0.999904 0.0129758 -2.26174 0.0461013 -0.0127386 0.998856 289.195 0 0 0 1 
0.998713 0.000144623 -0.0507183 -26.5147 -0.000495908 0.999976 -0.00691368 -2.27754 0.0507161 0.00692993 0.998689 293.297 0 0 0 1 
0.99867 0.0027045 -0.0514859 -26.5755 -0.00297007 0.999983 -0.00508231 -2.28963 0.0514713 0.00522847 0.998661 294.364 0 0 0 1 
0.998658 0.00441374 -0.0516063 -26.6357 -0.00434146 0.999989 0.0015126 -2.29864 0.0516124 -0.00128652 0.998666 295.463 0 0 0 1 
0.998698 0.00489369 -0.050773 -26.7512 -0.004282 0.999917 0.0121492 -2.30606 0.0508283 -0.011916 0.998636 297.704 0 0 0 1 
0.998713 0.00353005 -0.0506023 -26.8076 -0.00301885 0.999944 0.0101752 -2.30409 0.0506354 -0.0100093 0.998667 298.828 0 0 0 1 
0.99871 0.00188789 -0.0507422 -26.8633 -0.00158225 0.99998 0.00606279 -2.30076 0.0507527 -0.00597469 0.998693 299.967 0 0 0 1 
0.998653 -0.000499093 -0.0518929 -26.9771 0.000541508 1 0.000803307 -2.30926 0.0518925 -0.000830325 0.998652 302.264 0 0 0 1 
0.99861 -0.000639293 -0.0527045 -27.0378 0.00070177 0.999999 0.00116692 -2.31905 0.0527037 -0.00120228 0.998609 303.425 0 0 0 1 
0.998427 -0.00184074 -0.0560345 -27.1667 0.00227452 0.999968 0.00767847 -2.33574 0.0560186 -0.00779384 0.998399 305.769 0 0 0 1 
0.998314 -0.00341857 -0.0579499 -27.2339 0.00376401 0.999976 0.00585291 -2.34476 0.0579285 -0.00606116 0.998302 306.945 0 0 0 1 
0.998092 -0.00520204 -0.0615262 -27.3766 0.00495491 0.999979 -0.00416861 -2.36176 0.0615466 0.0038558 0.998097 309.303 0 0 0 1 
0.998007 -0.0048668 -0.0629145 -27.4537 0.00454215 0.999976 -0.00530216 -2.37923 0.0629388 0.00500582 0.998005 310.494 0 0 0 1 
0.997827 -0.00151809 -0.065872 -27.6183 0.0015314 0.999999 0.000151567 -2.41583 0.0658717 -0.000252114 0.997828 312.881 0 0 0 1 
0.997732 0.000643894 -0.067312 -27.701 -0.000289918 0.999986 0.00526838 -2.43005 0.0673145 -0.00523691 0.997718 314.074 0 0 0 1 
0.99757 0.0049992 -0.0694941 -27.8776 -0.00433604 0.999944 0.00969033 -2.4497 0.0695386 -0.00936546 0.997535 316.422 0 0 0 1 
0.997558 0.00503799 -0.0696634 -27.9634 -0.00444303 0.999952 0.00869281 -2.45532 0.0697038 -0.00836207 0.997533 317.593 0 0 0 1 
0.997562 0.00449393 -0.0696356 -28.1298 -0.00428158 0.999986 0.00319844 -2.47306 0.069649 -0.00289249 0.997567 319.917 0 0 0 1 
0.997542 0.00286415 -0.0700166 -28.2102 -0.00291252 0.999996 -0.000588754 -2.48572 0.0700146 0.000791231 0.997546 321.072 0 0 0 1 
0.997562 0.00401668 -0.0696697 -28.3771 -0.00404571 0.999992 -0.000275577 -2.5181 0.069668 0.000556769 0.99757 323.372 0 0 0 1 
0.997584 0.00654074 -0.0691565 -28.4628 -0.00636733 0.999976 0.00272763 -2.535 0.0691727 -0.0022807 0.997602 324.517 0 0 0 1 
0.997603 0.00838724 -0.0686886 -28.5474 -0.00811698 0.999958 0.00421275 -2.54969 0.0687211 -0.0036451 0.997629 325.659 0 0 0 1 
0.997617 0.0122569 -0.0678999 -28.7133 -0.0116752 0.999892 0.00895714 -2.56621 0.0680023 -0.00814305 0.997652 327.95 0 0 0 1 
0.997636 0.0143675 -0.0672049 -28.7961 -0.0134758 0.999815 0.0137031 -2.57071 0.0673894 -0.0127651 0.997645 329.094 0 0 0 1 
0.997612 0.0171877 -0.0668953 -28.8795 -0.0163128 0.999774 0.0136027 -2.57211 0.067114 -0.012479 0.997667 330.223 0 0 0 1 
0.997583 0.0197897 -0.0666055 -28.9605 -0.0192614 0.999778 0.00856491 -2.576 0.0667602 -0.0072613 0.997743 331.341 0 0 0 1 
0.99754 0.0219425 -0.0665694 -29.038 -0.0217238 0.999756 0.00400784 -2.57983 0.0666411 -0.00255184 0.997774 332.483 0 0 0 1 
0.997388 0.0302796 -0.0655755 -29.3726 -0.03031 0.99954 0.000531416 -2.62716 0.0655615 0.00145757 0.997847 337 0 0 0 1 
0.997377 0.0306396 -0.0655838 -29.4518 -0.0305075 0.99953 0.00301511 -2.63978 0.0656454 -0.0010064 0.997843 338.143 0 0 0 1 
0.997382 0.0297927 -0.0658953 -29.6075 -0.029501 0.99955 0.00539611 -2.65746 0.0660264 -0.003438 0.997812 340.416 0 0 0 1 
0.997489 0.0306028 -0.0638706 -29.8443 -0.0303321 0.999526 0.00520335 -2.67649 0.0639996 -0.00325295 0.997945 343.873 0 0 0 1 
0.997557 0.0299698 -0.0630999 -29.9207 -0.0297284 0.999547 0.00476132 -2.68246 0.063214 -0.00287383 0.997996 345.04 0 0 0 1 
0.997558 0.0307803 -0.0626986 -29.9964 -0.0305544 0.999523 0.00455823 -2.68899 0.0628089 -0.00263138 0.998022 346.21 0 0 0 1 
0.997598 0.0309237 -0.0619863 -30.074 -0.0306105 0.999513 0.0059964 -2.69324 0.0621416 -0.00408457 0.998059 347.386 0 0 0 1 
0.997667 0.029642 -0.0614938 -30.149 -0.0294127 0.999557 0.00463155 -2.70271 0.0616038 -0.00281205 0.998097 348.56 0 0 0 1 
0.99762 0.0312644 -0.061464 -30.2263 -0.0313187 0.999509 7.94373e-05 -2.71139 0.0614363 0.00184572 0.998109 349.73 0 0 0 1 
0.997623 0.030828 -0.061635 -30.3021 -0.0310808 0.999512 -0.00314689 -2.7213 0.0615079 0.00505507 0.998094 350.9 0 0 0 1 
0.997661 0.0293321 -0.0617431 -30.3753 -0.029413 0.999567 -0.000402148 -2.73476 0.0617045 0.00221726 0.998092 352.094 0 0 0 1 
0.997722 0.0297045 -0.0605722 -30.6104 -0.0291848 0.999529 0.00944724 -2.76057 0.0608243 -0.00765793 0.998119 355.675 0 0 0 1 
0.997721 0.0305244 -0.0601813 -30.6896 -0.0298971 0.999489 0.0112977 -2.76491 0.0604954 -0.00947266 0.998124 356.877 0 0 0 1 
0.997789 0.0282465 -0.0601547 -30.7652 -0.0276012 0.999552 0.0115319 -2.76955 0.0604535 -0.00984605 0.998122 358.077 0 0 0 1 
0.997876 0.0219433 -0.0613378 -30.985 -0.0216429 0.99975 0.00555791 -2.78871 0.0614445 -0.00421857 0.998102 361.593 0 0 0 1 
0.997881 0.0205448 -0.0617298 -31.0596 -0.0201632 0.999774 0.0067986 -2.79775 0.0618555 -0.00553953 0.99807 362.771 0 0 0 1 
0.997921 0.0180589 -0.0618705 -31.1332 -0.0174915 0.9998 0.00970085 -2.80572 0.0620333 -0.00859847 0.998037 363.936 0 0 0 1 
0.997954 0.0126261 -0.0626691 -31.2783 -0.0117306 0.999824 0.0146368 -2.81719 0.0628429 -0.0138717 0.997927 366.261 0 0 0 1 
0.997935 0.00486022 -0.0640439 -31.4939 -0.00448918 0.999972 0.00593608 -2.83181 0.064071 -0.00563632 0.997929 369.671 0 0 0 1 
0.997836 0.00171397 -0.0657346 -31.6413 -0.00110164 0.999956 0.00935034 -2.85208 0.0657477 -0.00925769 0.997793 371.919 0 0 0 1 
0.997541 -0.00565896 -0.0698573 -31.9391 0.00672173 0.999865 0.0149878 -2.87155 0.0697631 -0.0154205 0.997444 376.297 0 0 0 1 
0.997379 -0.0068511 -0.0720349 -32.0905 0.00771589 0.999901 0.0117338 -2.87631 0.0719474 -0.0122588 0.997333 378.419 0 0 0 1 
0.997267 -0.00510187 -0.0737072 -32.2512 0.00594631 0.999919 0.0112418 -2.88657 0.0736439 -0.0116494 0.997217 380.498 0 0 0 1 
0.997201 -0.00255687 -0.0747207 -32.4125 0.00356721 0.999904 0.0133913 -2.89858 0.0746793 -0.0136204 0.997115 382.541 0 0 0 1 
0.997168 8.20901e-05 -0.0752006 -32.5715 0.000686003 0.999948 0.010188 -2.91092 0.0751975 -0.0102108 0.997116 384.515 0 0 0 1 
0.997559 -0.000853471 -0.0698291 -32.8544 0.0016583 0.999933 0.0114685 -2.94097 0.0698146 -0.0115563 0.997493 388.264 0 0 0 1 
0.997773 -0.0031315 -0.0666244 -32.9723 0.00399682 0.999909 0.0128587 -2.95363 0.0665781 -0.0130964 0.997695 390.017 0 0 0 1 
0.997973 -0.0065049 -0.0632978 -33.0748 0.00756153 0.999836 0.0164678 -2.96158 0.0631803 -0.016913 0.997859 391.669 0 0 0 1 
0.998337 -0.00528484 -0.0574042 -33.262 0.0058264 0.99994 0.00927105 -2.98251 0.0573517 -0.0095901 0.998308 394.656 0 0 0 1 
0.998486 -0.0046753 -0.0548076 -33.3803 0.00525817 0.999931 0.0104955 -2.99231 0.0547547 -0.0107678 0.998442 396.651 0 0 0 1 
