-0.804328 0.107138 0.584446 288.436 0.115166 0.993067 -0.0235503 -30.1403 -0.582918 0.0483661 -0.81109 247.473 0 0 0 1 
-0.802193 0.111428 0.586574 289.645 0.116742 0.992741 -0.0289287 -30.2225 -0.58554 0.0452716 -0.809379 245.813 0 0 0 1 
-0.801178 0.106404 0.58889 291.471 0.113694 0.993207 -0.0247791 -30.3552 -0.587527 0.0471008 -0.807833 243.325 0 0 0 1 
-0.801222 0.105153 0.589056 292.681 0.112587 0.993348 -0.0241842 -30.4391 -0.58768 0.0469432 -0.80773 241.681 0 0 0 1 
-0.801412 0.104585 0.588897 293.287 0.110813 0.99351 -0.0256388 -30.4798 -0.587757 0.0447104 -0.807801 240.863 0 0 0 1 
-0.802185 0.10468 0.587828 293.964 0.10965 0.993595 -0.0273031 -30.5401 -0.586921 0.0425533 -0.808525 239.949 0 0 0 1 
-0.803712 0.104555 0.585761 295.241 0.109259 0.993634 -0.027445 -30.6458 -0.584902 0.0419421 -0.810019 238.211 0 0 0 1 
-0.804532 0.105643 0.584438 295.91 0.110058 0.993528 -0.0280844 -30.7089 -0.583622 0.0417273 -0.810953 237.292 0 0 0 1 
-0.805677 0.107985 0.582429 297.168 0.111343 0.993325 -0.0301456 -30.8182 -0.581796 0.0405619 -0.812322 235.557 0 0 0 1 
-0.806292 0.108794 0.581427 297.832 0.110886 0.993315 -0.0320939 -30.883 -0.581032 0.0385952 -0.812965 234.643 0 0 0 1 
-0.806662 0.107388 0.581175 298.497 0.110021 0.99345 -0.0308594 -30.9477 -0.580683 0.0390483 -0.813193 233.728 0 0 0 1 
-0.806843 0.103963 0.581546 299.167 0.108485 0.993728 -0.0271358 -31.014 -0.580719 0.0411945 -0.813061 232.81 0 0 0 1 
-0.806147 0.101107 0.583013 300.425 0.106582 0.993989 -0.0250054 -31.118 -0.582037 0.0419808 -0.812078 231.083 0 0 0 1 
-0.800278 0.104047 0.590533 302.894 0.105069 0.993926 -0.0327339 -31.3042 -0.590352 0.0358505 -0.80635 227.732 0 0 0 1 
-0.799704 0.104155 0.591291 303.58 0.105034 0.99392 -0.0330228 -31.3701 -0.591136 0.0356973 -0.805782 226.81 0 0 0 1 
-0.799013 0.106965 0.591724 304.271 0.105706 0.993713 -0.0368955 -31.438 -0.59195 0.0330687 -0.805296 225.883 0 0 0 1 
-0.798359 0.1114 0.591788 304.963 0.108092 0.993289 -0.0411578 -31.5034 -0.592402 0.0311087 -0.805042 224.947 0 0 0 1 
-0.798234 0.111726 0.591895 305.667 0.108501 0.993244 -0.04116 -31.5726 -0.592495 0.0313658 -0.804963 224 0 0 0 1 
-0.799011 0.10933 0.591294 306.376 0.10589 0.993548 -0.0406187 -31.6493 -0.59192 0.0301571 -0.805432 223.051 0 0 0 1 
-0.800289 0.107748 0.589855 307.091 0.101984 0.993849 -0.0431768 -31.7235 -0.590878 0.0256019 -0.806354 222.099 0 0 0 1 
-0.801935 0.105618 0.588001 307.805 0.0978446 0.994178 -0.0451326 -31.7978 -0.589345 0.0213394 -0.8076 221.143 0 0 0 1 
-0.803551 0.102174 0.586401 308.524 0.094461 0.994562 -0.0438515 -31.8772 -0.587692 0.0201551 -0.808833 220.173 0 0 0 1 
-0.804953 0.100187 0.584818 309.899 0.0952024 0.994679 -0.0393627 -32.0139 -0.58565 0.023991 -0.810209 218.295 0 0 0 1 
-0.805462 0.101501 0.583891 310.622 0.0976024 0.994491 -0.0382379 -32.0913 -0.584555 0.02619 -0.810931 217.303 0 0 0 1 
-0.805866 0.103629 0.582958 311.339 0.100132 0.994236 -0.038319 -32.1694 -0.583569 0.027493 -0.811598 216.313 0 0 0 1 
-0.806315 0.105441 0.582012 312.053 0.101447 0.994055 -0.0395458 -32.2473 -0.582721 0.0271568 -0.812218 215.322 0 0 0 1 
-0.80662 0.106306 0.581431 312.766 0.101275 0.994003 -0.0412395 -32.3278 -0.582329 0.0256199 -0.81255 214.34 0 0 0 1 
-0.806495 0.106448 0.581579 313.477 0.100781 0.994014 -0.0421804 -32.409 -0.582588 0.024594 -0.812396 213.366 0 0 0 1 
-0.80604 0.107156 0.582079 314.182 0.100707 0.993964 -0.0435263 -32.4924 -0.58323 0.0235352 -0.811966 212.399 0 0 0 1 
-0.80491 0.106827 0.583702 315.519 0.0986315 0.994064 -0.0459192 -32.6434 -0.585143 0.0206106 -0.810668 210.569 0 0 0 1 
-0.803592 0.107162 0.585454 316.161 0.0985445 0.994037 -0.0466869 -32.7105 -0.586965 0.020176 -0.809361 209.711 0 0 0 1 
-0.801195 0.108995 0.588393 318.041 0.0962561 0.993942 -0.0530513 -32.915 -0.59061 0.0141319 -0.806833 207.177 0 0 0 1 
-0.800599 0.107429 0.589491 318.676 0.0948151 0.994115 -0.0523981 -32.9868 -0.591651 0.0139428 -0.806074 206.341 0 0 0 1 
-0.800139 0.105507 0.590462 319.306 0.0935887 0.994312 -0.0508466 -33.0583 -0.592468 0.0145762 -0.805462 205.513 0 0 0 1 
-0.800033 0.102831 0.591077 319.933 0.0917526 0.994583 -0.0488406 -33.128 -0.592898 0.0151588 -0.805135 204.691 0 0 0 1 
-0.800989 0.0998228 0.590299 321.747 0.0915143 0.994829 -0.0440534 -33.3252 -0.591644 0.0187345 -0.805982 202.261 0 0 0 1 
-0.802955 0.0977396 0.587971 322.903 0.0914998 0.994984 -0.0404426 -33.4472 -0.588975 0.0213257 -0.80787 200.714 0 0 0 1 
-0.80672 0.0981765 0.582721 323.988 0.0918878 0.994949 -0.0404186 -33.5592 -0.583746 0.0209385 -0.811667 199.244 0 0 0 1 
-0.813372 0.0984564 0.573352 325 0.0916358 0.994954 -0.0408573 -33.6643 -0.574482 0.0193074 -0.81829 197.852 0 0 0 1 
-0.823068 0.100623 0.558958 325.923 0.0948784 0.994711 -0.0393587 -33.7629 -0.559961 0.0206381 -0.828262 196.523 0 0 0 1 
-0.838016 0.101528 0.536117 326.743 0.0965347 0.994624 -0.0374637 -33.8562 -0.537038 0.0203587 -0.843312 195.268 0 0 0 1 
-0.860191 0.103006 0.499461 327.444 0.0975093 0.99454 -0.0371733 -33.9344 -0.500563 0.016726 -0.865538 194.082 0 0 0 1 
-0.924768 0.106625 0.365289 328.458 0.103975 0.994214 -0.0269802 -34.0587 -0.366052 0.0130303 -0.930503 191.784 0 0 0 1 
-0.942592 0.108365 0.315875 328.633 0.106927 0.994025 -0.0219376 -34.081 -0.316365 0.0130973 -0.948547 191.213 0 0 0 1 
-0.959053 0.108611 0.261573 328.773 0.109116 0.993949 -0.0126371 -34.0983 -0.261363 0.0164222 -0.965101 190.632 0 0 0 1 
-0.973467 0.108029 0.201724 328.876 0.109976 0.993933 -0.00156324 -34.1106 -0.200669 0.0206631 -0.979441 190.047 0 0 0 1 
-0.991883 0.109252 0.0650489 328.936 0.110731 0.993658 0.0195795 -34.117 -0.0624973 0.0266235 -0.99769 188.88 0 0 0 1 
-0.993768 0.111165 -0.00824712 328.907 0.110903 0.993454 0.0273638 -34.1097 0.011235 0.0262786 -0.999592 188.297 0 0 0 1 
-0.981235 0.114855 -0.154871 328.712 0.109417 0.993056 0.0432234 -34.0733 0.15876 0.0254668 -0.986989 187.155 0 0 0 1 
-0.96692 0.117187 -0.226567 328.559 0.108216 0.992784 0.0516636 -34.0525 0.230987 0.0254365 -0.972624 186.611 0 0 0 1 
-0.922847 0.123462 -0.364843 328.117 0.105681 0.992045 0.0683931 -33.9914 0.370384 0.0245593 -0.928554 185.578 0 0 0 1 
-0.862209 0.130295 -0.489508 327.52 0.100986 0.991168 0.0859516 -33.9047 0.496384 0.024675 -0.867752 184.596 0 0 0 1 
-0.794102 0.135502 -0.592487 326.792 0.0911071 0.990355 0.104385 -33.8017 0.600917 0.0289123 -0.798788 183.662 0 0 0 1 
-0.758477 0.136152 -0.637318 326.392 0.0845276 0.990225 0.110948 -33.7447 0.646194 0.0302803 -0.762572 183.214 0 0 0 1 
-0.72296 0.136963 -0.677178 325.959 0.0785609 0.990093 0.11638 -33.6789 0.686409 0.0309381 -0.726558 182.778 0 0 0 1 
-0.602346 0.13691 -0.786407 323.963 0.049988 0.989717 0.134017 -33.3773 0.796669 0.0414136 -0.602996 181.133 0 0 0 1 
-0.512228 0.131628 -0.848703 322.229 0.0235001 0.989964 0.139354 -33.1123 0.858528 0.0514362 -0.510181 180.023 0 0 0 1 
-0.481251 0.130273 -0.866849 321.605 0.0169598 0.990094 0.139379 -33.0188 0.876419 0.0523747 -0.478693 179.685 0 0 0 1 
-0.451335 0.128634 -0.883034 320.965 0.0110586 0.990286 0.138605 -32.9227 0.892286 0.0527923 -0.448374 179.365 0 0 0 1 
-0.393979 0.12857 -0.910083 319.575 0.00653902 0.990535 0.137105 -32.7186 0.919096 0.0480655 -0.39109 178.77 0 0 0 1 
-0.366236 0.129189 -0.92151 318.848 0.0052344 0.990586 0.136792 -32.614 0.930507 0.0452748 -0.363465 178.495 0 0 0 1 
-0.312829 0.128774 -0.941039 317.317 0.0038372 0.99093 0.134326 -32.402 0.949802 0.03841 -0.310486 177.989 0 0 0 1 
-0.287825 0.129404 -0.9489 316.519 0.00656938 0.991072 0.133163 -32.2926 0.95766 0.0320939 -0.286106 177.763 0 0 0 1 
-0.241263 0.135554 -0.960946 314.84 0.014687 0.990593 0.136048 -32.066 0.970349 0.0187099 -0.240984 177.355 0 0 0 1 
-0.220504 0.140083 -0.965274 313.97 0.0175154 0.990042 0.139676 -31.9483 0.975229 0.0138919 -0.220762 177.169 0 0 0 1 
-0.20238 0.142088 -0.968944 313.086 0.0167504 0.989776 0.141645 -31.8288 0.979164 0.0124358 -0.202691 176.992 0 0 0 1 
-0.169251 0.136004 -0.976144 311.248 0.0104262 0.990625 0.136213 -31.577 0.985518 0.0128768 -0.169082 176.656 0 0 0 1 
-0.152142 0.13371 -0.979272 310.302 0.00546104 0.990905 0.13445 -31.4455 0.988344 0.0151076 -0.151488 176.506 0 0 0 1 
-0.117981 0.136872 -0.983538 308.323 0.00171054 0.990482 0.137633 -31.1816 0.993014 0.0145556 -0.117092 176.248 0 0 0 1 
-0.103662 0.136664 -0.985179 307.313 0.00397402 0.990564 0.136992 -31.0472 0.994605 0.0102858 -0.103227 176.149 0 0 0 1 
-0.0817127 0.126896 -0.988545 305.255 0.00943825 0.991916 0.126548 -30.7788 0.996611 0.00101046 -0.0822498 175.98 0 0 0 1 
-0.0723998 0.121763 -0.989915 304.203 0.0109376 0.992557 0.121288 -30.6488 0.997316 -0.00204604 -0.0731928 175.904 0 0 0 1 
-0.057336 0.124842 -0.990519 300.898 0.00988344 0.992173 0.124478 -30.2588 0.998306 -0.00265266 -0.0581211 175.691 0 0 0 1 
-0.0494277 0.125431 -0.99087 298.631 0.00968736 0.992096 0.125103 -29.9897 0.998731 -0.00341536 -0.0502522 175.568 0 0 0 1 
-0.047183 0.125183 -0.991011 297.492 0.008298 0.992131 0.124929 -29.8533 0.998852 -0.00232889 -0.0478505 175.51 0 0 0 1 
-0.0442833 0.125394 -0.991118 296.349 0.00899111 0.992101 0.125117 -29.7193 0.998979 -0.00337066 -0.045061 175.457 0 0 0 1 
-0.0383056 0.123167 -0.991646 294.052 0.00465689 0.992386 0.123078 -29.4534 0.999255 9.66072e-05 -0.0385876 175.35 0 0 0 1 
-0.0356831 0.123614 -0.991689 292.907 0.002481 0.992328 0.123605 -29.322 0.99936 0.00195021 -0.035716 175.302 0 0 0 1 
-0.0337042 0.124697 -0.991622 291.762 0.00013459 0.992186 0.124764 -29.192 0.999432 0.0040716 -0.0334577 175.262 0 0 0 1 
-0.0279404 0.124531 -0.991822 289.44 -0.00347813 0.992191 0.124676 -28.9266 0.999604 0.00693318 -0.0272891 175.188 0 0 0 1 
-0.0182076 0.1262 -0.991838 284.701 -0.00924339 0.991939 0.126382 -28.3796 0.999791 0.0114691 -0.0168943 175.073 0 0 0 1 
-0.0083642 0.126746 -0.9919 279.898 -0.0167293 0.991778 0.126871 -27.8156 0.999825 0.017655 -0.00617505 174.992 0 0 0 1 
-0.00328698 0.12754 -0.991828 277.513 -0.0184406 0.991657 0.127579 -27.543 0.999825 0.0187093 -0.000907647 174.973 0 0 0 1 
-0.00103234 0.127483 -0.99184 276.329 -0.0180754 0.991676 0.127481 -27.4048 0.999836 0.0180596 0.00128056 174.971 0 0 0 1 
0.00229887 0.131227 -0.99135 273.966 -0.0203469 0.991153 0.131154 -27.1291 0.99979 0.0198694 0.00494859 174.964 0 0 0 1 
0.00401519 0.13199 -0.991243 272.805 -0.0216139 0.991031 0.131874 -26.9935 0.999758 0.0208951 0.006832 174.964 0 0 0 1 
0.00546073 0.132787 -0.99113 271.663 -0.0223698 0.990912 0.132635 -26.8579 0.999735 0.0214471 0.00838153 174.968 0 0 0 1 
0.00708704 0.134249 -0.990922 270.513 -0.021706 0.990734 0.134068 -26.7212 0.999739 0.0205588 0.00993539 174.977 0 0 0 1 
0.0115658 0.138398 -0.990309 267.083 -0.0197292 0.990214 0.138154 -26.3034 0.999738 0.0179401 0.0141831 175.01 0 0 0 1 
0.0149071 0.133793 -0.990897 263.683 -0.0203376 0.990843 0.13348 -25.8884 0.999682 0.0181626 0.0174917 175.054 0 0 0 1 
0.0154186 0.136004 -0.990588 261.44 -0.0179501 0.990584 0.135724 -25.6181 0.99972 0.0156885 0.0177147 175.088 0 0 0 1 
0.0156003 0.137477 -0.990382 260.372 -0.0162873 0.990406 0.137224 -25.4892 0.999746 0.0139899 0.0176898 175.106 0 0 0 1 
0.0151013 0.137584 -0.990375 255.999 -0.01831 0.99036 0.137302 -24.9512 0.999718 0.0160603 0.0174748 175.162 0 0 0 1 
0.0152363 0.13756 -0.990376 254.912 -0.0186311 0.990358 0.137271 -24.8174 0.99971 0.0163603 0.0176523 175.179 0 0 0 1 
0.0152396 0.137146 -0.990434 253.814 -0.0186236 0.990416 0.136857 -24.6816 0.99971 0.0163598 0.0176477 175.195 0 0 0 1 
0.0158962 0.137078 -0.990433 252.741 -0.0168718 0.990454 0.13681 -24.5504 0.999731 0.0145356 0.0180572 175.211 0 0 0 1 
0.0161413 0.136878 -0.990456 251.695 -0.0163414 0.990489 0.136616 -24.4238 0.999736 0.0139803 0.0182246 175.226 0 0 0 1 
0.0165683 0.136487 -0.990503 250.651 -0.0164212 0.990543 0.136218 -24.2953 0.999728 0.0140083 0.0186529 175.245 0 0 0 1 
0.026837 0.127304 -0.991501 245.442 -0.0154257 0.991792 0.126924 -23.6774 0.999521 0.0118884 0.0285805 175.349 0 0 0 1 
0.0354585 0.132069 -0.990606 242.461 -0.0128315 0.991208 0.13169 -23.3456 0.999289 0.00804149 0.0368414 175.449 0 0 0 1 
0.0501152 0.131187 -0.99009 238.721 -0.0120642 0.991343 0.130742 -22.9235 0.998671 0.00539245 0.051264 175.615 0 0 0 1 
0.0530645 0.131894 -0.989842 237.849 -0.0111179 0.991256 0.131487 -22.825 0.998529 0.00402772 0.0540669 175.665 0 0 0 1 
0.0542227 0.130427 -0.989974 237.002 -0.00830269 0.991457 0.130168 -22.731 0.998494 0.00116139 0.0548424 175.718 0 0 0 1 
0.0511064 0.127877 -0.990472 235.348 -0.00145815 0.991777 0.12797 -22.5463 0.998692 -0.00509584 0.0508726 175.812 0 0 0 1 
0.0241635 0.13312 -0.990805 232.237 0.0115132 0.990992 0.133426 -22.1955 0.999642 -0.0146314 0.0224132 175.927 0 0 0 1 
-0.00154438 0.132437 -0.99119 230.808 0.0174202 0.991045 0.13239 -22.0295 0.999847 -0.0170623 -0.00383763 175.925 0 0 0 1 
-0.0348539 0.136685 -0.990001 229.469 0.023786 0.990436 0.135908 -21.8751 0.999109 -0.0188113 -0.0377718 175.874 0 0 0 1 
-0.0880006 0.141717 -0.985988 228.243 0.0370694 0.989608 0.138929 -21.7344 0.99543 -0.0243242 -0.0923395 175.759 0 0 0 1 
-0.168429 0.144164 -0.975114 227.153 0.0499951 0.989223 0.137615 -21.6097 0.984445 -0.0255725 -0.173822 175.55 0 0 0 1 
-0.331964 0.145972 -0.931929 225.711 0.0686615 0.989073 0.130465 -21.4426 0.94079 -0.020678 -0.338359 175.027 0 0 0 1 
-0.393253 0.146967 -0.907608 225.269 0.0770296 0.988938 0.126761 -21.389 0.916198 -0.0200634 -0.400224 174.794 0 0 0 1 
-0.455527 0.150477 -0.877412 224.842 0.0890791 0.988368 0.123259 -21.3361 0.885754 -0.0220115 -0.463633 174.533 0 0 0 1 
-0.579388 0.155085 -0.800161 224.054 0.104286 0.987767 0.115934 -21.2407 0.808352 -0.016275 -0.588474 173.908 0 0 0 1 
-0.638121 0.152081 -0.754767 223.715 0.107125 0.9883 0.108567 -21.1976 0.762447 -0.0115758 -0.646947 173.542 0 0 0 1 
-0.741202 0.155416 -0.653043 223.117 0.119999 0.987836 0.0988945 -21.1197 0.660469 -0.00506336 -0.750836 172.752 0 0 0 1 
-0.786488 0.157342 -0.597227 222.864 0.123967 0.987542 0.0969207 -21.0814 0.605037 0.00219065 -0.796195 172.321 0 0 0 1 
-0.827755 0.156014 -0.538964 222.645 0.12421 0.987684 0.095141 -21.0459 0.547169 0.0118089 -0.836939 171.866 0 0 0 1 
-0.892378 0.14992 -0.425659 222.272 0.124934 0.988413 0.0862074 -20.9927 0.433651 0.0237505 -0.900768 170.895 0 0 0 1 
-0.934269 0.145189 -0.325672 221.98 0.129331 0.989131 0.0699493 -20.9422 0.332288 0.0232319 -0.942892 169.875 0 0 0 1 
-0.9493 0.139067 -0.28194 221.874 0.127367 0.990069 0.0595022 -20.9169 0.287414 0.0205755 -0.957585 169.348 0 0 0 1 
-0.960476 0.132341 -0.244891 221.784 0.123781 0.991045 0.0500893 -20.8911 0.249327 0.0177966 -0.968256 168.795 0 0 0 1 
-0.969318 0.121985 -0.213406 221.707 0.11486 0.992338 0.0455184 -20.8677 0.217323 0.0196099 -0.975903 168.195 0 0 0 1 
-0.984394 0.123668 -0.125196 221.391 0.118897 0.99189 0.0449192 -20.7928 0.129736 0.0293328 -0.991115 165.689 0 0 0 1 
-0.989062 0.116779 -0.0901013 221.243 0.114177 0.992894 0.0335321 -20.7345 0.0933769 0.0228779 -0.995368 163.685 0 0 0 1 
-0.989224 0.121161 -0.0821986 221.194 0.118911 0.992397 0.0317483 -20.7146 0.0854203 0.0216318 -0.99611 162.982 0 0 0 1 
-0.98952 0.122586 -0.0763041 221.149 0.120551 0.992231 0.0307382 -20.6949 0.0794793 0.0212175 -0.996611 162.25 0 0 0 1 
-0.989425 0.13065 -0.0629956 220.956 0.129399 0.991313 0.0235645 -20.6269 0.065527 0.0151638 -0.997736 159.212 0 0 0 1 
-0.989513 0.135054 -0.0512281 220.882 0.134112 0.990735 0.0214016 -20.603 0.0536438 0.0143068 -0.998458 157.596 0 0 0 1 
-0.990183 0.134152 -0.0392512 220.837 0.133495 0.990869 0.0189324 -20.5767 0.0414326 0.0135067 -0.99905 155.885 0 0 0 1 
-0.989752 0.14048 -0.0256022 220.748 0.14015 0.990028 0.0142684 -20.537 0.0273513 0.0105341 -0.99957 152.272 0 0 0 1 
-0.989819 0.141638 -0.0140443 220.705 0.141321 0.989731 0.0214756 -20.4887 0.0169418 0.0192722 -0.999671 148.59 0 0 0 1 
-0.991683 0.128293 -0.0103128 220.724 0.127957 0.991372 0.028433 -20.4551 0.0138715 0.0268769 -0.999543 146.545 0 0 0 1 
-0.992277 0.123593 -0.010571 220.736 0.123244 0.991953 0.0289732 -20.4396 0.0140668 0.0274466 -0.999524 145.498 0 0 0 1 
-0.992052 0.125191 -0.0126354 220.73 0.12494 0.991983 0.0189689 -20.4013 0.0149089 0.0172395 -0.99974 143.395 0 0 0 1 
-0.991594 0.12874 -0.0128976 220.724 0.128481 0.991526 0.0192117 -20.3886 0.0152617 0.0173931 -0.999732 142.32 0 0 0 1 
-0.991267 0.131236 -0.0129432 220.716 0.13094 0.991155 0.0216078 -20.3798 0.0156644 0.0197243 -0.999683 141.248 0 0 0 1 
-0.992109 0.124561 -0.0143034 220.712 0.124255 0.992036 0.0206169 -20.3563 0.0167576 0.018677 -0.999685 139.103 0 0 0 1 
-0.992209 0.123734 -0.0145501 220.711 0.123407 0.992122 0.0215766 -20.3451 0.0171052 0.019613 -0.999661 138.029 0 0 0 1 
-0.992219 0.123668 -0.0144079 220.707 0.123354 0.992141 0.0209758 -20.3366 0.0168887 0.0190353 -0.999676 136.946 0 0 0 1 
-0.991848 0.126619 -0.0143012 220.699 0.126365 0.991831 0.0174323 -20.3251 0.0163916 0.015483 -0.999746 135.86 0 0 0 1 
-0.991421 0.130032 -0.013252 220.691 0.129827 0.991419 0.0152748 -20.3162 0.0151245 0.0134233 -0.999796 134.768 0 0 0 1 
-0.991191 0.131917 -0.0117556 220.683 0.131751 0.991184 0.0139752 -20.3144 0.0134955 0.0123033 -0.999833 133.671 0 0 0 1 
-0.991296 0.13125 -0.0102474 220.681 0.131116 0.991284 0.0128683 -20.3097 0.0118471 0.0114127 -0.999865 132.574 0 0 0 1 
-0.992121 0.124931 -0.00942438 220.677 0.124748 0.992024 0.0180633 -20.3011 0.0116059 0.0167453 -0.999792 129.516 0 0 0 1 
-0.991568 0.129125 -0.0109036 220.668 0.128966 0.991548 0.0141798 -20.2931 0.0126424 0.012654 -0.99984 127.517 0 0 0 1 
-0.990909 0.134044 -0.011428 220.661 0.133792 0.990796 0.0205656 -20.2874 0.0140795 0.0188497 -0.999723 126.464 0 0 0 1 
-0.990843 0.1344 -0.0128908 220.651 0.134016 0.99061 0.0270531 -20.272 0.0164057 0.0250778 -0.999551 124.329 0 0 0 1 
-0.99105 0.132666 -0.0148303 220.654 0.132305 0.99094 0.0231044 -20.2605 0.0177611 0.0209355 -0.999623 123.245 0 0 0 1 
-0.99169 0.127562 -0.0167026 220.659 0.127232 0.991681 0.019496 -20.2558 0.0190506 0.0172089 -0.99967 122.158 0 0 0 1 
-0.992034 0.124568 -0.0187275 220.659 0.124213 0.992072 0.0190788 -20.2488 0.0209557 0.0166006 -0.999643 121.071 0 0 0 1 
-0.992434 0.121139 -0.0199891 220.633 0.120556 0.992307 0.0281545 -20.2275 0.0232459 0.0255317 -0.999404 118.969 0 0 0 1 
-0.992432 0.12096 -0.0211357 220.622 0.120405 0.992389 0.02584 -20.2121 0.0241005 0.0230996 -0.999443 117.911 0 0 0 1 
-0.991753 0.126018 -0.0233448 220.556 0.125433 0.991787 0.0250154 -20.1666 0.0263054 0.0218809 -0.999414 114.709 0 0 0 1 
-0.99137 0.128949 -0.0236068 220.535 0.128237 0.991303 0.029555 -20.1531 0.0272125 0.0262727 -0.999284 113.63 0 0 0 1 
-0.990986 0.131747 -0.0242597 220.515 0.131011 0.990933 0.0297897 -20.1336 0.0279645 0.0263429 -0.999262 112.549 0 0 0 1 
-0.99038 0.13598 -0.0256336 220.491 0.13527 0.990423 0.0276439 -20.1104 0.0291471 0.0239105 -0.999289 111.464 0 0 0 1 
-0.989987 0.13864 -0.0265625 220.468 0.137883 0.990039 0.0284904 -20.089 0.0302478 0.0245426 -0.999241 110.377 0 0 0 1 
-0.989617 0.141122 -0.0272478 220.444 0.140306 0.989658 0.0298715 -20.0688 0.0311815 0.0257383 -0.999182 109.282 0 0 0 1 
-0.989212 0.143824 -0.0278168 220.417 0.143 0.989279 0.029639 -20.0486 0.0317814 0.0253415 -0.999174 108.19 0 0 0 1 
-0.988675 0.147352 -0.0284399 220.36 0.146767 0.988934 0.0216696 -20.0127 0.0313182 0.0172501 -0.999361 106.008 0 0 0 1 
-0.988837 0.14616 -0.0289543 220.334 0.145628 0.989143 0.0196915 -20.0008 0.031518 0.0152552 -0.999387 104.927 0 0 0 1 
-0.98922 0.143614 -0.02862 220.287 0.142908 0.989411 0.0253748 -19.9726 0.0319611 0.0210112 -0.999268 102.707 0 0 0 1 
-0.989456 0.141909 -0.0289771 220.264 0.141077 0.989574 0.0289846 -19.9542 0.0327881 0.0245909 -0.99916 101.593 0 0 0 1 
-0.989331 0.142512 -0.0302317 220.239 0.141518 0.989392 0.0328035 -19.9326 0.0345859 0.0281752 -0.999004 100.473 0 0 0 1 
-0.989161 0.143407 -0.0315515 220.21 0.142303 0.98921 0.0348302 -19.9095 0.036206 0.0299628 -0.998895 99.363 0 0 0 1 
-0.988993 0.144042 -0.033832 220.181 0.142976 0.989206 0.0320701 -19.8865 0.0380863 0.0268799 -0.998913 98.2296 0 0 0 1 
-0.988814 0.144718 -0.0361142 220.072 0.143715 0.989194 0.028998 -19.8235 0.0399205 0.0234834 -0.998927 94.8065 0 0 0 1 
-0.988779 0.145072 -0.0356277 219.965 0.144436 0.989315 0.0198432 -19.7792 0.0381257 0.0144746 -0.999168 91.3612 0 0 0 1 
-0.988923 0.14455 -0.0337116 219.899 0.143722 0.989282 0.0258004 -19.7611 0.0370797 0.0206695 -0.999099 89.0669 0 0 0 1 
-0.988914 0.144919 -0.032351 219.87 0.143987 0.98914 0.0294995 -19.7481 0.0362748 0.0245143 -0.999041 87.9231 0 0 0 1 
-0.98941 0.141511 -0.0322994 219.848 0.140638 0.989669 0.0278678 -19.7361 0.0359093 0.0230301 -0.99909 86.7888 0 0 0 1 
-0.989602 0.139847 -0.033639 219.826 0.139266 0.990072 0.0190629 -19.7271 0.0359709 0.0141799 -0.999252 85.665 0 0 0 1 
-0.990153 0.135982 -0.0332669 219.772 0.135727 0.990698 0.00982286 -19.7256 0.0342931 0.00521092 -0.999398 83.4195 0 0 0 1 
-0.990159 0.13622 -0.0320778 219.748 0.135787 0.99062 0.0153269 -19.7302 0.0338647 0.0108203 -0.999368 82.2885 0 0 0 1 
-0.990036 0.137431 -0.0306941 219.691 0.136612 0.990247 0.0273615 -19.7137 0.034155 0.0228957 -0.999154 80.0486 0 0 0 1 
-0.99006 0.13665 -0.0332983 219.603 0.135696 0.990314 0.0294121 -19.6632 0.0369949 0.0246013 -0.999013 76.685 0 0 0 1 
-0.989951 0.136958 -0.0352102 219.576 0.135942 0.990268 0.0298024 -19.648 0.0389492 0.0247164 -0.998935 75.5661 0 0 0 1 
-0.989796 0.137421 -0.0376808 219.546 0.136553 0.990324 0.0247125 -19.6364 0.0407123 0.0193149 -0.998984 74.4578 0 0 0 1 
-0.98998 0.1353 -0.0404147 219.517 0.134787 0.990758 0.015191 -19.6271 0.0420965 0.00959146 -0.999068 73.3711 0 0 0 1 
-0.990101 0.133818 -0.0423422 219.487 0.133396 0.990982 0.0126462 -19.6237 0.0436526 0.00687272 -0.999023 72.2649 0 0 0 1 
-0.9915 0.122516 -0.0437809 219.379 0.12098 0.991996 0.0361708 -19.6008 0.047862 0.0305667 -0.998386 68.9346 0 0 0 1 
-0.990522 0.128743 -0.0478651 219.241 0.127268 0.991329 0.032697 -19.5278 0.0516596 0.0262954 -0.998319 65.6754 0 0 0 1 
-0.98938 0.136115 -0.0509949 219.19 0.135427 0.990646 0.0167303 -19.5138 0.0527952 0.00964647 -0.998559 64.6123 0 0 0 1 
-0.988906 0.139905 -0.0499083 219.038 0.138564 0.989917 0.0293945 -19.5 0.0535175 0.0221529 -0.998321 61.3906 0 0 0 1 
-0.989092 0.138381 -0.0504661 218.997 0.13653 0.989889 0.0384663 -19.4797 0.0552788 0.0311567 -0.997985 60.305 0 0 0 1 
-0.989731 0.133971 -0.0498433 218.911 0.131502 0.990059 0.0498998 -19.4232 0.056033 0.0428329 -0.99751 58.1812 0 0 0 1 
-0.990421 0.127941 -0.0519297 218.829 0.125974 0.991245 0.0395458 -19.3662 0.0565346 0.0326252 -0.997867 56.0837 0 0 0 1 
-0.98986 0.127879 -0.0618379 218.613 0.126888 0.991721 0.0197034 -19.3101 0.0638456 0.0116571 -0.997892 51.9478 0 0 0 1 
-0.989573 0.129021 -0.0640187 218.493 0.126952 0.991277 0.0354109 -19.2883 0.0680289 0.0269144 -0.99732 49.8794 0 0 0 1 
-0.989946 0.126188 -0.0639067 218.444 0.123486 0.991343 0.044611 -19.2691 0.0689828 0.0362709 -0.996958 48.8552 0 0 0 1 
-0.990509 0.121422 -0.064417 218.402 0.118437 0.991786 0.0483076 -19.2441 0.0697535 0.0402198 -0.996753 47.8434 0 0 0 1 
-0.991156 0.115159 -0.0659342 218.359 0.112331 0.992646 0.0451135 -19.2194 0.0706445 0.0373081 -0.996804 46.8462 0 0 0 1 
-0.991487 0.111553 -0.0671495 218.313 0.109224 0.993313 0.0374146 -19.1974 0.0708741 0.0297618 -0.997041 45.8625 0 0 0 1 
-0.991168 0.113983 -0.0677741 218.26 0.112315 0.99328 0.0279372 -19.181 0.070503 0.0200784 -0.997309 44.8974 0 0 0 1 
-0.990543 0.120184 -0.0661797 218.144 0.118986 0.992657 0.0217599 -19.1655 0.068309 0.0136797 -0.99757 43.0298 0 0 0 1 
-0.990138 0.124024 -0.0651549 218.09 0.122444 0.992088 0.0277126 -19.1596 0.0680764 0.0194615 -0.99749 42.1156 0 0 0 1 
-0.98957 0.12943 -0.0632367 217.984 0.12775 0.991354 0.0299409 -19.1468 0.0665652 0.0215502 -0.997549 40.3539 0 0 0 1 
-0.990098 0.125722 -0.0624549 217.849 0.124796 0.99201 0.0185218 -19.1332 0.0642845 0.0105443 -0.997876 37.8654 0 0 0 1 
-0.990409 0.123464 -0.0620147 217.768 0.122502 0.992284 0.0191088 -19.1355 0.0638955 0.0113287 -0.997892 36.2718 0 0 0 1 
-0.992376 0.110654 -0.0542698 217.636 0.108769 0.993395 0.0365431 -19.1218 0.0579549 0.0303617 -0.997857 33.261 0 0 0 1 
-0.992717 0.108517 -0.0523176 217.586 0.107075 0.993809 0.0296332 -19.1083 0.0552095 0.0238154 -0.998191 31.9042 0 0 0 1 
-0.993757 0.101239 -0.0468857 217.5 0.0995418 0.994337 0.0372323 -19.0824 0.0503896 0.0323328 -0.998206 29.4486 0 0 0 1 
-0.994041 0.095691 -0.0522049 217.464 0.0936591 0.994797 0.0400755 -19.0723 0.0557682 0.0349472 -0.997832 28.3469 0 0 0 1 
-0.993401 0.0919427 -0.0685606 217.415 0.0895514 0.995288 0.0371794 -19.0511 0.0716559 0.0307943 -0.996954 27.3123 0 0 0 1 
-0.991637 0.0853339 -0.0968168 217.344 0.0822143 0.995972 0.0357738 -19.0347 0.0994796 0.027515 -0.994659 26.3478 0 0 0 1 
-0.974846 0.0978218 -0.200267 217.019 0.0905826 0.994871 0.0450196 -18.9868 0.203644 0.0257465 -0.978706 24.6372 0 0 0 1 
-0.966196 0.0981039 -0.238414 216.914 0.0891818 0.99486 0.0479529 -18.9773 0.241893 0.0250697 -0.969979 24.2416 0 0 0 1 
-0.942879 0.106408 -0.315686 216.633 0.0936882 0.994068 0.0552441 -18.9478 0.319691 0.0225124 -0.947254 23.4831 0 0 0 1 
-0.927565 0.112891 -0.3562 216.468 0.0988974 0.993445 0.0573191 -18.9271 0.360336 0.01794 -0.93265 23.1239 0 0 0 1 
-0.890696 0.121817 -0.437975 216.091 0.104286 0.992488 0.0639648 -18.8812 0.442477 0.0112984 -0.896709 22.4328 0 0 0 1 
-0.847075 0.128575 -0.515687 215.661 0.103675 0.991631 0.0769417 -18.8358 0.521264 0.0117114 -0.853315 21.7838 0 0 0 1 
-0.819763 0.131448 -0.557414 215.419 0.101986 0.991253 0.0837697 -18.8031 0.563549 0.011823 -0.825998 21.4746 0 0 0 1 
-0.787692 0.133306 -0.601474 215.158 0.10004 0.991028 0.0886304 -18.766 0.607893 0.00964184 -0.79396 21.1738 0 0 0 1 
-0.716251 0.137313 -0.6842 214.555 0.0926391 0.990482 0.101802 -18.6948 0.691666 0.00953196 -0.722154 20.5934 0 0 0 1 
-0.675289 0.13722 -0.724676 214.225 0.085453 0.99048 0.107922 -18.6553 0.732586 0.0109526 -0.680586 20.316 0 0 0 1 
-0.586192 0.132614 -0.799245 213.49 0.0687251 0.991096 0.114042 -18.5609 0.807252 0.0119225 -0.590087 19.8066 0 0 0 1 
-0.537445 0.12815 -0.833505 213.097 0.0612212 0.991707 0.112998 -18.5097 0.841073 0.00970193 -0.540834 19.5818 0 0 0 1 
-0.439915 0.119253 -0.890086 212.239 0.0477068 0.992848 0.109442 -18.4071 0.896771 0.00568215 -0.442458 19.1872 0 0 0 1 
-0.389298 0.117025 -0.913648 211.779 0.0408706 0.993114 0.109789 -18.3556 0.920205 0.0053991 -0.3914 19.0161 0 0 0 1 
-0.338833 0.117011 -0.933542 211.297 0.032576 0.9931 0.112652 -18.3034 0.940282 0.00775914 -0.340307 18.8621 0 0 0 1 
-0.243458 0.120515 -0.962395 210.269 0.0216993 0.992679 0.118817 -18.1807 0.969669 0.00804374 -0.24429 18.6261 0 0 0 1 
-0.196073 0.122443 -0.972915 209.743 0.0189941 0.992462 0.121075 -18.1187 0.980405 0.00525992 -0.196921 18.5478 0 0 0 1 
-0.149649 0.123981 -0.980935 209.195 0.0134331 0.99227 0.123365 -18.0602 0.988648 0.00528442 -0.150158 18.4853 0 0 0 1 
-0.041337 0.112038 -0.992844 207.419 0.00027097 0.993694 0.112122 -17.8676 0.999145 0.00436577 -0.0411067 18.3882 0 0 0 1 
0.0135522 0.1093 -0.993916 206.14 0.00574754 0.993983 0.109385 -17.7225 0.999892 -0.00719499 0.0128425 18.4292 0 0 0 1 
0.0697386 0.110022 -0.99148 204.096 0.00543995 0.993843 0.110667 -17.5076 0.99755 -0.0131114 0.0687107 18.563 0 0 0 1 
0.0933945 0.113201 -0.989173 202.645 0.00959216 0.993367 0.114586 -17.3431 0.995583 -0.02019 0.0916892 18.707 0 0 0 1 
0.103203 0.114939 -0.987997 201.882 0.00942983 0.993143 0.116523 -17.2589 0.994616 -0.0213422 0.101411 18.7904 0 0 0 1 
0.11996 0.10972 -0.986697 200.31 0.00781213 0.993739 0.111453 -17.0798 0.992748 -0.0210781 0.118352 18.9747 0 0 0 1 
0.142603 0.0889685 -0.985773 196.881 0.0198515 0.995495 0.0927177 -16.7266 0.989581 -0.0327909 0.140194 19.4667 0 0 0 1 
0.145658 0.10938 -0.98327 194.082 0.0143642 0.993531 0.11265 -16.4475 0.989231 -0.0305322 0.143144 19.8591 0 0 0 1 
0.146693 0.115939 -0.982364 193.118 0.0110182 0.992854 0.118823 -16.3437 0.989121 -0.0282545 0.144368 19.9948 0 0 0 1 
0.148903 0.114244 -0.98223 192.155 0.0104908 0.993065 0.117095 -16.2373 0.988796 -0.0277401 0.146672 20.1348 0 0 0 1 
0.150479 0.0987724 -0.983667 190.174 0.0147766 0.994661 0.102137 -16.0257 0.988503 -0.0299046 0.148216 20.4315 0 0 0 1 
0.152591 0.0970876 -0.983509 189.159 0.0176822 0.994735 0.100939 -15.9294 0.988131 -0.032793 0.150071 20.5884 0 0 0 1 
0.153917 0.100391 -0.982971 188.172 0.019215 0.994333 0.10456 -15.8357 0.987897 -0.0349813 0.151116 20.7426 0 0 0 1 
0.154175 0.102389 -0.982724 187.159 0.0184371 0.994145 0.106472 -15.7392 0.987872 -0.0345338 0.151384 20.896 0 0 0 1 
0.14675 0.117601 -0.982158 184.145 0.0197366 0.992362 0.121772 -15.4263 0.988977 -0.0372545 0.143308 21.3367 0 0 0 1 
0.141565 0.105623 -0.984278 182.145 0.0198843 0.993787 0.109504 -15.2149 0.989729 -0.0350735 0.138585 21.6143 0 0 0 1 
0.13793 0.106985 -0.984647 180.154 0.0224679 0.993555 0.1111 -15.0195 0.990187 -0.037447 0.134637 21.883 0 0 0 1 
0.133393 0.10991 -0.98495 176.19 0.0223641 0.993245 0.113865 -14.6059 0.990811 -0.0372163 0.130034 22.3921 0 0 0 1 
0.134705 0.0982454 -0.986003 174.236 0.0250711 0.994416 0.102509 -14.4187 0.990568 -0.0385287 0.13149 22.6471 0 0 0 1 
0.138372 0.099039 -0.985416 172.261 0.027151 0.994234 0.103738 -14.2331 0.990008 -0.0411094 0.134885 22.9176 0 0 0 1 
0.141512 0.106095 -0.984235 171.311 0.0304832 0.993302 0.111455 -14.1454 0.989467 -0.0457749 0.13733 23.0561 0 0 0 1 
0.144488 0.107899 -0.983606 170.357 0.0303206 0.993087 0.113393 -14.0552 0.989042 -0.0462075 0.140218 23.1951 0 0 0 1 
0.14918 0.102034 -0.983532 167.521 0.0342905 0.99353 0.108272 -13.776 0.988215 -0.0498779 0.144716 23.6113 0 0 0 1 
0.151824 0.100006 -0.983335 166.58 0.0338996 0.993756 0.106299 -13.6831 0.987826 -0.0494735 0.147486 23.7562 0 0 0 1 
0.149557 0.107648 -0.982876 162.838 0.0399791 0.992584 0.114795 -13.3137 0.987944 -0.0564629 0.144145 24.3155 0 0 0 1 
0.147263 0.114508 -0.982447 160.091 0.0351359 0.992043 0.120894 -13.0302 0.988473 -0.0523222 0.142067 24.6974 0 0 0 1 
0.147896 0.112863 -0.982542 159.205 0.0343843 0.99228 0.119158 -12.9355 0.988405 -0.051407 0.142873 24.8193 0 0 0 1 
0.148651 0.110983 -0.982642 157.475 0.0357999 0.992427 0.117504 -12.7565 0.988241 -0.0526455 0.143552 25.072 0 0 0 1 
0.150082 0.109902 -0.982546 155.015 0.0342491 0.992628 0.116261 -12.5119 0.98808 -0.0511 0.145211 25.422 0 0 0 1 
0.152713 0.114448 -0.981621 153.507 0.0299077 0.992282 0.120344 -12.36 0.987818 -0.0477361 0.148111 25.6409 0 0 0 1 
0.167185 0.120363 -0.978551 150.832 0.0307795 0.991399 0.127202 -12.0839 0.985445 -0.0513855 0.162042 26.0676 0 0 0 1 
0.178327 0.11965 -0.97667 149.696 0.0297312 0.991471 0.126892 -11.9698 0.983522 -0.0516657 0.173248 26.2725 0 0 0 1 
0.209926 0.110475 -0.971456 147.729 0.0296268 0.992421 0.119261 -11.7644 0.977268 -0.0538171 0.205062 26.68 0 0 0 1 
0.240745 0.111798 -0.964128 146.833 0.016721 0.992719 0.119289 -11.673 0.970444 -0.0448393 0.237123 26.8923 0 0 0 1 
0.338806 0.108254 -0.934608 145.114 0.00666501 0.993058 0.11744 -11.4941 0.940832 -0.0460186 0.335733 27.4755 0 0 0 1 
0.405628 0.104453 -0.908051 144.304 -0.00742879 0.993793 0.110997 -11.4062 0.914008 -0.0382778 0.403886 27.8426 0 0 0 1 
0.47881 0.105361 -0.871573 143.531 -0.0241426 0.993977 0.106895 -11.3302 0.877587 -0.0301403 0.47847 28.2751 0 0 0 1 
0.629361 0.102576 -0.770314 142.148 -0.057767 0.994683 0.0852565 -11.1888 0.774963 -0.00915838 0.63194 29.3454 0 0 0 1 
0.666638 0.102182 -0.738344 141.834 -0.0594772 0.994693 0.0839587 -11.1562 0.743005 -0.0120554 0.669178 29.6822 0 0 0 1 
0.737843 0.104562 -0.666824 141.218 -0.065097 0.994346 0.0838895 -11.0904 0.671826 -0.018489 0.740478 30.4264 0 0 0 1 
0.77172 0.107533 -0.626805 140.931 -0.0707495 0.994 0.0834212 -11.0617 0.632015 -0.0200317 0.774697 30.8306 0 0 0 1 
0.803625 0.109508 -0.584974 140.662 -0.0767809 0.993788 0.0805594 -11.0367 0.590162 -0.0198248 0.807041 31.2539 0 0 0 1 
0.834275 0.108725 -0.540521 140.418 -0.0809034 0.993893 0.0750483 -11.0111 0.54538 -0.0188809 0.837976 31.6935 0 0 0 1 
0.887683 0.108935 -0.447383 139.985 -0.0938148 0.994019 0.0558931 -10.9638 0.450797 -0.00764415 0.892594 32.6117 0 0 0 1 
0.910226 0.108866 -0.399545 139.807 -0.100027 0.994056 0.0429788 -10.9435 0.401849 0.000844865 0.915706 33.0931 0 0 0 1 
0.948229 0.0894229 -0.304737 139.55 -0.0855013 0.995993 0.0262185 -10.9194 0.305861 0.00119427 0.952076 34.111 0 0 0 1 
0.962139 0.0827695 -0.259687 139.461 -0.0799733 0.996569 0.0213334 -10.9162 0.260561 0.000242271 0.965457 34.6239 0 0 0 1 
0.973026 0.0817879 -0.215713 139.382 -0.0796372 0.996649 0.0186586 -10.9158 0.216516 -0.000976495 0.976279 35.1368 0 0 0 1 
0.992246 0.0820857 -0.0933262 139.224 -0.0814597 0.996621 0.0105041 -10.9184 0.0938731 -0.00282031 0.99558 36.7776 0 0 0 1 
0.996766 0.0777882 -0.0201698 139.232 -0.0777481 0.996969 0.0027656 -10.933 0.0203238 -0.00118849 0.999793 37.9046 0 0 0 1 
0.995624 0.0824114 0.0440543 139.29 -0.0820505 0.996579 -0.00994052 -10.9583 -0.0447228 0.00628234 0.99898 39.0101 0 0 0 1 
0.985997 0.0743444 0.149275 139.624 -0.0704156 0.997022 -0.0314418 -11.0274 -0.151168 0.0204903 0.988296 41.2395 0 0 0 1 
0.981807 0.0648895 0.178451 139.848 -0.0619444 0.997836 -0.0220322 -11.0714 -0.179495 0.0105773 0.983702 42.3615 0 0 0 1 
0.981623 0.0459229 0.185225 140.556 -0.0436329 0.998913 -0.0164225 -11.1847 -0.185777 0.0080388 0.982559 45.7925 0 0 0 1 
0.986289 0.0452287 0.158707 140.734 -0.0433124 0.998941 -0.0155142 -11.2217 -0.15924 0.00842755 0.987204 46.9507 0 0 0 1 
0.992401 0.0387302 0.116788 140.876 -0.0373432 0.999204 -0.0140419 -11.2476 -0.117239 0.00957398 0.993058 48.1111 0 0 0 1 
0.998597 0.0499986 -0.0174518 140.869 -0.0500248 0.998747 -0.00106512 -11.2985 0.0173767 0.00193665 0.999847 50.3974 0 0 0 1 
0.996619 0.0550173 -0.0610286 140.807 -0.0551271 0.998479 -0.00011546 -11.3064 0.0609295 0.0034794 0.998136 50.9591 0 0 0 1 
0.992253 0.0612658 -0.10808 140.714 -0.061466 0.998108 0.00148116 -11.3065 0.107966 0.00517356 0.994141 51.5141 0 0 0 1 
0.984674 0.0726923 -0.158537 140.587 -0.0731876 0.997314 0.00272009 -11.3042 0.158309 0.00892452 0.987349 52.0559 0 0 0 1 
0.973381 0.0865651 -0.212216 140.423 -0.0871071 0.996176 0.00681208 -11.3003 0.211994 0.0118547 0.977199 52.5866 0 0 0 1 
0.958132 0.101613 -0.26769 140.229 -0.101295 0.994743 0.0150377 -11.2963 0.267811 0.0127075 0.963388 53.1027 0 0 0 1 
0.917079 0.119749 -0.380297 139.774 -0.116108 0.992702 0.032593 -11.2729 0.381425 0.0142653 0.92429 54.1009 0 0 0 1 
0.860769 0.128787 -0.492434 139.2 -0.111923 0.991672 0.0637146 -11.2184 0.496539 0.000270972 0.868015 55.0291 0 0 0 1 
0.827853 0.134558 -0.544567 138.872 -0.109279 0.99089 0.0787146 -11.1796 0.550197 -0.00565436 0.835015 55.4562 0 0 0 1 
0.791104 0.14406 -0.594475 138.514 -0.112636 0.98956 0.0899104 -11.1415 0.601221 -0.00416924 0.799072 55.8467 0 0 0 1 
0.706899 0.140743 -0.693171 137.735 -0.100661 0.990046 0.0983662 -11.0492 0.700115 0.000240221 0.71403 56.5645 0 0 0 1 
0.611212 0.121435 -0.782096 136.886 -0.068556 0.992568 0.100538 -10.9361 0.788492 -0.00783274 0.614995 57.2109 0 0 0 1 
0.561254 0.122094 -0.818589 136.41 -0.0615964 0.992478 0.105797 -10.8758 0.825348 -0.00895665 0.564553 57.4945 0 0 0 1 
0.512924 0.126404 -0.849077 135.898 -0.0593011 0.991954 0.11185 -10.8171 0.856383 -0.00701951 0.516293 57.7484 0 0 0 1 
0.424386 0.131128 -0.895936 134.797 -0.0556042 0.991365 0.118756 -10.6872 0.903773 -0.000580614 0.428013 58.2045 0 0 0 1 
0.349742 0.126963 -0.928203 133.88 -0.0455988 0.991907 0.118495 -10.5795 0.935736 0.000882099 0.352701 58.5392 0 0 0 1 
0.319809 0.124287 -0.939295 133.52 -0.0437962 0.992239 0.116381 -10.5303 0.946469 0.00391795 0.32277 58.6617 0 0 0 1 
0.276739 0.122805 -0.953066 132.324 -0.0492461 0.99231 0.113562 -10.3915 0.959682 0.0155076 0.280659 58.9753 0 0 0 1 
0.2339 0.117951 -0.96508 128.926 -0.0475558 0.992814 0.109815 -10.0129 0.971097 0.0202094 0.237828 59.8017 0 0 0 1 
0.237461 0.116612 -0.964372 125.895 -0.0434359 0.99305 0.109384 -9.67977 0.970425 0.0159139 0.240876 60.5553 0 0 0 1 
0.240581 0.112201 -0.964122 124.247 -0.0396045 0.993604 0.105749 -9.49717 0.969821 0.0127424 0.243485 60.9851 0 0 0 1 
0.243387 0.11133 -0.963519 120.528 -0.0346817 0.993754 0.106063 -9.0999 0.969309 0.00760211 0.245728 61.9318 0 0 0 1 
0.244439 0.10993 -0.963413 119.466 -0.0323677 0.993924 0.105199 -8.9852 0.969124 0.00546871 0.246512 62.2212 0 0 0 1 
0.24299 0.110185 -0.96375 117.77 -0.0288826 0.993909 0.106351 -8.80473 0.969599 0.00199335 0.244693 62.6574 0 0 0 1 
0.238502 0.113527 -0.964484 116.027 -0.0247339 0.993532 0.110829 -8.61947 0.970827 -0.00257758 0.239767 63.0955 0 0 0 1 
0.228708 0.105901 -0.967718 112.394 -0.0237186 0.994376 0.103213 -8.23595 0.973206 -0.000652829 0.229934 63.9527 0 0 0 1 
0.228232 0.111481 -0.967203 111.42 -0.022103 0.99376 0.109327 -8.13397 0.973356 -0.00357378 0.229272 64.1892 0 0 0 1 
0.228134 0.115899 -0.966707 110.432 -0.0196963 0.993236 0.114431 -8.02699 0.97343 -0.00706508 0.228874 64.4327 0 0 0 1 
0.228498 0.115747 -0.966639 109.425 -0.0168085 0.993228 0.114958 -7.9115 0.973399 -0.0100198 0.228897 64.6821 0 0 0 1 
0.227378 0.111286 -0.967427 106.385 -0.0194224 0.993769 0.109752 -7.5743 0.973613 -0.00616537 0.228123 65.3838 0 0 0 1 
0.228492 0.112411 -0.967034 105.333 -0.0235105 0.993659 0.109951 -7.4636 0.973262 -0.00238754 0.229686 65.6328 0 0 0 1 
0.229712 0.111723 -0.966825 104.274 -0.027781 0.993737 0.108232 -7.35587 0.972862 0.0019972 0.231377 65.8816 0 0 0 1 
0.230921 0.111118 -0.966607 103.215 -0.0296383 0.9938 0.107163 -7.24722 0.972521 0.00390236 0.232782 66.1368 0 0 0 1 
0.232143 0.111193 -0.966305 102.158 -0.0312921 0.993784 0.106837 -7.14312 0.972178 0.00543622 0.23418 66.3926 0 0 0 1 
0.234195 0.111221 -0.965807 101.088 -0.0302533 0.993787 0.107107 -7.03943 0.971719 0.00413483 0.236105 66.6564 0 0 0 1 
0.236223 0.111572 -0.965272 98.9451 -0.0255246 0.993756 0.108618 -6.83053 0.971364 -0.00101975 0.237595 67.1915 0 0 0 1 
0.238053 0.110671 -0.964926 97.9044 -0.0169025 0.993808 0.109814 -6.72685 0.971105 -0.00983185 0.238449 67.4654 0 0 0 1 
0.237696 0.109059 -0.965198 95.8411 -0.0116452 0.993926 0.109437 -6.52044 0.97127 -0.0147727 0.237522 67.9823 0 0 0 1 
0.226792 0.118944 -0.966653 91.7032 -0.0173035 0.99285 0.118108 -6.09409 0.973789 -0.0100594 0.227229 68.954 0 0 0 1 
0.225594 0.115611 -0.967337 90.6899 -0.0198999 0.993273 0.11407 -5.98669 0.974018 -0.00648355 0.226378 69.1861 0 0 0 1 
0.224688 0.113093 -0.967846 89.6839 -0.0226719 0.99358 0.110837 -5.88355 0.974167 -0.00296085 0.22581 69.4144 0 0 0 1 
0.224019 0.112445 -0.968076 88.6723 -0.0243471 0.993657 0.109782 -5.78329 0.974281 -0.00102342 0.225336 69.6465 0 0 0 1 
0.223396 0.114931 -0.967928 87.6585 -0.0270271 0.993373 0.111715 -5.68266 0.974353 0.00120361 0.225022 69.8773 0 0 0 1 
0.221734 0.123115 -0.967304 85.6654 -0.0347311 0.992365 0.118344 -5.48144 0.974488 0.00735467 0.224317 70.3206 0 0 0 1 
0.221349 0.12384 -0.967299 84.6958 -0.0387287 0.992238 0.11817 -5.38179 0.974425 0.0113053 0.224427 70.539 0 0 0 1 
0.220642 0.123707 -0.967478 83.7407 -0.0451622 0.992156 0.116562 -5.28309 0.974309 0.0179749 0.224498 70.7508 0 0 0 1 
0.220921 0.124648 -0.967294 82.7977 -0.0483638 0.991979 0.116783 -5.18532 0.974092 0.0209821 0.225178 70.9621 0 0 0 1 
0.221051 0.128528 -0.966756 79.1898 -0.0581422 0.991251 0.11849 -4.8187 0.973528 0.0300169 0.22659 71.7669 0 0 0 1 
0.221759 0.13047 -0.966334 77.5075 -0.0599635 0.990957 0.120034 -4.64886 0.973256 0.0313261 0.227577 72.154 0 0 0 1 
0.222304 0.128777 -0.966436 74.4594 -0.0576809 0.99124 0.118814 -4.33685 0.97327 0.0293321 0.227784 72.8501 0 0 0 1 
0.224557 0.129383 -0.965833 73.0936 -0.0598729 0.991106 0.118848 -4.20155 0.97262 0.0311391 0.230307 73.1639 0 0 0 1 
0.230951 0.13294 -0.96384 71.8375 -0.0597077 0.990691 0.122336 -4.07094 0.971132 0.0292949 0.236739 73.4678 0 0 0 1 
0.262051 0.134731 -0.955603 69.2717 -0.0606043 0.99055 0.123039 -3.80815 0.963149 0.025671 0.26774 74.1487 0 0 0 1 
0.288994 0.130086 -0.948451 68.1431 -0.0614119 0.991203 0.117237 -3.69439 0.955359 0.0243654 0.294441 74.5063 0 0 0 1 
