-0.962618 0.149221 -0.226052 -50.7062 0.146871 0.98878 0.0272736 12.3349 0.227586 -0.00694652 -0.973733 11.8075 0 0 0 1 
-0.96266 0.149454 -0.225718 -51.23 0.146771 0.988753 0.0287211 12.3732 0.227472 -0.00548015 -0.973769 9.52062 0 0 0 1 
-0.962754 0.147237 -0.226773 -51.7553 0.14416 0.989094 0.0301638 12.4149 0.228741 -0.00365135 -0.973481 7.20944 0 0 0 1 
-0.962855 0.145171 -0.227676 -52.0199 0.141982 0.989402 0.030414 12.4362 0.229678 -0.00304149 -0.973262 6.04604 0 0 0 1 
-0.962465 0.142534 -0.230965 -52.561 0.139692 0.989779 0.0286983 12.4801 0.232694 -0.00464275 -0.972539 3.71073 0 0 0 1 
-0.962119 0.142551 -0.232392 -52.8376 0.139484 0.98978 0.0296665 12.5031 0.234246 -0.00387214 -0.97217 2.5359 0 0 0 1 
-0.96159 0.144022 -0.23367 -53.1195 0.140291 0.989573 0.032602 12.5283 0.235929 -0.00143193 -0.971769 1.35375 0 0 0 1 
-0.960746 0.146182 -0.235791 -53.6916 0.141046 0.98925 0.0385973 12.5878 0.238898 0.00382494 -0.971037 -1.02939 0 0 0 1 
-0.960179 0.147294 -0.237403 -53.984 0.142055 0.989085 0.0391223 12.6218 0.240574 0.00384009 -0.970623 -2.2289 0 0 0 1 
-0.959225 0.14778 -0.240932 -54.5764 0.143195 0.98902 0.0365262 12.6923 0.243684 0.000536491 -0.969854 -4.64402 0 0 0 1 
-0.958628 0.149075 -0.242504 -54.8807 0.144758 0.988826 0.0356274 12.7286 0.245106 -0.000950892 -0.969496 -5.85924 0 0 0 1 
-0.957205 0.153288 -0.245481 -55.5019 0.149662 0.98817 0.0334756 12.7924 0.247708 -0.00469617 -0.968823 -8.31078 0 0 0 1 
-0.956804 0.153985 -0.246608 -55.8148 0.15073 0.988052 0.0321414 12.8218 0.248611 -0.00641827 -0.968582 -9.54516 0 0 0 1 
-0.956534 0.152429 -0.248612 -56.4454 0.149314 0.988289 0.0314541 12.8768 0.250495 -0.00703438 -0.968092 -12.0364 0 0 0 1 
-0.956592 0.151281 -0.249091 -56.7624 0.147351 0.988484 0.0344618 12.9056 0.251435 -0.00373781 -0.967867 -13.2946 0 0 0 1 
-0.956767 0.149377 -0.249567 -57.0819 0.144824 0.98878 0.0366175 12.9357 0.252236 -0.00110887 -0.967665 -14.5576 0 0 0 1 
-0.956667 0.14833 -0.250572 -57.7262 0.144955 0.988921 0.0319794 12.9986 0.25254 -0.00572807 -0.96757 -17.0837 0 0 0 1 
-0.95661 0.148376 -0.250761 -58.0523 0.145623 0.988897 0.0296083 13.0255 0.25237 -0.0081929 -0.967596 -18.3517 0 0 0 1 
-0.956484 0.150982 -0.249686 -58.71 0.14777 0.988514 0.0316725 13.0749 0.2516 -0.00660193 -0.967809 -20.9056 0 0 0 1 
-0.956542 0.151898 -0.248908 -59.0392 0.148008 0.988388 0.0343821 13.1019 0.251241 -0.00395253 -0.967917 -22.1906 0 0 0 1 
-0.956602 0.152881 -0.248074 -59.6948 0.149286 0.988231 0.0333535 13.1607 0.250253 -0.00512794 -0.968167 -24.7627 0 0 0 1 
-0.956708 0.152923 -0.247637 -60.0234 0.149511 0.988221 0.0326421 13.1892 0.249712 -0.00579543 -0.968303 -26.0506 0 0 0 1 
-0.956918 0.153363 -0.246551 -60.6753 0.15009 0.98815 0.0321321 13.242 0.248557 -0.00625692 -0.968597 -28.6352 0 0 0 1 
-0.957187 0.152837 -0.245831 -60.9974 0.149321 0.988238 0.0329965 13.2667 0.247983 -0.00512386 -0.968751 -29.9292 0 0 0 1 
-0.957731 0.152149 -0.244134 -61.6427 0.148308 0.988351 0.034151 13.3186 0.246487 -0.00349953 -0.96914 -32.518 0 0 0 1 
-0.957991 0.152032 -0.243185 -61.9647 0.147961 0.988373 0.0350289 13.3468 0.245682 -0.00242455 -0.969347 -33.8107 0 0 0 1 
-0.95815 0.152442 -0.242302 -62.2872 0.148223 0.988311 0.0356582 13.3771 0.244905 -0.00174874 -0.969545 -35.1031 0 0 0 1 
-0.958614 0.152184 -0.240622 -62.9238 0.14821 0.988349 0.0346391 13.4343 0.24309 -0.00245697 -0.970001 -37.6873 0 0 0 1 
-0.958741 0.152352 -0.240011 -63.2395 0.148555 0.988321 0.0339446 13.4607 0.24238 -0.0031107 -0.970176 -38.9761 0 0 0 1 
-0.958881 0.152686 -0.239235 -63.555 0.148903 0.98827 0.0339184 13.4869 0.241608 -0.00309913 -0.970369 -40.2591 0 0 0 1 
-0.959243 0.152482 -0.23791 -64.1821 0.14884 0.9883 0.0333073 13.537 0.240205 -0.00346065 -0.970716 -42.8222 0 0 0 1 
-0.95965 0.151046 -0.237187 -64.4918 0.147476 0.988521 0.0328292 13.5602 0.239423 -0.0034749 -0.970909 -44.1004 0 0 0 1 
-0.959858 0.151068 -0.236327 -64.7989 0.146884 0.988523 0.035317 13.5868 0.23895 -0.000813205 -0.971032 -45.3795 0 0 0 1 
-0.960112 0.153363 -0.233804 -65.4139 0.14691 0.988131 0.0448782 13.6521 0.237912 0.00874004 -0.971247 -47.9343 0 0 0 1 
-0.960308 0.153538 -0.232883 -65.7158 0.147307 0.98811 0.0440273 13.6889 0.236874 0.00797457 -0.971508 -49.2035 0 0 0 1 
-0.960531 0.153924 -0.231706 -66.316 0.148372 0.988069 0.0413083 13.7621 0.2353 0.00529917 -0.971908 -51.7362 0 0 0 1 
-0.960669 0.154378 -0.23083 -66.6149 0.148616 0.987992 0.042255 13.7976 0.234582 0.00628802 -0.972076 -53.0001 0 0 0 1 
-0.960576 0.157435 -0.229146 -67.2095 0.151269 0.987498 0.0443419 13.8692 0.233262 0.00793102 -0.972382 -55.512 0 0 0 1 
-0.960348 0.159155 -0.228915 -67.5036 0.152993 0.987223 0.0445355 13.9042 0.233078 0.00774713 -0.972427 -56.7551 0 0 0 1 
-0.960458 0.1588 -0.228697 -67.7914 0.152584 0.987278 0.0447287 13.9393 0.232891 0.00806453 -0.972469 -57.9893 0 0 0 1 
-0.960424 0.157892 -0.229468 -68.078 0.152509 0.987446 0.0411205 13.9709 0.23308 0.00449714 -0.972447 -59.2083 0 0 0 1 
-0.960836 0.153854 -0.230485 -68.6385 0.148933 0.98809 0.0387045 14.0277 0.233695 0.00286172 -0.972306 -61.6173 0 0 0 1 
-0.960779 0.153013 -0.231282 -68.916 0.14803 0.988219 0.038854 14.0525 0.234502 0.00309342 -0.972111 -62.7971 0 0 0 1 
-0.960548 0.152639 -0.232486 -69.1926 0.147635 0.988277 0.0388823 14.0766 0.235696 0.00302532 -0.971822 -63.9593 0 0 0 1 
-0.960109 0.152149 -0.234608 -69.7339 0.147192 0.988354 0.038602 14.1218 0.237749 0.00252976 -0.971323 -66.2235 0 0 0 1 
-0.959931 0.151641 -0.235662 -69.9985 0.146594 0.988432 0.0388966 14.1443 0.238834 0.00279132 -0.971056 -67.3256 0 0 0 1 
-0.95972 0.151084 -0.236877 -70.2602 0.146116 0.988518 0.0384993 14.1647 0.239974 0.00233703 -0.970776 -68.4084 0 0 0 1 
-0.959533 0.150335 -0.23811 -70.5199 0.145483 0.988634 0.0379271 14.1856 0.241105 0.00175155 -0.970497 -69.4756 0 0 0 1 
-0.959212 0.150535 -0.239275 -70.7786 0.145865 0.988604 0.0372155 14.206 0.24215 0.000795764 -0.970238 -70.5253 0 0 0 1 
-0.958914 0.150728 -0.240343 -71.0349 0.146061 0.988575 0.0372223 14.2265 0.243208 0.000588281 -0.969974 -71.559 0 0 0 1 
-0.957636 0.153932 -0.243389 -71.7791 0.149069 0.988081 0.0383872 14.2803 0.246398 0.00047907 -0.969169 -74.5237 0 0 0 1 
-0.957083 0.15442 -0.245249 -72.2504 0.149177 0.988004 0.0399293 14.314 0.248473 0.00163 -0.968637 -76.3835 0 0 0 1 
-0.956265 0.153724 -0.24885 -73.1237 0.147139 0.988093 0.0449662 14.3866 0.2528 0.00638411 -0.967498 -79.7954 0 0 0 1 
-0.955742 0.158445 -0.247896 -73.5344 0.151338 0.987336 0.0475951 14.4252 0.252297 0.00797259 -0.967617 -81.3563 0 0 0 1 
-0.957311 0.165251 -0.237167 -73.9112 0.158921 0.986233 0.0457011 14.4661 0.241454 0.00605927 -0.970393 -82.8223 0 0 0 1 
-0.96274 0.171726 -0.208906 -74.2194 0.166532 0.985127 0.0423362 14.5008 0.213069 0.00596912 -0.977019 -84.2047 0 0 0 1 
-0.970824 0.174758 -0.164198 -74.432 0.171026 0.984582 0.0367113 14.5207 0.168082 0.00755817 -0.985744 -85.5106 0 0 0 1 
-0.979013 0.1766 -0.101719 -74.5462 0.174832 0.984252 0.0261185 14.5267 0.10473 0.00778661 -0.99447 -86.7351 0 0 0 1 
-0.985202 0.169363 -0.0263218 -74.5471 0.169055 0.985514 0.0135037 14.5148 0.0282275 0.008854 -0.999562 -87.8897 0 0 0 1 
-0.977784 0.142643 0.153594 -74.2358 0.143226 0.989663 -0.00732052 14.4567 -0.15305 0.0148407 -0.988107 -90.0817 0 0 0 1 
-0.958425 0.124532 0.256734 -73.9074 0.124941 0.992054 -0.0147853 14.4128 -0.256535 0.0179059 -0.966369 -91.129 0 0 0 1 
-0.943832 0.117835 0.3087 -73.7029 0.118095 0.992841 -0.0179126 14.3898 -0.308601 0.0195495 -0.950991 -91.6377 0 0 0 1 
-0.904562 0.105948 0.412967 -73.1997 0.105835 0.994113 -0.0232211 14.3341 -0.412996 0.0227014 -0.91045 -92.6221 0 0 0 1 
-0.878421 0.104126 0.466406 -72.9143 0.103203 0.994277 -0.0276039 14.305 -0.466611 0.0238867 -0.88414 -93.0839 0 0 0 1 
-0.816489 0.105506 0.56764 -72.2658 0.100336 0.994131 -0.0404545 14.2424 -0.568576 0.023924 -0.822282 -93.9524 0 0 0 1 
-0.781133 0.105133 0.61545 -71.9071 0.0963615 0.994211 -0.0475309 14.206 -0.616884 0.0221777 -0.786742 -94.3473 0 0 0 1 
-0.702979 0.0999148 0.704157 -71.1026 0.0857258 0.994768 -0.055568 14.1281 -0.706025 0.0213013 -0.707867 -95.0841 0 0 0 1 
-0.660444 0.0963073 0.744674 -70.6724 0.0772053 0.995194 -0.060234 14.0835 -0.746896 0.0177116 -0.664705 -95.4074 0 0 0 1 
-0.573278 0.0983422 0.813438 -69.7573 0.0703789 0.995012 -0.0706938 13.9862 -0.816333 0.0167217 -0.57734 -95.9994 0 0 0 1 
-0.531745 0.101339 0.84082 -69.2776 0.0670194 0.994737 -0.0775055 13.9345 -0.844248 0.0151381 -0.535738 -96.2637 0 0 0 1 
-0.458067 0.0959577 0.883723 -68.2635 0.0495645 0.995367 -0.0823892 13.8353 -0.887535 0.00606151 -0.460701 -96.7226 0 0 0 1 
-0.426255 0.0961551 0.899478 -67.7458 0.0442819 0.99536 -0.0854202 13.7816 -0.903519 0.00341985 -0.428535 -96.9376 0 0 0 1 
-0.377615 0.101922 0.920336 -66.6801 0.043183 0.994781 -0.0924488 13.6493 -0.924955 0.00483282 -0.380045 -97.3571 0 0 0 1 
-0.360062 0.10636 0.926846 -66.1358 0.0399027 0.994327 -0.0986018 13.5869 -0.932075 0.0014809 -0.362263 -97.5493 0 0 0 1 
-0.346302 0.112129 0.931398 -65.5737 0.0372021 0.993692 -0.105796 13.532 -0.937385 -0.00198745 -0.348289 -97.743 0 0 0 1 
-0.32009 0.108788 0.941121 -63.8026 0.041356 0.994043 -0.100839 13.3204 -0.946484 0.00664336 -0.322682 -98.348 0 0 0 1 
-0.314525 0.105688 0.943347 -62.5586 0.0403957 0.994373 -0.097936 13.174 -0.948389 0.00730387 -0.317024 -98.754 0 0 0 1 
-0.312499 0.108779 0.943669 -61.2744 0.0466054 0.993981 -0.0991445 13.028 -0.948774 0.0129975 -0.315688 -99.1887 0 0 0 1 
-0.311709 0.112465 0.943498 -58.5296 0.05562 0.993427 -0.100041 12.7174 -0.948548 0.0212935 -0.315916 -100.115 0 0 0 1 
-0.311004 0.113309 0.94363 -57.8001 0.0587456 0.993261 -0.099907 12.6344 -0.948591 0.0243626 -0.315565 -100.362 0 0 0 1 
-0.30616 0.116528 0.944821 -56.2942 0.0680732 0.992619 -0.100364 12.4648 -0.949543 0.0335894 -0.311833 -100.87 0 0 0 1 
-0.301785 0.117581 0.946098 -55.5071 0.0709917 0.992382 -0.100688 12.3768 -0.950729 0.0367788 -0.307833 -101.127 0 0 0 1 
-0.267847 0.117792 0.956234 -52.1853 0.0781463 0.991884 -0.100295 12.0054 -0.960287 0.0478626 -0.274878 -102.13 0 0 0 1 
-0.257711 0.115252 0.959324 -51.33 0.0746204 0.992269 -0.0991641 11.911 -0.963336 0.0460295 -0.264319 -102.358 0 0 0 1 
-0.2375 0.115407 0.964508 -49.5119 0.0682104 0.992448 -0.101954 11.7075 -0.96899 0.0415754 -0.243579 -102.807 0 0 0 1 
-0.210941 0.117399 0.970423 -45.7576 0.0454636 0.992866 -0.110231 11.2521 -0.976441 0.0208666 -0.214773 -103.615 0 0 0 1 
-0.224475 0.109873 0.968266 -42.0021 0.0302349 0.99393 -0.105776 10.7793 -0.974011 0.0055314 -0.226434 -104.418 0 0 0 1 
-0.242913 0.109449 0.963854 -40.1648 0.0257701 0.993992 -0.106376 10.55 -0.969706 -0.00100155 -0.244274 -104.856 0 0 0 1 
-0.253667 0.107502 0.961299 -39.2591 0.0252771 0.994202 -0.104511 10.4384 -0.966961 -0.00221214 -0.254914 -105.091 0 0 0 1 
-0.276523 0.102896 0.955483 -37.4608 0.0263747 0.994689 -0.0994855 10.2167 -0.960645 -0.00230942 -0.277768 -105.596 0 0 0 1 
-0.287795 0.104076 0.95202 -36.5733 0.0284311 0.994568 -0.100133 10.1072 -0.95727 -0.00175063 -0.28919 -105.865 0 0 0 1 
-0.298976 0.105858 0.948371 -35.6915 0.0309769 0.994381 -0.101228 10.0011 -0.953758 -0.000887322 -0.300575 -106.145 0 0 0 1 
-0.310348 0.106956 0.944587 -34.8114 0.0336807 0.994264 -0.101515 9.89609 -0.950026 0.000309386 -0.31217 -106.437 0 0 0 1 
-0.332141 0.105847 0.937272 -33.0698 0.0380909 0.994378 -0.0987979 9.68406 -0.94246 0.00288679 -0.334305 -107.048 0 0 0 1 
-0.341421 0.106579 0.933848 -32.2003 0.0412241 0.994292 -0.0984058 9.57909 -0.939006 0.00489929 -0.343866 -107.372 0 0 0 1 
-0.353312 0.109676 0.929054 -30.4858 0.0459893 0.993939 -0.0998462 9.37199 -0.934374 0.00744972 -0.356215 -108.027 0 0 0 1 
-0.356831 0.112553 0.927364 -29.6125 0.0470651 0.993621 -0.102485 9.26808 -0.932983 0.00707668 -0.359852 -108.361 0 0 0 1 
-0.356995 0.117189 0.926726 -26.075 0.0494538 0.993079 -0.106529 8.82484 -0.932796 0.00779991 -0.36032 -109.734 0 0 0 1 
-0.352512 0.113153 0.928941 -24.2476 0.0492367 0.993531 -0.102337 8.59986 -0.934511 0.00966311 -0.355803 -110.429 0 0 0 1 
-0.350847 0.107455 0.930247 -20.5428 0.0401143 0.994207 -0.0997135 8.15131 -0.935573 0.00233207 -0.353125 -111.801 0 0 0 1 
-0.361752 0.104649 0.926382 -18.6907 0.0305181 0.994477 -0.100424 7.92695 -0.931775 -0.00805698 -0.362947 -112.491 0 0 0 1 
-0.416387 0.107789 0.902775 -15.1043 0.0230508 0.99388 -0.108035 7.46598 -0.908895 -0.0241747 -0.416323 -113.994 0 0 0 1 
-0.471763 0.101046 0.875916 -12.5431 0.0342787 0.994763 -0.0962938 7.12897 -0.881059 -0.0154026 -0.472756 -115.312 0 0 0 1 
-0.48999 0.10287 0.865637 -11.7227 0.0403201 0.994624 -0.0953757 7.02315 -0.870795 -0.0118305 -0.491503 -115.783 0 0 0 1 
-0.507363 0.106727 0.855098 -10.9111 0.0476713 0.994257 -0.0958108 6.91939 -0.860413 -0.0078472 -0.509537 -116.276 0 0 0 1 
-0.554092 0.111154 0.825001 -8.55282 0.0647128 0.993798 -0.0904336 6.6141 -0.829936 0.00327963 -0.557848 -117.839 0 0 0 1 
-0.585766 0.104453 0.803721 -6.23283 0.0734715 0.994421 -0.0756895 6.34074 -0.807143 0.0147143 -0.590172 -119.514 0 0 0 1 
-0.592552 0.0949514 0.799916 -5.45904 0.0722841 0.99529 -0.0645969 6.25789 -0.802282 0.0195441 -0.596625 -120.085 0 0 0 1 
-0.597681 0.110096 0.794139 -3.15974 0.0776096 0.99382 -0.0793691 6.02362 -0.797969 0.0141954 -0.602531 -121.823 0 0 0 1 
-0.597068 0.118439 0.793399 -2.37614 0.0785536 0.992919 -0.0891088 5.93804 -0.798335 0.00912024 -0.602145 -122.412 0 0 0 1 
-0.602777 0.109182 0.790404 0.788537 0.0798977 0.993874 -0.0763573 5.55557 -0.793899 0.0171251 -0.607808 -124.814 0 0 0 1 
-0.607947 0.107241 0.786702 1.59915 0.080655 0.994052 -0.0731773 5.46475 -0.78987 0.0189635 -0.612981 -125.441 0 0 0 1 
-0.615007 0.107931 0.7811 2.39875 0.080877 0.993998 -0.0736693 5.37604 -0.784363 0.0178659 -0.620045 -126.072 0 0 0 1 
-0.635421 0.112829 0.763878 3.98184 0.0838015 0.9935 -0.0770357 5.20312 -0.767605 0.015064 -0.640746 -127.376 0 0 0 1 
-0.667855 0.127118 0.733356 6.30215 0.0902451 0.991868 -0.0897431 4.92209 -0.7388 0.00624639 -0.673895 -129.448 0 0 0 1 
-0.68241 0.12865 0.719559 7.84163 0.092908 0.991672 -0.0891902 4.71823 -0.725041 0.00598855 -0.68868 -130.906 0 0 0 1 
-0.688997 0.125926 0.713741 10.9381 0.0982206 0.991928 -0.0801914 4.31747 -0.718078 0.0148524 -0.695804 -133.911 0 0 0 1 
-0.689888 0.123854 0.713242 11.7193 0.0970642 0.992185 -0.0784057 4.21722 -0.717379 0.0151391 -0.696519 -134.666 0 0 0 1 
-0.693991 0.117969 0.710253 14.0247 0.08923 0.992973 -0.07774 3.91605 -0.714433 0.00942503 -0.69964 -136.898 0 0 0 1 
-0.697886 0.114944 0.706925 14.7954 0.0856547 0.993348 -0.0769562 3.81421 -0.711068 0.00684476 -0.70309 -137.655 0 0 0 1 
-0.72781 0.101777 0.678184 17.7552 0.0771233 0.9948 -0.0665262 3.43537 -0.681428 0.00388532 -0.731875 -140.694 0 0 0 1 
-0.737024 0.100792 0.668308 18.4601 0.0760162 0.994906 -0.0662157 3.35025 -0.671578 0.00199964 -0.740932 -141.466 0 0 0 1 
-0.746543 0.0992855 0.657887 19.1645 0.0762062 0.995056 -0.0636938 3.26501 -0.660958 0.00258491 -0.750418 -142.26 0 0 0 1 
-0.766026 0.0996884 0.635033 20.5006 0.0774326 0.995018 -0.0627942 3.10032 -0.638129 0.00107027 -0.769929 -143.843 0 0 0 1 
-0.803349 0.0990639 0.587211 22.9914 0.079597 0.995081 -0.0589778 2.78167 -0.590165 -0.000639442 -0.807282 -147.09 0 0 0 1 
-0.811511 0.10037 0.575653 23.582 0.0823601 0.99495 -0.0573737 2.70459 -0.578504 0.000851438 -0.815679 -147.928 0 0 0 1 
-0.824046 0.105019 0.556705 24.7052 0.0889886 0.994464 -0.0558762 2.56249 -0.559491 0.00349584 -0.828829 -149.592 0 0 0 1 
-0.827827 0.108653 0.550361 25.2488 0.0940837 0.994059 -0.054733 2.4931 -0.553038 0.00647064 -0.833131 -150.425 0 0 0 1 
-0.832051 0.115332 0.542577 26.8397 0.102735 0.993264 -0.0535856 2.28862 -0.545103 0.0111558 -0.838295 -152.887 0 0 0 1 
-0.829278 0.119887 0.545826 27.8637 0.10841 0.992675 -0.0533261 2.15413 -0.54822 0.0149509 -0.8362 -154.469 0 0 0 1 
-0.823001 0.122528 0.554667 28.8546 0.111702 0.992303 -0.0534624 2.02231 -0.556949 0.0179578 -0.830353 -155.958 0 0 0 1 
-0.81532 0.123392 0.56571 29.8133 0.112604 0.992165 -0.0541216 1.89569 -0.567956 0.0195747 -0.822826 -157.353 0 0 0 1 
-0.808866 0.121488 0.575305 30.7339 0.110592 0.992394 -0.054075 1.77365 -0.577499 0.0198848 -0.816149 -158.649 0 0 0 1 
-0.805725 0.127873 0.578322 32.4601 0.110967 0.991717 -0.0646795 1.5407 -0.581802 0.0120606 -0.813241 -161.054 0 0 0 1 
-0.809451 0.134943 0.571472 33.284 0.116544 0.990794 -0.0688829 1.43048 -0.575506 0.010844 -0.817726 -162.246 0 0 0 1 
-0.815423 0.125654 0.565063 34.1099 0.115901 0.99183 -0.0533025 1.32715 -0.567144 0.0220272 -0.823324 -163.449 0 0 0 1 
-0.822956 0.118405 0.555629 34.9158 0.112023 0.992658 -0.0456174 1.22252 -0.556951 0.024702 -0.830178 -164.642 0 0 0 1 
-0.831061 0.120184 0.543041 36.5122 0.105393 0.992714 -0.0584114 1.03994 -0.546104 0.00868935 -0.837672 -167.055 0 0 0 1 
-0.832785 0.119273 0.540595 37.3326 0.103172 0.992845 -0.0601171 0.938118 -0.543897 0.00570979 -0.839132 -168.313 0 0 0 1 
-0.831499 0.11784 0.542884 38.1714 0.105492 0.992955 -0.0539576 0.839439 -0.545418 0.0124043 -0.838073 -169.609 0 0 0 1 
-0.815857 0.11048 0.567601 39.9593 0.101089 0.993713 -0.0481159 0.64815 -0.569349 0.0181228 -0.821896 -172.229 0 0 0 1 
-0.807475 0.100961 0.581198 40.9285 0.0895419 0.994806 -0.048406 0.559224 -0.583066 0.012955 -0.812321 -173.548 0 0 0 1 
-0.802733 0.091615 0.589259 41.9421 0.0728385 0.995793 -0.0555947 0.44875 -0.591873 -0.00170699 -0.80603 -174.875 0 0 0 1 
-0.798205 0.0837648 0.596533 44.0791 0.0562966 0.996324 -0.0645741 0.20156 -0.599749 -0.0179606 -0.799987 -177.663 0 0 0 1 
-0.797007 0.0799654 0.598654 45.1952 0.0538552 0.996657 -0.0614298 0.0705035 -0.601565 -0.0167194 -0.798649 -179.124 0 0 0 1 
-0.797907 0.0874816 0.596398 46.3213 0.060089 0.996028 -0.065709 -0.0613996 -0.599778 -0.0165927 -0.799994 -180.633 0 0 0 1 
-0.802102 0.0819597 0.591536 48.6642 0.0588884 0.996565 -0.0582275 -0.333372 -0.594276 -0.0118698 -0.804173 -183.776 0 0 0 1 
-0.804664 0.0789418 0.588458 49.8804 0.0543434 0.996754 -0.059405 -0.467089 -0.591238 -0.0158223 -0.806342 -185.409 0 0 0 1 
-0.808525 0.0619691 0.58519 52.3407 0.0484044 0.998073 -0.0388139 -0.724308 -0.586468 -0.00305619 -0.809967 -188.762 0 0 0 1 
-0.809293 0.0613187 0.584195 52.956 0.0451153 0.998087 -0.0422632 -0.784103 -0.585669 -0.00784721 -0.810512 -189.596 0 0 0 1 
-0.809188 0.0597221 0.584507 54.1862 0.0357177 0.997981 -0.0525215 -0.90416 -0.586464 -0.0216225 -0.809687 -191.249 0 0 0 1 
-0.807878 0.0585941 0.58643 54.805 0.0355739 0.998079 -0.0507174 -0.972401 -0.588275 -0.0201119 -0.808411 -192.089 0 0 0 1 
-0.796911 0.0797865 0.598805 57.2452 0.0589837 0.99678 -0.0543163 -1.23618 -0.60121 -0.00796554 -0.799051 -195.412 0 0 0 1 
-0.79394 0.0883101 0.601548 57.8517 0.0695475 0.996092 -0.0544403 -1.30592 -0.604005 -0.00138615 -0.796979 -196.242 0 0 0 1 
-0.797109 0.0714407 0.599594 60.3478 0.0558202 0.997443 -0.0446356 -1.57785 -0.60125 -0.00210998 -0.799058 -199.484 0 0 0 1 
-0.801948 0.0609299 0.594279 62.1867 0.0432109 0.998096 -0.0440213 -1.75724 -0.595829 -0.00962347 -0.803053 -201.895 0 0 0 1 
-0.803194 0.0675393 0.591877 62.7852 0.0472081 0.997644 -0.0497788 -1.82295 -0.593844 -0.0120406 -0.80449 -202.703 0 0 0 1 
-0.8061 0.0713642 0.587461 63.9742 0.0435338 0.997163 -0.0613984 -1.95556 -0.590176 -0.0239188 -0.80692 -204.301 0 0 0 1 
-0.806348 0.073072 0.58691 66.3232 0.0537396 0.997286 -0.0503328 -2.23063 -0.588995 -0.00904543 -0.808086 -207.525 0 0 0 1 
-0.805883 0.0766318 0.587095 67.4773 0.0507813 0.996881 -0.0604144 -2.36281 -0.589893 -0.0188734 -0.80726 -209.083 0 0 0 1 
-0.806578 0.068847 0.587105 69.721 0.0505404 0.997589 -0.0475491 -2.63571 -0.588964 -0.00867949 -0.808113 -212.127 0 0 0 1 
-0.809639 0.0832442 0.580994 70.7524 0.0533442 0.996231 -0.0684014 -2.76431 -0.584498 -0.0243878 -0.811028 -213.55 0 0 0 1 
-0.820294 0.0734091 0.567212 72.6703 0.0619972 0.997298 -0.0394118 -3.01394 -0.568572 0.00283629 -0.822628 -216.296 0 0 0 1 
-0.82449 0.0855815 0.559367 73.5121 0.0673315 0.996312 -0.0531882 -3.11475 -0.561856 -0.00619006 -0.827212 -217.537 0 0 0 1 
-0.8266 0.0961003 0.554524 74.2878 0.0736273 0.995311 -0.0627373 -3.21497 -0.557953 -0.0110306 -0.8298 -218.699 0 0 0 1 
-0.795851 0.116903 0.5941 75.7449 0.100787 0.993073 -0.0603961 -3.41562 -0.597045 0.0118114 -0.802121 -220.819 0 0 0 1 
-0.753294 0.129965 0.644715 76.526 0.112172 0.991306 -0.0687687 -3.51422 -0.648047 0.0205162 -0.761324 -221.772 0 0 0 1 
-0.697201 0.124201 0.706035 77.3982 0.103946 0.991984 -0.0718588 -3.62092 -0.7093 0.0232892 -0.704522 -222.62 0 0 0 1 
-0.633819 0.123967 0.763483 78.3345 0.0930109 0.992126 -0.0838768 -3.7412 -0.767869 0.0178495 -0.640358 -223.364 0 0 0 1 
-0.600143 0.128633 0.789482 78.8159 0.0914973 0.991546 -0.0920028 -3.80661 -0.794643 0.0170207 -0.606839 -223.709 0 0 0 1 
-0.530567 0.133152 0.83712 79.8391 0.0826781 0.991005 -0.105227 -3.93922 -0.843601 0.0133814 -0.536803 -224.328 0 0 0 1 
-0.493797 0.130687 0.859701 80.3851 0.0765772 0.991337 -0.106712 -4.00517 -0.866199 0.0131392 -0.499527 -224.612 0 0 0 1 
-0.425161 0.118262 0.897358 81.5336 0.0616925 0.992908 -0.101625 -4.15753 -0.903013 0.0121534 -0.429442 -225.123 0 0 0 1 
-0.395636 0.110199 0.911772 82.134 0.0539758 0.993849 -0.0966976 -4.23254 -0.91682 0.0109566 -0.399151 -225.353 0 0 0 1 
-0.346339 0.103326 0.932402 83.365 0.0397219 0.99464 -0.095468 -4.36977 -0.937268 0.00397242 -0.348587 -225.778 0 0 0 1 
-0.330569 0.0972915 0.938754 84.0037 0.0293456 0.995251 -0.0928132 -4.44561 -0.943326 -0.00313282 -0.331854 -225.974 0 0 0 1 
-0.312412 0.0927508 0.945408 85.3029 0.00915633 0.99547 -0.0946364 -4.59028 -0.949903 -0.0209091 -0.311846 -226.353 0 0 0 1 
-0.308895 0.0930583 0.946533 85.9565 0.00272458 0.995284 -0.0969622 -4.6607 -0.951092 -0.0273722 -0.307691 -226.548 0 0 0 1 
-0.307838 0.0946247 0.946722 86.6058 0.00162571 0.995093 -0.0989308 -4.73361 -0.951437 -0.0289156 -0.306481 -226.75 0 0 0 1 
-0.317283 0.0867054 0.944359 88.6275 0.00114569 0.995846 -0.0910477 -4.95531 -0.94833 -0.027806 -0.316064 -227.401 0 0 0 1 
-0.328027 0.0943605 0.939944 89.9955 0.00100948 0.995033 -0.0995386 -5.11926 -0.944668 -0.0317024 -0.326493 -227.864 0 0 0 1 
-0.340362 0.109333 0.933917 91.3757 0.00341806 0.993354 -0.115046 -5.27955 -0.940288 -0.035965 -0.338473 -228.357 0 0 0 1 
-0.365904 0.0895916 0.92633 94.246 -0.00442134 0.995177 -0.0979967 -5.63903 -0.930642 -0.039953 -0.363743 -229.426 0 0 0 1 
-0.373737 0.0952107 0.922635 95.6919 -0.00369796 0.994557 -0.104131 -5.81167 -0.927527 -0.0423293 -0.371351 -229.993 0 0 0 1 
-0.374829 0.100157 0.921668 96.4172 0.00493223 0.994349 -0.106049 -5.9005 -0.927081 -0.0352043 -0.373204 -230.297 0 0 0 1 
-0.375826 0.0999335 0.921286 97.1545 0.0080898 0.994484 -0.104573 -5.98982 -0.926655 -0.0318484 -0.374562 -230.6 0 0 0 1 
-0.37659 0.0958603 0.921407 97.9036 0.00205917 0.994716 -0.102646 -6.08166 -0.926378 -0.036758 -0.374798 -230.888 0 0 0 1 
-0.375406 0.0909763 0.922385 98.6602 -0.0025236 0.995067 -0.0991722 -6.1738 -0.926857 -0.0395576 -0.373325 -231.179 0 0 0 1 
-0.371528 0.0911265 0.923939 100.923 0.00159765 0.995233 -0.0975157 -6.44511 -0.92842 -0.0347537 -0.369903 -232.079 0 0 0 1 
-0.371677 0.0873959 0.924239 101.688 -0.00204672 0.995479 -0.0949554 -6.53068 -0.92836 -0.0371844 -0.369818 -232.37 0 0 0 1 
-0.367272 0.0893435 0.925813 104.75 0.000534667 0.995396 -0.0958463 -6.88168 -0.930113 -0.0347067 -0.365629 -233.565 0 0 0 1 
-0.368916 0.0922949 0.924869 106.289 -0.00544621 0.994826 -0.101448 -7.05515 -0.929447 -0.042463 -0.366504 -234.152 0 0 0 1 
-0.372197 0.0888166 0.923895 108.606 -0.00482836 0.995212 -0.0976178 -7.3329 -0.928141 -0.0407939 -0.369986 -235.06 0 0 0 1 
-0.376788 0.0968056 0.921227 110.166 -0.00688589 0.994204 -0.107291 -7.52244 -0.926274 -0.0467692 -0.373937 -235.675 0 0 0 1 
-0.382435 0.0984897 0.918718 111.748 -0.00582881 0.994026 -0.108989 -7.72098 -0.923964 -0.0470363 -0.379576 -236.313 0 0 0 1 
-0.384547 0.0935132 0.918357 114.994 0.00400929 0.995015 -0.0996403 -8.13067 -0.923097 -0.0346344 -0.383005 -237.661 0 0 0 1 
-0.383906 0.0950404 0.918468 116.643 0.0094899 0.995042 -0.0989975 -8.32924 -0.923324 -0.0292895 -0.382904 -238.347 0 0 0 1 
-0.377979 0.0990918 0.920496 119.951 0.0169839 0.99483 -0.10012 -8.73072 -0.925658 -0.0222096 -0.377708 -239.711 0 0 0 1 
-0.375442 0.0946409 0.922001 120.801 0.0113529 0.995168 -0.0975283 -8.82974 -0.926776 -0.0261488 -0.374703 -240.043 0 0 0 1 
-0.370288 0.101423 0.923364 122.455 0.0160892 0.994573 -0.102792 -9.04118 -0.928778 -0.0232065 -0.36991 -240.704 0 0 0 1 
-0.368526 0.0883462 0.92541 125.8 0.00739043 0.995721 -0.0921155 -9.46251 -0.929588 -0.0271078 -0.367602 -241.996 0 0 0 1 
-0.371662 0.0938813 0.923609 127.456 0.00377636 0.995018 -0.0996201 -9.65699 -0.928361 -0.0335371 -0.370165 -242.638 0 0 0 1 
-0.375435 0.0862111 0.92283 130.823 -0.00153247 0.995606 -0.0936333 -10.058 -0.926847 -0.0365675 -0.373653 -243.96 0 0 0 1 
-0.374753 0.0904642 0.922701 132.523 0.00593993 0.995442 -0.0951835 -10.2579 -0.927106 -0.0301895 -0.373582 -244.646 0 0 0 1 
-0.372824 0.100916 0.922398 134.231 0.0114895 0.994494 -0.10416 -10.456 -0.927831 -0.0282353 -0.371931 -245.334 0 0 0 1 
-0.370932 0.0923459 0.924057 137.718 0.0100014 0.995383 -0.0954591 -10.8687 -0.928606 -0.026167 -0.370143 -246.709 0 0 0 1 
-0.371357 0.0911919 0.924001 138.6 0.00558827 0.995367 -0.0959892 -10.9685 -0.928473 -0.0304827 -0.370146 -247.048 0 0 0 1 
-0.37175 0.0899532 0.923965 139.476 0.00457905 0.99546 -0.0950713 -11.0698 -0.928322 -0.0311119 -0.370474 -247.392 0 0 0 1 
-0.373682 0.0900735 0.923173 140.347 0.000786167 0.995304 -0.0967931 -11.1768 -0.927557 -0.0354441 -0.371998 -247.731 0 0 0 1 
-0.375785 0.0894228 0.922382 141.223 -0.00200692 0.995253 -0.097305 -11.2774 -0.926705 -0.0384169 -0.373821 -248.073 0 0 0 1 
-0.37997 0.0894757 0.920661 143.865 0.00480129 0.995488 -0.0947663 -11.5864 -0.924986 -0.031588 -0.378685 -249.143 0 0 0 1 
-0.381166 0.100954 0.918978 145.614 0.0142092 0.994542 -0.103361 -11.7904 -0.924397 -0.0263399 -0.38052 -249.871 0 0 0 1 
-0.383392 0.0922687 0.918965 146.506 0.00836622 0.995303 -0.0964431 -11.8992 -0.923548 -0.0292872 -0.382363 -250.226 0 0 0 1 
-0.387055 0.0793982 0.918632 148.286 -0.00164252 0.996225 -0.0867967 -12.1079 -0.922055 -0.035104 -0.385464 -250.936 0 0 0 1 
-0.389396 0.0796561 0.91762 149.167 -0.00371876 0.996109 -0.0880476 -12.2034 -0.921063 -0.0376978 -0.387584 -251.294 0 0 0 1 
-0.389509 0.0901976 0.916595 150.913 -0.00504969 0.994969 -0.100056 -12.4078 -0.921009 -0.0436012 -0.387094 -252.012 0 0 0 1 
-0.388809 0.0975942 0.916135 151.779 -3.56442e-05 0.994372 -0.105944 -12.5134 -0.921318 -0.0412246 -0.386618 -252.378 0 0 0 1 
-0.386061 0.0918198 0.917892 153.52 0.00427107 0.995201 -0.0977569 -12.7293 -0.922463 -0.0338198 -0.384601 -253.105 0 0 0 1 
-0.383589 0.0910305 0.919007 154.386 0.00198295 0.995209 -0.0977509 -12.8388 -0.923502 -0.0356738 -0.381931 -253.455 0 0 0 1 
-0.374058 0.0914281 0.922888 158.661 0.00444307 0.995294 -0.0968003 -13.3778 -0.927395 -0.0321084 -0.372703 -255.173 0 0 0 1 
-0.3692 0.100589 0.92389 161.179 0.00496966 0.994325 -0.106271 -13.6891 -0.929337 -0.0346439 -0.367604 -256.162 0 0 0 1 
-0.366999 0.0890621 0.925948 162.859 0.000282206 0.995417 -0.0956321 -13.9047 -0.930221 -0.0348356 -0.365343 -256.804 0 0 0 1 
-0.364282 0.0902394 0.926906 163.679 0.0032039 0.99541 -0.0956495 -14.002 -0.931283 -0.0318737 -0.362899 -257.122 0 0 0 1 
-0.360144 0.0962189 0.927921 165.284 0.00792339 0.994946 -0.100094 -14.1986 -0.932863 -0.0286958 -0.359086 -257.744 0 0 0 1 
-0.359047 0.0958374 0.928386 166.079 0.00687627 0.994959 -0.10005 -14.2963 -0.933294 -0.029539 -0.357896 -258.042 0 0 0 1 
-0.357648 0.085781 0.929908 167.636 0.00602519 0.995963 -0.089557 -14.4827 -0.933837 -0.026427 -0.356721 -258.627 0 0 0 1 
-0.358114 0.0817242 0.930094 168.392 0.00520403 0.996321 -0.0855396 -14.5742 -0.933663 -0.0257927 -0.357222 -258.91 0 0 0 1 
-0.358654 0.0906403 0.92906 169.843 0.0051391 0.995451 -0.0951337 -14.7426 -0.933456 -0.0293455 -0.357488 -259.459 0 0 0 1 
-0.359966 0.0956455 0.92805 170.552 0.00549227 0.994931 -0.100408 -14.8278 -0.932949 -0.0310464 -0.358666 -259.727 0 0 0 1 
-0.361299 0.0971713 0.927373 171.253 0.00570844 0.994767 -0.102009 -14.9131 -0.932432 -0.0315619 -0.359963 -259.997 0 0 0 1 
-0.364148 0.0972485 0.92625 171.945 0.00849735 0.994839 -0.101109 -15.0014 -0.931302 -0.028948 -0.363095 -260.269 0 0 0 1 
-0.368565 0.0967608 0.924553 172.625 0.00968542 0.994914 -0.100264 -15.0878 -0.929552 -0.0279989 -0.367627 -260.54 0 0 0 1 
-0.391415 0.0984751 0.91493 174.558 0.0117695 0.994712 -0.102027 -15.3365 -0.920139 -0.0291666 -0.390504 -261.343 0 0 0 1 
-0.433239 0.094669 0.896293 176.921 0.0310616 0.995446 -0.0901276 -15.6371 -0.900744 -0.0112064 -0.434206 -262.472 0 0 0 1 
-0.453358 0.0901852 0.886754 178.009 0.0396151 0.995924 -0.0810345 -15.7706 -0.890448 -0.00160883 -0.455083 -263.042 0 0 0 1 
-0.488069 0.104905 0.866477 179.917 0.0583502 0.994451 -0.0875319 -15.9942 -0.870852 0.00783752 -0.491483 -264.134 0 0 0 1 
-0.500307 0.106061 0.859327 180.755 0.0658576 0.994256 -0.0843712 -16.0953 -0.86334 0.0143817 -0.504418 -264.643 0 0 0 1 
-0.492648 0.111277 0.863085 182.766 0.0749721 0.993531 -0.085301 -16.3412 -0.866993 0.0226838 -0.497804 -265.837 0 0 0 1 
-0.456696 0.116543 0.881956 183.561 0.067688 0.99306 -0.0961742 -16.4447 -0.887044 0.0157754 -0.461415 -266.22 0 0 0 1 
-0.418474 0.116952 0.900668 184.076 0.0654177 0.99298 -0.0985437 -16.5093 -0.90587 0.0176817 -0.423187 -266.433 0 0 0 1 
-0.367786 0.114449 0.922841 184.599 0.0573162 0.9933 -0.100345 -16.5677 -0.928142 0.0159881 -0.371882 -266.594 0 0 0 1 
-0.3054 0.108132 0.946065 185.13 0.0470106 0.994032 -0.0984392 -16.6264 -0.951063 0.0144117 -0.308661 -266.709 0 0 0 1 
-0.234186 0.099502 0.967086 185.669 0.034157 0.994977 -0.0941002 -16.6886 -0.971591 0.0109958 -0.236409 -266.775 0 0 0 1 
-0.149048 0.0952401 0.984233 186.21 0.0132975 0.995454 -0.0943122 -16.7536 -0.98874 -0.000969283 -0.149637 -266.775 0 0 0 1 
-0.0500703 0.0970044 0.994024 186.782 -0.00133651 0.995265 -0.0971928 -16.8167 -0.998745 -0.006195 -0.0497036 -266.731 0 0 0 1 
0.243162 0.103252 0.964475 188.336 -0.012528 0.99457 -0.103316 -16.9837 -0.969905 0.0130394 0.243135 -266.344 0 0 0 1 
0.362848 0.110961 0.925219 188.976 -0.0387136 0.993823 -0.104006 -17.0583 -0.931044 0.00191969 0.364902 -265.978 0 0 0 1 
0.482743 0.110693 0.868738 189.643 -0.0527934 0.993854 -0.0972992 -17.1306 -0.874169 0.00110685 0.48562 -265.51 0 0 0 1 
0.539358 0.109128 0.834975 189.973 -0.0576002 0.994026 -0.0927085 -17.1657 -0.840104 0.00190835 0.542421 -265.24 0 0 0 1 
0.634788 0.108067 0.765092 190.626 -0.078414 0.994069 -0.0753497 -17.2473 -0.768697 -0.0121629 0.639497 -264.572 0 0 0 1 
0.742533 0.121518 0.658694 191.578 -0.105203 0.992358 -0.0644809 -17.3471 -0.661496 -0.0214172 0.749643 -263.36 0 0 0 1 
0.821386 0.133737 0.554472 192.917 -0.123293 0.99077 -0.056328 -17.4796 -0.556887 -0.0220951 0.830294 -261.301 0 0 0 1 
0.873423 0.131708 0.468813 194.303 -0.126656 0.991038 -0.0424554 -17.6135 -0.470203 -0.0222963 0.882277 -258.772 0 0 0 1 
0.893085 0.137545 0.428347 194.964 -0.130344 0.990389 -0.0462602 -17.6938 -0.430593 -0.014518 0.90243 -257.341 0 0 0 1 
0.916726 0.14197 0.373441 196.269 -0.138992 0.989673 -0.0350416 -17.8286 -0.374559 -0.0197818 0.926992 -254.131 0 0 0 1 
0.924116 0.136971 0.356718 196.936 -0.136002 0.990315 -0.0279293 -17.9076 -0.357089 -0.0227046 0.933794 -252.379 0 0 0 1 
0.926649 0.149891 0.344753 197.921 -0.147408 0.988506 -0.0335677 -17.9971 -0.345822 -0.0197139 0.938093 -249.604 0 0 0 1 
0.926485 0.151967 0.344284 198.267 -0.149957 0.988154 -0.0326287 -18.033 -0.345164 -0.021398 0.938298 -248.63 0 0 0 1 
0.926679 0.147017 0.345907 198.981 -0.143157 0.989014 -0.036834 -18.1156 -0.347523 -0.0153859 0.937545 -246.698 0 0 0 1 
0.925556 0.149345 0.34791 199.351 -0.145001 0.988676 -0.0386517 -18.1558 -0.349743 -0.0146729 0.936731 -245.691 0 0 0 1 
0.922904 0.136149 0.360155 200.91 -0.135707 0.990391 -0.0266463 -18.3283 -0.360322 -0.0242834 0.932512 -241.572 0 0 0 1 
0.921733 0.13357 0.364098 201.767 -0.12914 0.99095 -0.0366085 -18.4243 -0.365693 -0.0132764 0.930641 -239.384 0 0 0 1 
0.920246 0.123684 0.371282 203.433 -0.121881 0.992138 -0.028417 -18.6357 -0.371877 -0.0191015 0.928085 -235.153 0 0 0 1 
0.919736 0.124756 0.372184 204.272 -0.123456 0.991971 -0.0274232 -18.7234 -0.372617 -0.0207265 0.927754 -233.024 0 0 0 1 
0.919518 0.130337 0.370808 205.981 -0.127169 0.991329 -0.0330985 -18.938 -0.371906 -0.0167205 0.92812 -228.647 0 0 0 1 
0.919529 0.130286 0.3708 206.421 -0.128849 0.991247 -0.0287635 -18.9893 -0.371301 -0.0213284 0.928267 -227.522 0 0 0 1 
0.919045 0.134353 0.370547 206.858 -0.133262 0.990666 -0.0286742 -19.037 -0.370941 -0.0230269 0.928371 -226.381 0 0 0 1 
0.918862 0.136408 0.370251 207.309 -0.13582 0.990344 -0.0277965 -19.0814 -0.370467 -0.0247462 0.928516 -225.215 0 0 0 1 
0.91856 0.140035 0.369645 207.755 -0.142314 0.989593 -0.0212459 -19.1222 -0.368773 -0.0330901 0.92893 -224.05 0 0 0 1 
0.918583 0.138754 0.370071 208.198 -0.14328 0.989563 -0.0153791 -19.166 -0.368342 -0.0388965 0.928876 -222.898 0 0 0 1 
0.918977 0.141136 0.368187 208.639 -0.14503 0.989277 -0.0172284 -19.2049 -0.366671 -0.0375657 0.929592 -221.762 0 0 0 1 
0.920051 0.14207 0.365132 209.895 -0.142733 0.989437 -0.0253276 -19.3202 -0.364874 -0.0288137 0.930611 -218.507 0 0 0 1 
0.92016 0.141449 0.3651 210.68 -0.138246 0.989778 -0.0350445 -19.4067 -0.366325 -0.0182271 0.930308 -216.482 0 0 0 1 
0.918499 0.141852 0.369104 211.45 -0.142698 0.989446 -0.0251604 -19.4989 -0.368778 -0.0295606 0.929048 -214.48 0 0 0 1 
0.916106 0.150089 0.371784 212.206 -0.149012 0.988324 -0.0318087 -19.584 -0.372217 -0.0262601 0.927774 -212.53 0 0 0 1 
0.914336 0.151474 0.375561 212.588 -0.150485 0.988089 -0.0321529 -19.6269 -0.375958 -0.0271178 0.92624 -211.552 0 0 0 1 
0.912586 0.154777 0.378458 212.971 -0.156066 0.987364 -0.0274724 -19.671 -0.377928 -0.0339936 0.925211 -210.57 0 0 0 1 
0.911352 0.15204 0.382519 213.368 -0.156116 0.987525 -0.0205656 -19.7078 -0.380873 -0.0409748 0.923719 -209.583 0 0 0 1 
0.911286 0.149074 0.383842 213.776 -0.154003 0.987905 -0.0180552 -19.746 -0.381891 -0.0426592 0.923222 -208.588 0 0 0 1 
0.912114 0.144934 0.38346 214.187 -0.147901 0.988759 -0.021913 -19.7838 -0.382326 -0.0367269 0.923297 -207.598 0 0 0 1 
0.914063 0.138945 0.381028 214.604 -0.138056 0.989976 -0.0298128 -19.8232 -0.381351 -0.0253527 0.924083 -206.614 0 0 0 1 
0.914816 0.140142 0.378777 215.008 -0.138978 0.989824 -0.0305627 -19.8635 -0.379205 -0.0246823 0.924983 -205.614 0 0 0 1 
0.915941 0.136901 0.377241 215.408 -0.138647 0.990082 -0.0226666 -19.9049 -0.376603 -0.0315419 0.925838 -204.611 0 0 0 1 
0.916957 0.136492 0.374914 215.806 -0.140023 0.989986 -0.0179512 -19.9434 -0.373609 -0.036036 0.926886 -203.601 0 0 0 1 
0.918116 0.154375 0.365009 216.951 -0.15023 0.987845 -0.0399167 -20.0585 -0.366735 -0.0181872 0.930148 -200.601 0 0 0 1 
0.919095 0.152688 0.363251 217.334 -0.148958 0.988096 -0.0384433 -20.1085 -0.364796 -0.018776 0.930898 -199.601 0 0 0 1 
0.919589 0.150591 0.362876 217.716 -0.149742 0.98825 -0.0306456 -20.1608 -0.363227 -0.0261566 0.931334 -198.593 0 0 0 1 
0.919747 0.150665 0.362444 218.091 -0.151418 0.988114 -0.0265087 -20.2061 -0.36213 -0.0304992 0.931629 -197.593 0 0 0 1 
0.919409 0.155601 0.361214 218.838 -0.154937 0.987438 -0.0309958 -20.2884 -0.361499 -0.0274676 0.931968 -195.597 0 0 0 1 
0.918085 0.154662 0.364966 219.972 -0.15416 0.987569 -0.0307099 -20.4289 -0.365178 -0.0280687 0.930514 -192.62 0 0 0 1 
0.917674 0.152454 0.366922 220.354 -0.153131 0.987825 -0.0274545 -20.4736 -0.36664 -0.0309927 0.929846 -191.631 0 0 0 1 
0.91719 0.146276 0.370629 221.895 -0.143802 0.989006 -0.0344657 -20.6624 -0.371596 -0.0216854 0.928141 -187.696 0 0 0 1 
0.916145 0.141204 0.375152 223.065 -0.141096 0.989602 -0.0279102 -20.7926 -0.375192 -0.0273628 0.926543 -184.741 0 0 0 1 
0.915462 0.147786 0.374285 223.446 -0.142034 0.988924 -0.0430761 -20.8361 -0.376505 -0.0137266 0.926313 -183.778 0 0 0 1 
0.913639 0.146732 0.379122 224.229 -0.140789 0.989083 -0.0435219 -20.9475 -0.381369 -0.0136128 0.924323 -181.821 0 0 0 1 
0.912361 0.142328 0.383849 224.632 -0.140674 0.989521 -0.0325409 -21.0025 -0.384458 -0.0243085 0.922822 -180.832 0 0 0 1 
0.910474 0.134532 0.391074 225.45 -0.136082 0.99041 -0.0238882 -21.0913 -0.390537 -0.0314686 0.920049 -178.873 0 0 0 1 
0.909226 0.135153 0.393753 225.86 -0.134449 0.990481 -0.0295151 -21.1331 -0.393993 -0.0261039 0.918742 -177.908 0 0 0 1 
0.905082 0.141336 0.401062 226.681 -0.137073 0.989774 -0.0394645 -21.2279 -0.402539 -0.0192563 0.9152 -175.978 0 0 0 1 
0.900648 0.134729 0.413136 227.536 -0.131621 0.990642 -0.0361226 -21.3371 -0.414137 -0.0218438 0.909953 -174.057 0 0 0 1 
0.894911 0.12267 0.429052 228.863 -0.121292 0.992143 -0.0306729 -21.4897 -0.429444 -0.0245911 0.902759 -171.215 0 0 0 1 
0.891447 0.115244 0.438224 229.767 -0.111382 0.993175 -0.0346077 -21.5845 -0.439221 -0.0179593 0.898199 -169.353 0 0 0 1 
0.889149 0.121264 0.441258 230.208 -0.118216 0.992388 -0.0345132 -21.6336 -0.442084 -0.0214765 0.896716 -168.422 0 0 0 1 
0.885625 0.12825 0.446342 231.098 -0.122723 0.991577 -0.0414099 -21.7362 -0.447893 -0.0181028 0.893904 -166.583 0 0 0 1 
0.884488 0.130679 0.447888 231.544 -0.125064 0.991249 -0.0422371 -21.7882 -0.449488 -0.0186564 0.893092 -165.666 0 0 0 1 
0.88529 0.12477 0.447988 232.446 -0.1207 0.991971 -0.0377547 -21.8998 -0.449102 -0.0206485 0.893242 -163.843 0 0 0 1 
0.886999 0.11928 0.4461 232.899 -0.114234 0.992715 -0.0383008 -21.9527 -0.447419 -0.0169869 0.894163 -162.942 0 0 0 1 
0.89082 0.109703 0.440913 233.789 -0.105888 0.993819 -0.0333352 -22.0548 -0.441845 -0.0169918 0.896931 -161.139 0 0 0 1 
0.892328 0.110445 0.437667 234.217 -0.107614 0.993698 -0.0313528 -22.1043 -0.438371 -0.0191219 0.898591 -160.236 0 0 0 1 
0.895903 0.112024 0.429894 235.06 -0.104945 0.993664 -0.040226 -22.2014 -0.431676 -0.00907672 0.901983 -158.452 0 0 0 1 
0.897247 0.111504 0.427217 235.477 -0.102167 0.993758 -0.0447983 -22.2534 -0.429546 -0.00345248 0.903039 -157.564 0 0 0 1 
0.899803 0.0993842 0.424827 236.308 -0.0938932 0.995005 -0.0339018 -22.3586 -0.426074 -0.0093834 0.90464 -155.786 0 0 0 1 
0.901012 0.0874976 0.424878 236.726 -0.0849847 0.996071 -0.0249048 -22.4066 -0.425388 -0.0136686 0.904908 -154.911 0 0 0 1 
0.902015 0.0771611 0.424752 237.139 -0.0758036 0.99692 -0.0201231 -22.4467 -0.424996 -0.0140464 0.905086 -154.05 0 0 0 1 
0.901796 0.0772459 0.425203 237.927 -0.0726964 0.99699 -0.0269427 -22.5283 -0.426004 -0.00661387 0.904697 -152.366 0 0 0 1 
0.896296 0.0784441 0.436463 239.453 -0.0748467 0.99687 -0.0254634 -22.6928 -0.437094 -0.00984507 0.899362 -149.118 0 0 0 1 
0.884191 0.0757109 0.46095 240.977 -0.068221 0.997127 -0.0329168 -22.8475 -0.462117 -0.00234166 0.886816 -146.105 0 0 0 1 
0.87479 0.0790881 0.478004 241.726 -0.0711512 0.996861 -0.0347226 -22.9261 -0.479249 -0.0036355 0.877671 -144.704 0 0 0 1 
0.854922 0.0963156 0.509737 243.156 -0.0817204 0.995349 -0.0510128 -23.1001 -0.512279 0.00195604 0.858817 -142.178 0 0 0 1 
0.846532 0.100618 0.522742 243.832 -0.0878614 0.994916 -0.0492185 -23.1767 -0.525037 -0.00426381 0.851069 -141.048 0 0 0 1 
0.841039 0.0797407 0.535065 245.135 -0.0724777 0.996769 -0.0346248 -23.3349 -0.536097 -0.00965951 0.844101 -139.011 0 0 0 1 
0.843088 0.0912404 0.529979 245.724 -0.078284 0.995827 -0.0469062 -23.3947 -0.532047 -0.0019428 0.846712 -138.042 0 0 0 1 
0.852824 0.0783724 0.516284 246.333 -0.0631731 0.996896 -0.0469773 -23.4581 -0.518363 0.00744813 0.855128 -137.077 0 0 0 1 
0.867945 0.0722776 0.491373 246.892 -0.0631365 0.997384 -0.0351862 -23.5146 -0.492631 -0.000483838 0.870238 -136.08 0 0 0 1 
0.918025 0.0727361 0.389795 247.804 -0.0664138 0.99735 -0.0296922 -23.6212 -0.390922 0.0013704 0.920423 -134.045 0 0 0 1 
0.946664 0.0775793 0.312745 248.127 -0.0713448 0.996959 -0.0313479 -23.656 -0.314226 0.00736321 0.94932 -132.982 0 0 0 1 
0.972137 0.0753918 0.221957 248.358 -0.0725586 0.997145 -0.0209035 -23.6876 -0.222899 0.00421621 0.974832 -131.872 0 0 0 1 
