0.999968 0.00127989 -0.00795701 -0.0201132 -0.00130427 0.999994 -0.00305951 -0.00256216 0.00795305 0.00306979 0.999964 1.4026 0 0 0 1 
0.999357 0.00538814 -0.0354594 -0.16286 -0.00543804 0.999984 -0.00131081 -0.0456692 0.0354517 0.0015028 0.99937 5.98098 0 0 0 1 
0.999229 0.00500081 -0.0389463 -0.19719 -0.00495073 0.999987 0.00138226 -0.0539846 0.0389527 -0.00118838 0.99924 6.78751 0 0 0 1 
0.999025 0.00607368 -0.0437267 -0.278609 -0.0060542 0.999982 0.000577857 -0.0676067 0.0437294 -0.000312563 0.999043 8.42043 0 0 0 1 
0.998958 0.00312214 -0.045532 -0.315324 -0.00312596 0.999995 -1.26713e-05 -0.0729841 0.0455317 0.000154989 0.998963 9.25043 0 0 0 1 
0.998861 0.00301365 -0.0476156 -0.356293 -0.00297678 0.999995 0.000845089 -0.0804401 0.047618 -0.000702385 0.998865 10.0925 0 0 0 1 
0.998624 0.00428892 -0.0522581 -0.49959 -0.00451728 0.999981 -0.00425244 -0.105687 0.0522389 0.00448266 0.998625 12.6638 0 0 0 1 
0.99844 0.00908788 -0.0550829 -0.610501 -0.00940171 0.999941 -0.00544085 -0.126331 0.0550302 0.00595024 0.998467 14.4191 0 0 0 1 
0.998371 0.00815975 -0.0564721 -0.66403 -0.00839472 0.999957 -0.00392497 -0.139256 0.0564376 0.00439265 0.998396 15.3122 0 0 0 1 
0.998234 0.00843879 -0.0588078 -0.778418 -0.00859022 0.99996 -0.00232261 -0.162328 0.0587859 0.00282368 0.998267 17.1131 0 0 0 1 
0.998087 0.00688577 -0.0614345 -0.894881 -0.00713754 0.999967 -0.00387965 -0.184034 0.0614058 0.00431072 0.998104 18.9307 0 0 0 1 
0.998051 0.00702475 -0.0620074 -0.955489 -0.00717239 0.999972 -0.0021587 -0.193922 0.0619905 0.00259924 0.998073 19.8504 0 0 0 1 
0.998045 0.00838028 -0.0619372 -1.01956 -0.00831676 0.999965 0.00128327 -0.20511 0.0619458 -0.000765643 0.998079 20.7784 0 0 0 1 
0.998195 0.0081819 -0.0594895 -1.13948 -0.00772756 0.999939 0.00786342 -0.217591 0.0595503 -0.00738952 0.998198 22.6486 0 0 0 1 
0.998284 0.00841294 -0.0579436 -1.19624 -0.00792586 0.999931 0.00863087 -0.221436 0.0580122 -0.00815681 0.998283 23.59 0 0 0 1 
0.998404 0.00955357 -0.0556563 -1.31117 -0.00951632 0.999954 0.000934246 -0.229859 0.0556626 -0.000403112 0.99845 25.4849 0 0 0 1 
0.998479 0.00872495 -0.0544477 -1.36594 -0.00884514 0.999959 -0.00196685 -0.236822 0.0544283 0.00244545 0.998515 26.4411 0 0 0 1 
0.998535 0.00619503 -0.0537593 -1.4184 -0.00625629 0.99998 -0.000971325 -0.24521 0.0537522 0.00130624 0.998553 27.401 0 0 0 1 
0.9985 0.000561028 -0.0547531 -1.52397 -0.000150568 0.999972 0.00750041 -0.263026 0.0547557 -0.00748092 0.998472 29.3532 0 0 0 1 
0.998416 -0.00691901 -0.0558405 -1.5692 0.00731351 0.99995 0.00686354 -0.268916 0.0557902 -0.00726105 0.998416 30.3278 0 0 0 1 
0.998237 -0.00887617 -0.0586881 -1.68503 0.0088381 0.999961 -0.000908135 -0.280565 0.0586938 0.000387843 0.998276 32.2841 0 0 0 1 
0.998125 -0.00755371 -0.0607417 -1.7491 0.00746947 0.999971 -0.00161388 -0.28963 0.0607522 0.00115715 0.998152 33.2726 0 0 0 1 
0.998028 -0.00433995 -0.0626214 -1.88462 0.00451307 0.999986 0.00262341 -0.31355 0.0626091 -0.00290085 0.998034 35.2678 0 0 0 1 
0.997899 -0.00308594 -0.0647129 -2.08963 0.00371537 0.999947 0.0096084 -0.336301 0.0646798 -0.00982865 0.997858 38.2729 0 0 0 1 
0.997857 0.00488029 -0.0652434 -2.37522 -0.00439759 0.999962 0.00753999 -0.349727 0.0652777 -0.00723693 0.997841 42.2478 0 0 0 1 
0.997791 0.0043581 -0.0662922 -2.44196 -0.00386119 0.999963 0.00762211 -0.355844 0.066323 -0.0073493 0.997771 43.2376 0 0 0 1 
0.997629 0.00540689 -0.0686143 -2.65356 -0.00498365 0.999967 0.00633803 -0.375988 0.0686464 -0.00598105 0.997623 46.1894 0 0 0 1 
0.997572 0.0059409 -0.0693878 -2.72872 -0.00580281 0.999981 0.00219153 -0.382485 0.0693994 -0.00178356 0.997587 47.1622 0 0 0 1 
0.997522 0.00704587 -0.0699988 -2.7994 -0.00697678 0.999975 0.00123137 -0.391177 0.0700057 -0.000739951 0.997546 48.1073 0 0 0 1 
0.997519 0.00606819 -0.0701335 -2.86698 -0.00572445 0.999971 0.00510107 -0.403023 0.0701624 -0.00468693 0.997525 49.0542 0 0 0 1 
0.997507 0.00442045 -0.0704281 -2.933 -0.00383627 0.999957 0.00842785 -0.411229 0.0704623 -0.00813666 0.997481 49.9971 0 0 0 1 
0.997484 -0.000429407 -0.0708938 -3.06744 0.00100618 0.999967 0.00810025 -0.425628 0.070888 -0.0081512 0.997451 51.8871 0 0 0 1 
0.997259 -0.00752263 -0.073604 -3.26971 0.00845789 0.999887 0.0124032 -0.441596 0.0735024 -0.0129918 0.99721 54.7208 0 0 0 1 
0.997206 -0.0081757 -0.0742509 -3.33704 0.00950819 0.9998 0.01761 -0.44165 0.0740921 -0.0182668 0.997084 55.6462 0 0 0 1 
0.997177 -0.00619982 -0.0748243 -3.41032 0.00772456 0.999768 0.0201056 -0.440605 0.0746823 -0.0206268 0.996994 56.5637 0 0 0 1 
0.997074 -0.0048444 -0.0762934 -3.48296 0.00611544 0.999846 0.0164351 -0.441058 0.0762021 -0.0168536 0.99695 57.4677 0 0 0 1 
0.996977 -0.00307565 -0.0776317 -3.55745 0.00377839 0.999953 0.0089069 -0.441141 0.0776006 -0.0091733 0.996942 58.3616 0 0 0 1 
0.99674 0.00662274 -0.080413 -3.79719 -0.00602977 0.999953 0.00761469 -0.463652 0.0804597 -0.00710499 0.996733 61.0464 0 0 0 1 
0.996622 0.00946456 -0.0815733 -3.87341 -0.00872145 0.999917 0.00946129 -0.474049 0.0816561 -0.0087179 0.996622 61.8961 0 0 0 1 
0.996524 0.0104586 -0.0826492 -3.94777 -0.00971056 0.999908 0.0094473 -0.478564 0.0827404 -0.00861189 0.996534 62.7295 0 0 0 1 
0.996369 0.0124892 -0.0842235 -4.02418 -0.0116388 0.999876 0.01058 -0.485043 0.0843453 -0.00956128 0.996391 63.5519 0 0 0 1 
0.995855 0.0160862 -0.0895181 -4.32948 -0.0147441 0.999769 0.0156336 -0.502238 0.0897489 -0.0142489 0.995862 66.7972 0 0 0 1 
0.995505 0.0209944 -0.0923497 -4.48369 -0.0190584 0.999581 0.0217952 -0.503345 0.0927686 -0.0199372 0.995488 68.3261 0 0 0 1 
0.995005 0.0237694 -0.0969525 -4.78402 -0.0235584 0.999717 0.00332028 -0.515357 0.0970039 -0.00101965 0.995283 71.1894 0 0 0 1 
0.99475 0.0267276 -0.0987868 -4.9276 -0.0259382 0.999621 0.00926691 -0.537171 0.098997 -0.0066559 0.995065 72.5138 0 0 0 1 
0.994887 0.0154902 -0.0998023 -5.04262 -0.0154885 0.99988 0.000791793 -0.554917 0.0998025 0.000758047 0.995007 73.7481 0 0 0 1 
0.995319 0.0139388 -0.0956335 -5.15648 -0.0144114 0.999887 -0.00425208 -0.571308 0.0955634 0.00561038 0.995408 74.9168 0 0 0 1 
0.997285 0.00916398 -0.0730636 -5.32473 -0.00850234 0.99992 0.00936152 -0.608245 0.0731435 -0.00871489 0.997283 77.0943 0 0 0 1 
0.998724 0.0178812 -0.0472211 -5.38228 -0.0174957 0.99981 0.00856487 -0.619764 0.0473653 -0.00772778 0.998848 78.094 0 0 0 1 
0.999749 0.021205 -0.00726027 -5.38013 -0.0211373 0.999733 0.00928422 -0.625111 0.00745521 -0.00912842 0.999931 79.0479 0 0 0 1 
0.998693 0.0165438 0.0483595 -5.30489 -0.0171107 0.999789 0.0113333 -0.635187 -0.0481618 -0.012146 0.998766 79.9536 0 0 0 1 
0.992807 0.0159459 0.118656 -5.17105 -0.0175806 0.999764 0.0127431 -0.644128 -0.118425 -0.0147375 0.992854 80.8192 0 0 0 1 
0.951629 0.0191207 0.306654 -4.67823 -0.0221124 0.999736 0.00628443 -0.668115 -0.306453 -0.0127613 0.9518 82.415 0 0 0 1 
0.907595 0.0198865 0.419376 -4.30528 -0.0224882 0.999746 0.00126078 -0.680094 -0.419245 -0.0105753 0.907812 83.1199 0 0 0 1 
0.845435 0.018292 0.533765 -3.84021 -0.0192961 0.999807 -0.00369989 -0.696521 -0.53373 -0.00717156 0.845625 83.7626 0 0 0 1 
0.808577 0.0177217 0.588124 -3.58112 -0.0182774 0.99982 -0.00499864 -0.711865 -0.588107 -0.00670757 0.808756 84.0511 0 0 0 1 
0.725561 0.0159929 0.687972 -3.0079 -0.0194311 0.999807 -0.00274921 -0.735127 -0.687884 -0.0113733 0.725732 84.5806 0 0 0 1 
0.680261 0.0149491 0.732817 -2.69726 -0.0186831 0.999821 -0.0030526 -0.743477 -0.732732 -0.0116148 0.680419 84.8126 0 0 0 1 
0.586975 0.0109892 0.80953 -2.03343 -0.00999683 0.99993 -0.00632533 -0.76375 -0.809543 -0.00437992 0.587044 85.2065 0 0 0 1 
0.540109 0.0130812 0.841493 -1.68944 -0.0119097 0.999898 -0.00789945 -0.776444 -0.841511 -0.00575534 0.54021 85.3805 0 0 0 1 
0.447111 0.0179456 0.894298 -0.98552 -0.0165797 0.999793 -0.0117734 -0.800539 -0.894325 -0.00956318 0.447316 85.6862 0 0 0 1 
0.404614 0.0152427 0.914361 -0.611007 -0.00930722 0.999878 -0.0125498 -0.810746 -0.91444 -0.00343234 0.404706 85.8003 0 0 0 1 
0.296934 0.00808919 0.954864 0.549091 0.00728929 0.999916 -0.0107376 -0.833287 -0.95487 0.0101486 0.29685 86.087 0 0 0 1 
0.211357 0.0217645 0.977166 1.76274 -0.00687088 0.99976 -0.0207816 -0.888185 -0.977385 -0.00232165 0.211456 86.3533 0 0 0 1 
0.188094 0.0231418 0.981878 2.19529 0.000699412 0.999719 -0.0236963 -0.901028 -0.982151 0.00514387 0.188025 86.4068 0 0 0 1 
0.168254 0.0294545 0.985303 2.6323 0.00777106 0.999483 -0.0312054 -0.903821 -0.985713 0.0129073 0.167938 86.4518 0 0 0 1 
0.130829 0.036993 0.990715 3.55448 0.00762443 0.999237 -0.038318 -0.924115 -0.991376 0.0125667 0.130447 86.5613 0 0 0 1 
0.0874279 0.0269275 0.995807 5.06643 0.00835743 0.99958 -0.0277633 -0.996679 -0.996136 0.0107497 0.0871661 86.6902 0 0 0 1 
0.0657328 0.0265511 0.997484 6.15615 0.015877 0.999492 -0.0276508 -1.0341 -0.997711 0.0176546 0.0652779 86.7433 0 0 0 1 
0.0410517 0.029152 0.998732 8.54568 0.0215963 0.999315 -0.0300567 -1.11571 -0.998924 0.0228027 0.040394 86.841 0 0 0 1 
0.0307919 0.0286535 0.999115 10.5501 0.0265282 0.999213 -0.0294739 -1.18587 -0.999174 0.0274123 0.0300076 86.8968 0 0 0 1 
0.0285956 0.0276756 0.999208 12.7172 0.0367377 0.998912 -0.0287188 -1.2609 -0.998916 0.0375299 0.0275477 86.9407 0 0 0 1 
0.0350536 0.0272656 0.999013 14.2587 0.0409983 0.998747 -0.0286968 -1.31147 -0.998544 0.0419638 0.0338918 86.9887 0 0 0 1 
0.0433871 0.0252079 0.99874 15.8643 0.0428635 0.998714 -0.0270693 -1.36419 -0.998138 0.043984 0.0422508 87.056 0 0 0 1 
0.0595155 0.0214242 0.997997 19.2452 0.0361275 0.999068 -0.0236016 -1.47458 -0.997573 0.0374599 0.058686 87.2606 0 0 0 1 
0.0639342 0.0306318 0.997484 20.9854 0.0284684 0.999066 -0.032505 -1.54049 -0.997548 0.030475 0.0630025 87.3875 0 0 0 1 
0.0640739 0.0300778 0.997492 24.4975 0.0215257 0.999271 -0.0315142 -1.69616 -0.997713 0.0234909 0.0633798 87.6232 0 0 0 1 
0.0626445 0.0313269 0.997544 27.9689 0.0110932 0.999424 -0.0320825 -1.85313 -0.997974 0.0130757 0.0622609 87.8816 0 0 0 1 
0.0588533 0.0305161 0.9978 28.8138 0.00757334 0.99949 -0.0310144 -1.88805 -0.998238 0.00938198 0.0585922 87.9477 0 0 0 1 
0.0545907 0.0291937 0.998082 29.6818 0.00496453 0.999552 -0.0295082 -1.92368 -0.998496 0.00656588 0.0544213 87.9986 0 0 0 1 
0.0499666 0.0270648 0.998384 30.5732 0.00328929 0.999623 -0.027263 -1.9685 -0.998745 0.00464622 0.0498587 88.0439 0 0 0 1 
0.0447328 0.025255 0.99868 31.3911 0.00152367 0.999678 -0.0253485 -2.00205 -0.998998 0.00265556 0.0446798 88.0933 0 0 0 1 
0.0296939 0.0266041 0.999205 33.052 0.00115219 0.999644 -0.02665 -2.07024 -0.999558 0.00194262 0.0296527 88.1598 0 0 0 1 
0.0207483 0.0271753 0.999415 33.8862 0.00174709 0.999628 -0.0272174 -2.10275 -0.999783 0.00231078 0.0206931 88.1832 0 0 0 1 
-0.0109184 0.0241229 0.999649 36.4015 0.00397654 0.999702 -0.0240807 -2.20049 -0.999932 0.00371222 -0.0110111 88.1769 0 0 0 1 
-0.0230722 0.0243937 0.999436 37.2026 0.00412951 0.999696 -0.0243047 -2.23026 -0.999725 0.00356642 -0.023166 88.1682 0 0 0 1 
-0.0446501 0.0263812 0.998654 38.8196 0.00348977 0.999649 -0.0262514 -2.29661 -0.998997 0.00231294 -0.0447265 88.0931 0 0 0 1 
-0.0543365 0.0275903 0.998141 39.634 0.0038006 0.999617 -0.0274242 -2.33207 -0.998515 0.00230341 -0.0544205 88.0331 0 0 0 1 
-0.0926513 0.0286848 0.995285 42.8074 0.00778066 0.999575 -0.0280841 -2.47117 -0.995668 0.00514195 -0.0928351 87.8017 0 0 0 1 
-0.105411 0.025513 0.994101 44.3565 0.0119988 0.999631 -0.0243826 -2.53562 -0.994356 0.00935786 -0.105678 87.6525 0 0 0 1 
-0.115 0.021917 0.993124 47.3067 0.0182238 0.999635 -0.0199505 -2.65191 -0.993198 0.0158042 -0.115358 87.3282 0 0 0 1 
-0.111735 0.0240248 0.993448 48.67 0.0211622 0.999539 -0.0217919 -2.70326 -0.993513 0.0185886 -0.112192 87.188 0 0 0 1 
-0.0739741 0.0254796 0.996935 51.1525 0.0188549 0.999531 -0.0241469 -2.80856 -0.997082 0.0170109 -0.0744198 86.9884 0 0 0 1 
-0.035516 0.0292303 0.998942 52.2755 0.0160508 0.99946 -0.0286748 -2.86251 -0.99924 0.0150154 -0.035966 86.9626 0 0 0 1 
0.0174241 0.0337875 0.999277 53.3719 0.0116678 0.999354 -0.0339935 -2.91797 -0.99978 0.0122516 0.0170186 87.0024 0 0 0 1 
0.17618 0.0225919 0.984099 55.5059 0.00284055 0.999721 -0.0234591 -3.01828 -0.984354 0.0069284 0.176066 87.3306 0 0 0 1 
0.224708 0.019271 0.974236 56.0156 -0.0018883 0.999811 -0.0193414 -3.04065 -0.974424 0.00250651 0.224702 87.4774 0 0 0 1 
0.331121 0.0173785 0.943428 56.9894 -0.00610611 0.999849 -0.0162747 -3.07582 -0.943569 -0.000371775 0.331177 87.8469 0 0 0 1 
0.389072 0.0178889 0.921034 57.4564 -0.0039735 0.999835 -0.0177409 -3.09089 -0.921199 0.00324277 0.389078 88.0709 0 0 0 1 
0.507538 0.0241311 0.861292 58.2945 -0.0017828 0.999635 -0.0269566 -3.12821 -0.861628 0.012146 0.507395 88.6154 0 0 0 1 
0.621645 0.030905 0.782689 59.0287 -0.00948836 0.999445 -0.0319276 -3.16133 -0.783242 0.0124212 0.621593 89.2798 0 0 0 1 
0.723138 0.0293522 0.690079 59.6764 -0.0105329 0.999449 -0.0314736 -3.19723 -0.690623 0.0154913 0.723049 90.0326 0 0 0 1 
0.768322 0.0254908 0.639555 59.9643 -0.0119674 0.999604 -0.0254644 -3.21529 -0.639951 0.0119111 0.768323 90.4433 0 0 0 1 
0.846322 0.0176207 0.53238 60.4525 -0.013825 0.999843 -0.0111151 -3.24392 -0.532492 0.00204681 0.846432 91.3243 0 0 0 1 
0.877473 0.0138904 0.479424 60.658 -0.0139674 0.999897 -0.00340598 -3.25454 -0.479422 -0.00370766 0.877577 91.7887 0 0 0 1 
0.903219 0.0143523 0.42894 60.8375 -0.0170742 0.999851 0.00249819 -3.26716 -0.428841 -0.00958024 0.903329 92.2685 0 0 0 1 
0.938914 0.0219874 0.343449 61.1344 -0.0267749 0.999599 0.00920268 -3.28149 -0.343109 -0.0178363 0.939126 93.2714 0 0 0 1 
0.950996 0.0257943 0.308126 61.2578 -0.0297411 0.999525 0.0081187 -3.28014 -0.307771 -0.0168849 0.951311 93.776 0 0 0 1 
0.966536 0.0224636 0.255544 61.5124 -0.0255759 0.999634 0.00886232 -3.27851 -0.255251 -0.0151015 0.966757 94.8265 0 0 0 1 
0.970562 0.0196167 0.240051 61.634 -0.0225857 0.999699 0.00962317 -3.28267 -0.23979 -0.0147616 0.970713 95.3738 0 0 0 1 
0.976923 0.0427573 0.209268 62.0616 -0.0447753 0.998985 0.00491267 -3.27642 -0.208846 -0.0141694 0.977846 97.6615 0 0 0 1 
0.977043 0.0440742 0.208433 62.176 -0.0455777 0.998958 0.00241394 -3.28329 -0.20811 -0.0118584 0.978034 98.2513 0 0 0 1 
0.973682 0.0461416 0.223189 62.7322 -0.0445955 0.998933 -0.0119652 -3.30287 -0.223503 0.00169709 0.974702 100.76 0 0 0 1 
0.96972 0.0393028 0.241037 63.4021 -0.0421835 0.999087 0.00680123 -3.33762 -0.24055 -0.0167631 0.970492 103.518 0 0 0 1 
0.969347 0.0307387 0.243766 63.958 -0.0310313 0.999515 -0.00264033 -3.35045 -0.243729 -0.00500498 0.969831 105.684 0 0 0 1 
0.969481 0.0332115 0.242906 64.1359 -0.031931 0.999448 -0.00920774 -3.35631 -0.243077 0.0011705 0.970006 106.411 0 0 0 1 
0.970028 0.0361729 0.240286 64.3143 -0.0340824 0.999336 -0.0128512 -3.36137 -0.240592 0.00427651 0.970617 107.163 0 0 0 1 
0.970688 0.0344189 0.237865 64.4992 -0.033347 0.999407 -0.00852973 -3.36822 -0.238017 0.000347617 0.971261 107.942 0 0 0 1 
0.971746 0.0306012 0.234038 64.8803 -0.0326825 0.999453 0.00501891 -3.39132 -0.233757 -0.0125261 0.972214 109.548 0 0 0 1 
0.974178 0.0393528 0.222327 65.6213 -0.0384474 0.999225 -0.00840073 -3.41556 -0.222485 -0.000364085 0.974936 112.872 0 0 0 1 
0.976032 0.0331431 0.215088 66.0007 -0.0329054 0.999447 -0.00468666 -3.43928 -0.215125 -0.00250324 0.976583 114.599 0 0 0 1 
0.976831 0.028702 0.212077 66.3823 -0.0294734 0.999565 0.000476582 -3.45984 -0.211971 -0.00671616 0.977253 116.374 0 0 0 1 
0.976666 0.0353776 0.211831 67.1358 -0.0357978 0.999357 -0.00185216 -3.49262 -0.211761 -0.00577416 0.977305 119.999 0 0 0 1 
0.975212 0.0500187 0.215546 67.4957 -0.0505893 0.998715 -0.00287258 -3.51113 -0.215413 -0.00810293 0.976489 121.845 0 0 0 1 
0.973517 0.0451995 0.224103 68.3203 -0.0456778 0.998952 -0.0030522 -3.56304 -0.224006 -0.00726519 0.974561 125.567 0 0 0 1 
0.973467 0.037903 0.225668 68.7519 -0.0378838 0.999272 -0.00441722 -3.59822 -0.225671 -0.00424913 0.974194 127.427 0 0 0 1 
0.971975 0.0452987 0.230677 69.5743 -0.0469969 0.998893 0.00186985 -3.64624 -0.230337 -0.0126586 0.973029 131.117 0 0 0 1 
0.972538 0.0389596 0.229461 70.0052 -0.0350147 0.999161 -0.0212402 -3.68082 -0.230096 0.0126224 0.973086 132.914 0 0 0 1 
0.973513 0.0306275 0.226573 70.8559 -0.035693 0.999195 0.0182933 -3.73594 -0.22583 -0.0258958 0.973822 136.63 0 0 0 1 
0.973942 0.0391483 0.223392 71.247 -0.0388986 0.999228 -0.00551981 -3.73685 -0.223435 -0.00331364 0.974713 138.411 0 0 0 1 
0.975211 0.0347964 0.218524 71.6498 -0.0346769 0.999389 -0.0043833 -3.77838 -0.218543 -0.00330309 0.975822 140.203 0 0 0 1 
0.977677 0.0464144 0.204922 72.3633 -0.0458744 0.99892 -0.00738786 -3.84177 -0.205044 -0.00217772 0.97875 143.769 0 0 0 1 
0.978308 0.0457872 0.202033 72.7164 -0.0466422 0.998912 -0.000529011 -3.87559 -0.201838 -0.00890576 0.979378 145.562 0 0 0 1 
0.979303 0.0426148 0.197863 73.0659 -0.0427829 0.999079 -0.00342677 -3.90655 -0.197826 -0.0051093 0.980224 147.31 0 0 0 1 
0.981808 0.0352769 0.186573 73.407 -0.034377 0.999376 -0.00805771 -3.93398 -0.18674 0.00149732 0.982408 149.052 0 0 0 1 
0.983033 0.0337704 0.180291 73.5601 -0.0338719 0.999423 -0.00251634 -3.94706 -0.180272 -0.00363316 0.98361 149.922 0 0 0 1 
0.986064 0.0379564 0.161981 74.1158 -0.0406986 0.999078 0.0136436 -3.9677 -0.161314 -0.0200458 0.9867 153.403 0 0 0 1 
0.988354 0.0354169 0.147995 74.3784 -0.0355301 0.999367 -0.00187959 -3.96963 -0.147968 -0.00340059 0.988986 155.145 0 0 0 1 
0.992066 0.0492018 0.115691 74.7882 -0.049058 0.998788 -0.00409192 -4.0095 -0.115752 -0.00161611 0.993277 158.725 0 0 0 1 
0.993103 0.0478561 0.107032 74.8792 -0.0474519 0.998854 -0.00632173 -4.01955 -0.107212 0.00119926 0.994235 159.637 0 0 0 1 
0.993954 0.0477126 0.0988871 74.9625 -0.0476125 0.99886 -0.00337353 -4.03002 -0.0989353 -0.00135513 0.995093 160.558 0 0 0 1 
0.994562 0.0501497 0.0912812 75.0339 -0.050716 0.998706 0.00389397 -4.04183 -0.0909678 -0.00850221 0.995818 161.468 0 0 0 1 
0.995077 0.0537422 0.0832651 75.0937 -0.0547452 0.998452 0.00980793 -4.0473 -0.0826091 -0.014318 0.996479 162.379 0 0 0 1 
0.996487 0.0523725 0.0653445 75.2627 -0.0533849 0.998478 0.0138427 -4.05116 -0.0645201 -0.0172825 0.997767 165.096 0 0 0 1 
0.99639 0.063187 0.0566969 75.3346 -0.0633988 0.997986 0.00194284 -4.05822 -0.05646 -0.00553034 0.99839 166.89 0 0 0 1 
0.996561 0.065594 0.0506411 75.4072 -0.0659727 0.997804 0.00584187 -4.06643 -0.0501467 -0.00916271 0.9987 168.707 0 0 0 1 
0.996588 0.068819 0.0455706 75.4689 -0.0699533 0.997267 0.0237813 -4.06734 -0.0438095 -0.0268879 0.998678 170.549 0 0 0 1 
0.99796 0.0537314 0.034465 75.5414 -0.0541357 0.998474 0.0109063 -4.06351 -0.0338264 -0.0127498 0.999346 172.334 0 0 0 1 
0.99883 0.0480493 0.0054922 75.5826 -0.0481404 0.99868 0.0178853 -4.05399 -0.00462558 -0.0181288 0.999825 175.925 0 0 0 1 
0.99936 0.0351535 -0.00659814 75.5798 -0.0349995 0.999142 0.0221488 -4.039 0.00737108 -0.0219037 0.999733 177.769 0 0 0 1 
0.999291 0.0163535 -0.0339229 75.5019 -0.0160543 0.99983 0.00907536 -4.03405 0.0340656 -0.00852431 0.999383 181.459 0 0 0 1 
0.998876 0.0271418 -0.0388489 75.4421 -0.0262826 0.999402 0.0224578 -4.03082 0.0394352 -0.0214115 0.998993 182.413 0 0 0 1 
0.99854 0.0320798 -0.0434691 75.3855 -0.0307787 0.999068 0.0302762 -4.02958 0.0443999 -0.0288941 0.998596 183.338 0 0 0 1 
0.998385 0.0315479 -0.047254 75.3308 -0.0302754 0.999166 0.0274063 -4.0206 0.0480792 -0.0259314 0.998507 184.277 0 0 0 1 
0.997624 0.0420644 -0.0545522 75.1468 -0.0419001 0.999113 0.00415165 -4.0036 0.0546785 -0.00185605 0.998502 187.025 0 0 0 1 
0.997693 0.0368511 -0.0570191 75.1027 -0.0363871 0.999296 0.00915375 -4.00642 0.0573163 -0.00705787 0.998331 187.943 0 0 0 1 
0.997654 0.0388137 -0.0563891 74.9796 -0.0375334 0.999017 0.0235888 -4.00041 0.0572493 -0.021417 0.99813 189.796 0 0 0 1 
0.997776 0.0140511 -0.0651632 74.7695 -0.0141921 0.999898 -0.00170085 -3.99718 0.0651326 0.00262187 0.997873 193.496 0 0 0 1 
0.997475 0.0228019 -0.0672542 74.6241 -0.0219231 0.999665 0.0137755 -4.00832 0.0675458 -0.0122663 0.997641 195.385 0 0 0 1 
0.997301 0.0227954 -0.0697871 74.4872 -0.0218848 0.999665 0.0137858 -4.01626 0.070078 -0.0122213 0.997467 197.244 0 0 0 1 
0.9973 0.0230314 -0.069732 74.416 -0.0225518 0.999716 0.00765716 -4.01428 0.0698885 -0.00606391 0.997536 198.18 0 0 0 1 
0.996985 0.032319 -0.070548 74.2598 -0.0316595 0.999444 0.0104462 -4.02093 0.0708464 -0.00818116 0.997454 200.07 0 0 0 1 
0.996795 0.0361365 -0.0713742 74.1861 -0.0352394 0.999284 0.013788 -4.02588 0.0718213 -0.0112286 0.997354 201.001 0 0 0 1 
0.996486 0.0427338 -0.0720429 74.04 -0.041664 0.998999 0.0162884 -4.02554 0.0726669 -0.0132296 0.997269 202.84 0 0 0 1 
0.99653 0.0404945 -0.0727141 73.9751 -0.0396674 0.999131 0.0127824 -4.03136 0.0731686 -0.00985364 0.997271 203.74 0 0 0 1 
0.996352 0.042575 -0.0739565 73.9038 -0.0421369 0.999084 0.00747396 -4.0326 0.0742069 -0.00433039 0.997233 204.621 0 0 0 1 
0.996191 0.0438969 -0.0753368 73.8335 -0.0434324 0.999026 0.0077945 -4.03055 0.0756056 -0.00449276 0.997128 205.498 0 0 0 1 
0.996202 0.0364338 -0.0790834 73.6354 -0.0342647 0.999003 0.0286145 -4.03056 0.0800471 -0.0257961 0.996457 208.078 0 0 0 1 
0.996177 0.0348507 -0.0801056 73.5703 -0.033196 0.999209 0.021896 -4.02541 0.0808054 -0.0191531 0.996546 208.891 0 0 0 1 
0.996152 0.0362702 -0.0797814 73.501 -0.0350286 0.999243 0.0169075 -4.01797 0.0803343 -0.0140478 0.996669 209.673 0 0 0 1 
0.996333 0.0328487 -0.0790067 73.3765 -0.0323332 0.999447 0.00779525 -4.03106 0.079219 -0.00521212 0.996844 211.199 0 0 0 1 
0.997602 0.0337774 -0.0604107 73.1631 -0.0328864 0.999336 0.0156829 -4.05199 0.0609003 -0.0136586 0.99805 214.158 0 0 0 1 
0.997962 0.0414933 -0.0484689 73.0749 -0.0406431 0.999004 0.0183976 -4.06003 0.049184 -0.0163902 0.998655 215.585 0 0 0 1 
0.998892 0.0424018 -0.020415 72.9842 -0.0424723 0.999093 -0.00303127 -4.07495 0.0202679 0.00389498 0.999787 218.365 0 0 0 1 
0.999478 0.0312659 -0.00817548 72.9861 -0.0311987 0.999479 0.00822112 -4.09776 0.00842827 -0.00796176 0.999933 219.755 0 0 0 1 
0.99952 0.0309012 0.00206526 72.9827 -0.0309269 0.999426 0.0138602 -4.10362 -0.00163577 -0.0139174 0.999902 222.49 0 0 0 1 
0.999482 0.0321638 0.00142546 72.9773 -0.0321848 0.999308 0.0186477 -4.10433 -0.000824695 -0.0186839 0.999825 223.879 0 0 0 1 
0.999289 0.0372331 -0.00591687 72.936 -0.0372786 0.999275 -0.00777558 -4.10998 0.00562307 0.00799062 0.999952 226.665 0 0 0 1 
0.998831 0.0464619 -0.0133494 72.8929 -0.046323 0.998871 0.0105303 -4.11357 0.0138236 -0.00989962 0.999855 228.107 0 0 0 1 
0.999152 0.0352941 -0.0212237 72.8675 -0.0345465 0.998804 0.0346133 -4.11358 0.0224199 -0.0338507 0.999175 229.584 0 0 0 1 
0.999051 0.0281914 -0.0332034 72.7711 -0.0277657 0.999527 0.0132124 -4.06883 0.0335602 -0.012278 0.999361 232.487 0 0 0 1 
0.999277 0.0134372 -0.0355702 72.736 -0.0126424 0.999667 0.0224764 -4.05775 0.0358604 -0.0220105 0.999114 233.989 0 0 0 1 
0.999169 -0.00677388 -0.0402017 72.6299 0.00744708 0.999834 0.0166195 -4.03891 0.0400825 -0.0169051 0.999053 237.025 0 0 0 1 
0.999078 -0.00915433 -0.0419516 72.5669 0.0101731 0.999657 0.0241348 -4.02848 0.0417163 -0.0245393 0.998828 238.558 0 0 0 1 
0.998935 -0.0160254 -0.0432753 72.4414 0.0163894 0.999833 0.0080703 -4.01533 0.0431388 -0.00877096 0.999031 241.533 0 0 0 1 
0.999008 -0.0116924 -0.042979 72.3727 0.0118778 0.999921 0.00406226 -4.01621 0.0429282 -0.00456873 0.999068 243.012 0 0 0 1 
0.998897 -0.0142485 -0.0447518 72.2526 0.0154398 0.999533 0.0263877 -4.02528 0.0443549 -0.0270495 0.99865 245.778 0 0 0 1 
0.995838 -0.0314056 -0.0855624 72.0678 0.0331523 0.999268 0.0190707 -4.00909 0.0849008 -0.0218279 0.99615 248.791 0 0 0 1 
0.991274 -0.0366053 -0.126632 71.9257 0.0390699 0.999091 0.0170338 -4.00209 0.125894 -0.0218327 0.991803 249.886 0 0 0 1 
0.983214 -0.0337731 -0.179305 71.7122 0.0382839 0.99903 0.0217555 -3.99949 0.178396 -0.0282548 0.983553 250.956 0 0 0 1 
0.944109 -0.0253056 -0.32866 71.059 0.0299599 0.99951 0.00910439 -4.00828 0.328268 -0.0184422 0.944405 252.905 0 0 0 1 
0.907839 -0.0102226 -0.419195 70.5922 0.0140274 0.999884 0.00599545 -4.0089 0.419085 -0.0113231 0.907876 253.772 0 0 0 1 
0.857387 0.0151926 -0.514448 70.0276 -0.0131937 0.999885 0.00753949 -4.02394 0.514503 0.00032322 0.857489 254.546 0 0 0 1 
0.792197 0.0309176 -0.609482 69.4034 -0.0283414 0.999502 0.0138646 -4.01956 0.609607 0.00629005 0.792679 255.264 0 0 0 1 
0.71575 0.0506024 -0.696521 68.6908 -0.0357118 0.998719 0.0358595 -4.00404 0.697443 -0.000792442 0.71664 255.896 0 0 0 1 
0.67462 0.062601 -0.735506 68.3061 -0.0399468 0.998033 0.0483055 -3.99025 0.737084 -0.00320678 0.675794 256.175 0 0 0 1 
0.587989 0.0753832 -0.805348 67.5126 -0.0423699 0.997151 0.0624021 -3.95488 0.807758 -0.00256921 0.589508 256.65 0 0 0 1 
0.541032 0.0777668 -0.837399 67.1118 -0.0403931 0.996969 0.0664882 -3.93745 0.840031 -0.00214706 0.542533 256.852 0 0 0 1 
0.441657 0.0691803 -0.894513 66.2823 -0.0238311 0.997576 0.0653847 -3.88913 0.896868 -0.00756037 0.442235 257.203 0 0 0 1 
0.388473 0.0622733 -0.919353 65.783 -0.0159606 0.998019 0.0608576 -3.84643 0.921322 -0.00896811 0.388697 257.346 0 0 0 1 
0.333551 0.0572177 -0.940994 65.2251 -0.0184999 0.998362 0.0541483 -3.78405 0.942551 -0.000652933 0.334063 257.47 0 0 0 1 
0.231403 0.0550947 -0.971297 64.1358 -0.0230233 0.998426 0.0511484 -3.70175 0.972585 0.0105266 0.232307 257.64 0 0 0 1 
0.184637 0.0577273 -0.98111 63.6018 -0.0216547 0.99827 0.0546618 -3.70417 0.982568 0.011153 0.185568 257.69 0 0 0 1 
0.14104 0.0575397 -0.98833 63.0872 -0.0183746 0.99829 0.0554974 -3.70571 0.989833 0.0103329 0.141856 257.732 0 0 0 1 
0.0114017 0.0509357 -0.998637 60.8129 -0.0151161 0.998596 0.0507611 -3.61927 0.999821 0.0145168 0.0121556 257.73 0 0 0 1 
-0.0551389 0.0460111 -0.997418 58.253 -0.0218295 0.998643 0.0472743 -3.53645 0.99824 0.0243798 -0.0540597 257.553 0 0 0 1 
-0.0702462 0.0449106 -0.996518 55.4891 -0.0210039 0.998698 0.0464894 -3.41128 0.997309 0.0241964 -0.0692115 257.392 0 0 0 1 
-0.0704024 0.0411386 -0.99667 52.3636 -0.0157157 0.998979 0.0423441 -3.27363 0.997395 0.0186445 -0.069684 257.223 0 0 0 1 
-0.0667641 0.0404452 -0.996949 50.6251 -0.0147378 0.999029 0.0415166 -3.20979 0.99766 0.0174646 -0.0661032 257.102 0 0 0 1 
-0.0599185 0.0425747 -0.997295 46.6546 -0.00699508 0.999048 0.0430698 -3.06739 0.998179 0.00955684 -0.0595636 256.852 0 0 0 1 
-0.0548065 0.0447608 -0.997493 44.4466 -0.00524485 0.998968 0.0451152 -2.9769 0.998483 0.00770431 -0.0545152 256.7 0 0 0 1 
-0.0522132 0.0506243 -0.997352 40.6808 -0.00144171 0.998709 0.0507686 -2.82218 0.998635 0.00408869 -0.0520728 256.463 0 0 0 1 
-0.060342 0.0552423 -0.996648 36.7177 0.007772 0.998463 0.0548724 -2.67069 0.998148 -0.00443484 -0.0606786 256.213 0 0 0 1 
-0.0622425 0.0580488 -0.996372 35.7467 0.0107567 0.998288 0.0574885 -2.62745 0.998003 -0.0071394 -0.0627604 256.13 0 0 0 1 
-0.0647699 0.0583517 -0.996193 34.8682 0.0137146 0.998247 0.0575803 -2.58367 0.997806 -0.00993294 -0.0654566 256.069 0 0 0 1 
-0.0671704 0.0570725 -0.996108 34.0064 0.0147617 0.99831 0.0562033 -2.54133 0.997632 -0.0109291 -0.0678994 256.004 0 0 0 1 
-0.0738761 0.052283 -0.995896 31.4383 0.0127269 0.998593 0.0514805 -2.43246 0.997186 -0.00887145 -0.0744376 255.806 0 0 0 1 
-0.0760049 0.0474564 -0.995977 29.5179 0.00319111 0.998873 0.0473509 -2.36761 0.997102 0.000420619 -0.0760707 255.63 0 0 0 1 
-0.0767802 0.0437546 -0.996088 27.8114 -0.000429639 0.999035 0.0439172 -2.29827 0.997048 0.00379993 -0.0766873 255.496 0 0 0 1 
-0.0703932 0.0465413 -0.996433 24.2733 0.00335509 0.998916 0.0464202 -2.17958 0.997514 -7.54568e-05 -0.0704731 255.241 0 0 0 1 
-0.0696844 0.049277 -0.996351 23.5022 0.00895306 0.99877 0.0487705 -2.14354 0.997529 -0.00552186 -0.0700398 255.208 0 0 0 1 
-0.0687924 0.0499934 -0.996378 22.7551 0.0146383 0.998687 0.0490986 -2.10483 0.997524 -0.0112077 -0.0694338 255.18 0 0 0 1 
-0.0673116 0.0487601 -0.99654 21.9361 0.013545 0.998758 0.0479537 -2.07415 0.99764 -0.0102703 -0.0678884 255.12 0 0 0 1 
-0.0655418 0.05695 -0.996223 18.5338 0.0171811 0.998286 0.0559376 -1.94985 0.997702 -0.01345 -0.0664079 254.889 0 0 0 1 
-0.0692457 0.0579092 -0.995917 16.8065 0.0139501 0.998272 0.0570762 -1.88212 0.997502 -0.00994087 -0.069934 254.751 0 0 0 1 
-0.075322 0.0517535 -0.995815 15.0771 0.011848 0.998628 0.0510035 -1.80942 0.997089 -0.00795673 -0.0758319 254.604 0 0 0 1 
-0.0840972 0.0497858 -0.995213 13.3873 0.0098959 0.998744 0.0491262 -1.74339 0.996408 -0.00571715 -0.0844842 254.45 0 0 0 1 
-0.0882463 0.0504342 -0.994821 12.533 0.00776587 0.998722 0.0499431 -1.70744 0.996068 -0.00331836 -0.0885252 254.366 0 0 0 1 
-0.100782 0.054431 -0.993418 10.9048 0.00372196 0.998516 0.0543327 -1.63682 0.994902 0.00177831 -0.100835 254.233 0 0 0 1 
-0.114325 0.0519023 -0.992087 7.56362 -0.0138318 0.998454 0.0538294 -1.50527 0.993347 0.0198764 -0.113431 253.835 0 0 0 1 
-0.114671 0.0521081 -0.992036 6.52738 -0.0184573 0.998339 0.0545727 -1.47469 0.993232 0.0245682 -0.113519 253.725 0 0 0 1 
-0.115847 0.0525191 -0.991878 4.99474 -0.0227536 0.998199 0.0555114 -1.40878 0.993006 0.0289996 -0.114443 253.527 0 0 0 1 
-0.111649 0.0544699 -0.992254 2.07124 -0.0298725 0.997861 0.058139 -1.28612 0.993299 0.0361322 -0.109783 253.161 0 0 0 1 
-0.106551 0.0538248 -0.992849 0.759543 -0.0321975 0.997823 0.0575498 -1.2296 0.993786 0.0380992 -0.104586 252.993 0 0 0 1 
-0.101162 0.0521507 -0.993502 -0.49304 -0.0294403 0.998031 0.0553861 -1.17385 0.994434 0.034852 -0.0994275 252.846 0 0 0 1 
-0.0950819 0.0525606 -0.994081 -1.77407 -0.0275067 0.998085 0.0554033 -1.12324 0.995089 0.0326117 -0.0934541 252.725 0 0 0 1 
-0.0873409 0.0537897 -0.994725 -2.97792 -0.0290079 0.99798 0.0565128 -1.07915 0.995756 0.0337908 -0.0856042 252.616 0 0 0 1 
-0.0782505 0.0541225 -0.995464 -4.09608 -0.0271826 0.998038 0.0563992 -1.0377 0.996563 0.0314726 -0.0766258 252.532 0 0 0 1 
-0.0652495 0.0570767 -0.996235 -5.60859 -0.025616 0.997938 0.058852 -0.979148 0.99754 0.0293597 -0.0636529 252.436 0 0 0 1 
-0.025643 0.0593623 -0.997907 -8.52736 -0.0211771 0.997979 0.0599108 -0.868222 0.999447 0.022669 -0.0243341 252.335 0 0 0 1 
-0.0105734 0.0589366 -0.998206 -9.46994 -0.0203405 0.998042 0.0591424 -0.831838 0.999737 0.0209294 -0.00935389 252.337 0 0 0 1 
0.00570112 0.0486173 -0.998801 -10.5031 -0.0150667 0.998708 0.0485268 -0.80156 0.99987 0.014772 0.00642626 252.361 0 0 0 1 
0.0150879 0.0302153 -0.99943 -11.4584 -0.0143201 0.999447 0.0299997 -0.770763 0.999784 0.0138593 0.0155122 252.38 0 0 0 1 
0.0534364 0.0250776 -0.998256 -12.3006 -0.0153404 0.999587 0.0242899 -0.750427 0.998453 0.0140157 0.053799 252.445 0 0 0 1 
0.176517 0.0344439 -0.983695 -13.8189 -0.0175843 0.999338 0.0318362 -0.728225 0.984141 0.011678 0.177005 252.733 0 0 0 1 
0.24143 0.0347929 -0.969794 -14.405 -0.0130823 0.999383 0.0325976 -0.715373 0.97033 0.0048171 0.241736 252.919 0 0 0 1 
0.404641 0.0484735 -0.91319 -15.6905 -0.0164996 0.998819 0.0457077 -0.675102 0.914327 -0.00342791 0.404963 253.486 0 0 0 1 
0.594744 0.0495674 -0.802385 -16.9325 -0.0197959 0.998698 0.0470215 -0.639528 0.803671 -0.0120818 0.594951 254.42 0 0 0 1 
0.641968 0.0454815 -0.765381 -17.2547 -0.020641 0.998902 0.0420454 -0.622471 0.766454 -0.0111936 0.642202 254.706 0 0 0 1 
0.734122 0.0402394 -0.677825 -17.7929 -0.0275187 0.999186 0.0295129 -0.591411 0.67846 -0.00301321 0.734631 255.379 0 0 0 1 
0.77737 0.0410661 -0.627702 -18.0453 -0.0312588 0.999156 0.0266556 -0.576513 0.628266 -0.00110003 0.777998 255.76 0 0 0 1 
0.851089 0.0393459 -0.523544 -18.5123 -0.0298993 0.999202 0.0264879 -0.559485 0.524169 -0.00688994 0.851587 256.683 0 0 0 1 
0.88095 0.0364427 -0.471804 -18.717 -0.0273312 0.999284 0.0261531 -0.557255 0.47242 -0.0101446 0.881315 257.212 0 0 0 1 
0.908085 0.035175 -0.417306 -18.9325 -0.0268873 0.999307 0.0257237 -0.563194 0.417922 -0.0121391 0.908402 257.706 0 0 0 1 
0.945782 0.0311979 -0.323301 -19.2332 -0.0271849 0.999487 0.0169222 -0.549017 0.323663 -0.00721586 0.946145 258.84 0 0 0 1 
0.960829 0.0300772 -0.275506 -19.4182 -0.027098 0.999526 0.0146143 -0.561632 0.275815 -0.00657617 0.961188 259.441 0 0 0 1 
0.971968 0.0287512 -0.233349 -19.5644 -0.0260925 0.999555 0.0144729 -0.568546 0.233661 -0.00797852 0.972285 260.056 0 0 0 1 
0.989736 0.0269938 -0.140337 -19.8013 -0.0254193 0.999592 0.0130004 -0.522896 0.14063 -0.00929969 0.990018 262.056 0 0 0 1 
0.994422 0.022778 -0.102986 -19.923 -0.0215974 0.999688 0.0125645 -0.510611 0.10324 -0.0102702 0.994603 263.46 0 0 0 1 
0.997602 0.0205799 -0.0660886 -20.1263 -0.020063 0.999763 0.00847541 -0.491475 0.0662474 -0.00712915 0.997778 266.407 0 0 0 1 
0.998191 0.0201723 -0.0566349 -20.3137 -0.0195799 0.999748 0.0109966 -0.477864 0.0568425 -0.00986781 0.998334 269.783 0 0 0 1 
0.998097 0.01753 -0.059121 -20.5171 -0.0169934 0.99981 0.00956645 -0.460817 0.0592774 -0.00854357 0.998205 273.253 0 0 0 1 
0.997929 0.0215915 -0.0605871 -20.6382 -0.0216044 0.999766 0.000441597 -0.459732 0.0605825 0.000868267 0.998163 275.017 0 0 0 1 
0.997908 0.0240585 -0.0600123 -20.6935 -0.0240296 0.999711 0.00120353 -0.461585 0.0600239 0.000241058 0.998197 275.864 0 0 0 1 
0.998008 0.0199878 -0.0598401 -20.9294 -0.0187887 0.999613 0.0205343 -0.445654 0.0602274 -0.0193691 0.997997 279.957 0 0 0 1 
0.997715 0.0142302 -0.0660429 -21.0259 -0.013868 0.999886 0.00593964 -0.421559 0.0661199 -0.00501019 0.997799 281.911 0 0 0 1 
0.997236 0.0180525 -0.072072 -21.3072 -0.0174717 0.99981 0.00868043 -0.429392 0.072215 -0.00739721 0.997362 285.941 0 0 0 1 
0.997155 0.0192049 -0.0728847 -21.3894 -0.0181214 0.999716 0.0154986 -0.43415 0.0731616 -0.0141338 0.99722 287.17 0 0 0 1 
0.996959 0.0182307 -0.0757639 -21.521 -0.016998 0.999713 0.0168837 -0.413187 0.0760499 -0.0155445 0.996983 289.274 0 0 0 1 
0.996671 0.0174247 -0.0796417 -21.5762 -0.01649 0.999787 0.0123779 -0.399602 0.0798404 -0.0110234 0.996747 290.312 0 0 0 1 
0.996709 0.0151086 -0.079642 -21.8205 -0.0144995 0.999861 0.00822122 -0.382625 0.0797552 -0.0070394 0.99679 293.599 0 0 0 1 
0.99673 0.0138895 -0.0795999 -22.0005 -0.0127381 0.999807 0.0149537 -0.384541 0.0797922 -0.0138908 0.996715 295.649 0 0 0 1 
0.996868 0.0121489 -0.0781444 -22.0895 -0.0111426 0.999849 0.0132997 -0.38673 0.0782942 -0.0123873 0.996853 296.586 0 0 0 1 
0.996561 0.00950096 -0.0823154 -22.2597 -0.00926612 0.999952 0.00323452 -0.383113 0.0823421 -0.00246065 0.996601 298.793 0 0 0 1 
0.996409 0.00935822 -0.0841573 -22.3455 -0.00922146 0.999955 0.00201361 -0.388528 0.0841724 -0.00123032 0.99645 299.885 0 0 0 1 
0.996216 0.0109067 -0.0862261 -22.4356 -0.0106334 0.999937 0.00362846 -0.395452 0.0862602 -0.00269785 0.996269 300.98 0 0 0 1 
0.995907 0.0143124 -0.0892405 -22.6342 -0.013257 0.999835 0.012408 -0.406401 0.0894034 -0.0111741 0.995933 303.218 0 0 0 1 
0.995805 0.0164326 -0.0900104 -22.7369 -0.0150135 0.999752 0.0164207 -0.405139 0.090258 -0.0150004 0.995805 304.31 0 0 0 1 
0.995759 0.0176314 -0.0902967 -23.0562 -0.0163961 0.999762 0.0144044 -0.396268 0.0905292 -0.0128628 0.995811 307.63 0 0 0 1 
0.995783 0.0165949 -0.0902275 -23.2601 -0.0159725 0.999843 0.00761559 -0.398169 0.0903397 -0.00614232 0.995892 309.828 0 0 0 1 
0.995818 0.0170985 -0.0897484 -23.362 -0.0165778 0.999841 0.00654356 -0.399938 0.0898461 -0.00502836 0.995943 310.911 0 0 0 1 
0.995915 0.0180218 -0.0884739 -23.4649 -0.0173324 0.999813 0.00855389 -0.402733 0.0886115 -0.00698549 0.996042 311.995 0 0 0 1 
0.995875 0.0206524 -0.0883577 -23.5551 -0.0196728 0.999735 0.0119426 -0.408903 0.088581 -0.0101551 0.996017 313.027 0 0 0 1 
0.995848 0.0225422 -0.0881972 -23.6445 -0.021407 0.999676 0.0137953 -0.412932 0.0884796 -0.01185 0.996008 314.057 0 0 0 1 
0.995794 0.0264978 -0.0877018 -23.8334 -0.0249303 0.99951 0.0189205 -0.407247 0.0881602 -0.0166545 0.995967 316.189 0 0 0 1 
0.995765 0.0288031 -0.0873018 -23.9225 -0.0267985 0.999352 0.0240487 -0.400055 0.0879379 -0.0216073 0.995892 317.206 0 0 0 1 
0.995676 0.031098 -0.0875308 -24.0222 -0.0291405 0.999298 0.0235538 -0.400481 0.0882018 -0.0209012 0.995883 318.344 0 0 0 1 
0.995477 0.0374654 -0.0873052 -24.3303 -0.0366287 0.999267 0.0111662 -0.393011 0.0876595 -0.00791785 0.996119 321.63 0 0 0 1 
0.995346 0.0439315 -0.0857719 -24.6136 -0.0432441 0.999016 0.00985634 -0.395638 0.0861205 -0.00610133 0.996266 324.527 0 0 0 1 
0.9954 0.044743 -0.08472 -24.6877 -0.0438739 0.998964 0.0120932 -0.393035 0.0851734 -0.00832058 0.996331 325.262 0 0 0 1 
0.995447 0.0447174 -0.0841742 -24.7799 -0.0437144 0.99895 0.0137226 -0.391104 0.0846995 -0.00998053 0.996357 326.234 0 0 0 1 
0.995484 0.0463954 -0.0828151 -24.8419 -0.0453904 0.998872 0.0139784 -0.38855 0.0833702 -0.0101563 0.996467 326.834 0 0 0 1 
0.995653 0.0463477 -0.0807926 -25.1137 -0.0453748 0.998874 0.0138376 -0.377767 0.081343 -0.0101115 0.996635 330.049 0 0 0 1 
0.995777 0.0447769 -0.0801487 -25.1952 -0.0438369 0.998948 0.0134509 -0.373469 0.0806667 -0.00988065 0.996692 331.07 0 0 0 1 
0.995812 0.0455957 -0.0792442 -25.3812 -0.0445554 0.998897 0.0148474 -0.36346 0.0798337 -0.0112544 0.996745 333.297 0 0 0 1 
0.995903 0.0443 -0.0788383 -25.4719 -0.0433624 0.998967 0.0135661 -0.362253 0.0793579 -0.0100919 0.996795 334.42 0 0 0 1 
0.995829 0.0457099 -0.0789634 -25.5658 -0.0451277 0.998939 0.00914318 -0.359107 0.0792976 -0.00554161 0.996836 335.548 0 0 0 1 
0.995891 0.0443473 -0.0789566 -25.8478 -0.0433939 0.998963 0.0137499 -0.362138 0.0794845 -0.0102672 0.996783 338.98 0 0 0 1 
0.995965 0.0442376 -0.0780784 -26.0398 -0.0429065 0.998905 0.0186452 -0.352591 0.0788177 -0.0152199 0.996773 341.275 0 0 0 1 
0.996047 0.0427587 -0.0778644 -26.2271 -0.0412527 0.998931 0.0208481 -0.339439 0.0786726 -0.0175535 0.996746 343.56 0 0 0 1 
0.996131 0.0398995 -0.0783052 -26.3174 -0.0385192 0.999076 0.0190595 -0.332182 0.0789933 -0.0159695 0.996747 344.702 0 0 0 1 
0.996224 0.0348092 -0.0795369 -26.5938 -0.0336204 0.999303 0.0162376 -0.320597 0.0800466 -0.0135022 0.9967 348.096 0 0 0 1 
0.9963 0.0322775 -0.0796475 -26.6873 -0.0308411 0.99934 0.0191985 -0.316284 0.0802146 -0.0166711 0.996638 349.235 0 0 0 1 
0.996402 0.0266948 -0.0804335 -26.8694 -0.0248136 0.999397 0.024297 -0.304394 0.0810335 -0.0222138 0.996464 351.474 0 0 0 1 
0.996456 0.0187959 -0.0819886 -27.1397 -0.0175665 0.999723 0.0156894 -0.284991 0.0822607 -0.0141936 0.99651 354.76 0 0 0 1 
0.996272 0.0140566 -0.0851099 -27.4106 -0.0122269 0.999684 0.0219812 -0.283908 0.085392 -0.0208587 0.996129 358.034 0 0 0 1 
0.996244 0.0121306 -0.0857339 -27.5054 -0.0100638 0.999649 0.0244981 -0.282479 0.086001 -0.0235433 0.996017 359.132 0 0 0 1 
0.996095 0.00818418 -0.0879128 -27.6887 -0.00604928 0.999681 0.0245233 -0.273568 0.0880854 -0.0238957 0.995826 361.243 0 0 0 1 
0.996013 0.00675119 -0.0889523 -27.7813 -0.00473239 0.999727 0.0228867 -0.26957 0.0890825 -0.0223745 0.995773 362.303 0 0 0 1 
0.99576 0.00859391 -0.091592 -28.0682 -0.00672841 0.999764 0.0206569 -0.257682 0.0917479 -0.019953 0.995582 365.358 0 0 0 1 
0.995656 0.0111765 -0.0924295 -28.2619 -0.00911837 0.999702 0.0226591 -0.254794 0.0926552 -0.0217179 0.995461 367.354 0 0 0 1 
0.995584 0.0135873 -0.0928881 -28.4522 -0.0118357 0.999742 0.0193819 -0.252945 0.0931275 -0.0181969 0.995488 369.284 0 0 0 1 
0.995771 0.0137093 -0.090846 -28.6283 -0.0120605 0.999753 0.0186734 -0.252201 0.0910796 -0.0174987 0.99569 371.157 0 0 0 1 
0.995883 0.013647 -0.0896111 -28.7223 -0.0119958 0.999749 0.0189391 -0.250815 0.089847 -0.0177862 0.995797 372.097 0 0 0 1 
0.996527 0.00654967 -0.08301 -29.0115 -0.00463256 0.999719 0.0232665 -0.240346 0.0831391 -0.0228012 0.996277 375.485 0 0 0 1 
0.99678 0.00785244 -0.0797978 -29.1371 -0.00574585 0.99963 0.0265944 -0.229998 0.0799771 -0.0260503 0.996456 377.008 0 0 0 1 
0.996988 0.00712273 -0.0772249 -29.2506 -0.00534202 0.999716 0.0232408 -0.221757 0.0773685 -0.0227582 0.996743 378.434 0 0 0 1 
0.997243 0.00728525 -0.0738448 -29.4981 -0.00563043 0.999729 0.0225929 -0.217367 0.0739894 -0.0221148 0.997014 381.636 0 0 0 1 
0.996277 0.0098077 -0.0856546 -29.646 -0.00827761 0.9998 0.0182005 -0.215157 0.085816 -0.0174237 0.996159 383.282 0 0 0 1 
0.986703 0.0144645 -0.16189 -30.0173 -0.0122016 0.999814 0.0149633 -0.213947 0.162076 -0.012789 0.986695 385.639 0 0 0 1 
