-0.777086 0.040688 0.628078 215.229 0.0484877 0.998813 -0.00471367 -12.686 -0.627524 0.0267911 -0.778136 479.951 0 0 0 1 
-0.772573 0.041463 0.633571 217.695 0.0504411 0.99872 -0.00385189 -12.7592 -0.632919 0.0289822 -0.773675 476.947 0 0 0 1 
-0.769221 0.0440713 0.637462 220.176 0.0506804 0.998684 -0.00788889 -12.8405 -0.63697 0.0262385 -0.770442 473.966 0 0 0 1 
-0.76908 0.0395843 0.637925 222.036 0.0479454 0.998841 -0.004177 -12.9024 -0.637352 0.0273731 -0.770087 471.748 0 0 0 1 
-0.769141 0.0391351 0.63788 222.655 0.0461503 0.998919 -0.00563853 -12.9209 -0.637411 0.0251016 -0.770115 471.012 0 0 0 1 
-0.769713 0.0386234 0.63722 223.889 0.0452098 0.99896 -0.00593927 -12.9593 -0.636787 0.024237 -0.770659 469.54 0 0 0 1 
-0.771301 0.0398912 0.635219 225.717 0.0475543 0.998856 -0.00498552 -13.0175 -0.634692 0.0263621 -0.772316 467.337 0 0 0 1 
-0.771762 0.0417023 0.634543 226.926 0.0478344 0.998827 -0.00746461 -13.0573 -0.63411 0.0245921 -0.772852 465.881 0 0 0 1 
-0.771561 0.0398893 0.634903 227.53 0.047297 0.998867 -0.00527879 -13.0745 -0.634394 0.0259561 -0.772574 465.155 0 0 0 1 
-0.771065 0.0359819 0.635739 228.136 0.046149 0.998934 -0.000565756 -13.0923 -0.635082 0.0289025 -0.771904 464.429 0 0 0 1 
-0.765807 0.0336725 0.642188 230.551 0.0434158 0.999057 -0.000611406 -13.1422 -0.641603 0.0274129 -0.766547 461.559 0 0 0 1 
-0.764071 0.0355726 0.644151 231.163 0.043478 0.999048 -0.00359927 -13.1558 -0.643666 0.0252563 -0.76489 460.842 0 0 0 1 
-0.762498 0.035659 0.646007 231.782 0.0436412 0.999041 -0.00363542 -13.1668 -0.645517 0.0254205 -0.763323 460.12 0 0 0 1 
-0.759954 0.0382229 0.648852 233.034 0.0451388 0.998963 -0.00597963 -13.1962 -0.648408 0.0247441 -0.760891 458.662 0 0 0 1 
-0.758857 0.0425921 0.649863 233.665 0.0480115 0.998803 -0.00939767 -13.2085 -0.649486 0.0240694 -0.759993 457.923 0 0 0 1 
-0.758158 0.0426779 0.650673 234.308 0.0488189 0.99877 -0.00862648 -13.2222 -0.650241 0.0252249 -0.759309 457.175 0 0 0 1 
-0.758192 0.0401832 0.650792 234.961 0.0466512 0.998884 -0.00732615 -13.2416 -0.65036 0.0248056 -0.759221 456.426 0 0 0 1 
-0.758676 0.0386978 0.650318 235.619 0.0430447 0.99903 -0.00923134 -13.2581 -0.650045 0.0209892 -0.759606 455.674 0 0 0 1 
-0.760523 0.0329963 0.648472 236.948 0.0359576 0.999316 -0.00867757 -13.2929 -0.648314 0.016718 -0.761189 454.15 0 0 0 1 
-0.761206 0.0304325 0.647796 237.619 0.0348362 0.999375 -0.0060142 -13.312 -0.647574 0.0179887 -0.76179 453.374 0 0 0 1 
-0.761509 0.0302294 0.647449 238.287 0.0366867 0.999321 -0.00350858 -13.3288 -0.647115 0.0210809 -0.762101 452.594 0 0 0 1 
-0.761675 0.0311458 0.64721 238.957 0.0393776 0.999223 -0.00174381 -13.3452 -0.646762 0.0241574 -0.76231 451.81 0 0 0 1 
-0.761747 0.0331091 0.647028 239.624 0.0423773 0.999101 -0.00123411 -13.3609 -0.646487 0.0264792 -0.762465 451.025 0 0 0 1 
-0.761763 0.0348204 0.64692 240.291 0.0440617 0.999027 -0.00188895 -13.3762 -0.646356 0.0270655 -0.762556 450.242 0 0 0 1 
-0.761476 0.0356135 0.647214 240.958 0.0441717 0.999019 -0.00300189 -13.3932 -0.646687 0.0263027 -0.762302 449.463 0 0 0 1 
-0.760669 0.0356529 0.64816 241.628 0.0440078 0.999026 -0.00330591 -13.4105 -0.647646 0.0260094 -0.761497 448.687 0 0 0 1 
-0.760872 0.0352741 0.647943 242.168 0.0433306 0.999055 -0.00350599 -13.4161 -0.647454 0.0254082 -0.761681 448.054 0 0 0 1 
-0.760201 0.0338434 0.648806 243.364 0.0404696 0.99917 -0.00470136 -13.4441 -0.648427 0.0226829 -0.760939 446.666 0 0 0 1 
-0.76029 0.0332558 0.648732 243.894 0.0395392 0.999206 -0.00488356 -13.4511 -0.648379 0.0219374 -0.761001 446.042 0 0 0 1 
-0.760658 0.0335823 0.648284 244.418 0.0386795 0.999231 -0.00637785 -13.4575 -0.648 0.0202239 -0.761372 445.424 0 0 0 1 
-0.760065 0.0340957 0.648952 245.114 0.0372053 0.999268 -0.00892566 -13.4861 -0.648782 0.0173604 -0.760777 444.61 0 0 0 1 
-0.75855 0.033797 0.650738 245.83 0.035226 0.999321 -0.0108391 -13.518 -0.650662 0.0147008 -0.759225 443.787 0 0 0 1 
-0.75716 0.0319348 0.652448 246.548 0.0330599 0.999398 -0.0105509 -13.5525 -0.652392 0.0135812 -0.75776 442.965 0 0 0 1 
-0.755938 0.0296243 0.653972 247.266 0.0310505 0.999474 -0.00938339 -13.5865 -0.653906 0.0132129 -0.75646 442.148 0 0 0 1 
-0.755077 0.0265914 0.655096 247.979 0.0284244 0.999565 -0.00781134 -13.6202 -0.655019 0.0127226 -0.755505 441.338 0 0 0 1 
-0.755452 0.0230296 0.654799 249.954 0.0273175 0.99962 -0.00364049 -13.6944 -0.654634 0.0151373 -0.755794 439.094 0 0 0 1 
-0.756936 0.0204531 0.653169 251.233 0.0264986 0.999649 -0.000594299 -13.7446 -0.652952 0.0168582 -0.757212 437.635 0 0 0 1 
-0.760475 0.0204023 0.649046 252.446 0.0257008 0.999669 -0.00131071 -13.7923 -0.648858 0.0156843 -0.760748 436.233 0 0 0 1 
-0.772125 0.0215249 0.635106 254.094 0.0250728 0.99968 -0.00339892 -13.8574 -0.634976 0.0132995 -0.772418 434.285 0 0 0 1 
-0.785243 0.0227107 0.618771 255.092 0.0269042 0.999635 -0.00254711 -13.901 -0.618603 0.0146474 -0.785567 433.041 0 0 0 1 
-0.805399 0.0225019 0.592306 255.989 0.0247407 0.999684 -0.00433667 -13.9458 -0.592217 0.0111613 -0.805701 431.856 0 0 0 1 
-0.834822 0.0242859 0.549984 256.764 0.0240839 0.999681 -0.00758624 -13.9865 -0.549992 0.00691261 -0.835141 430.703 0 0 0 1 
-0.872621 0.0251691 0.48775 257.41 0.0243412 0.999671 -0.00803725 -14.0313 -0.487792 0.00485894 -0.872947 429.573 0 0 0 1 
-0.916313 0.028892 0.399419 257.922 0.0280948 0.999574 -0.00785147 -14.0721 -0.399476 0.0040272 -0.916735 428.431 0 0 0 1 
-0.958568 0.0274901 0.283533 258.374 0.0294172 0.999564 0.00254029 -14.1033 -0.283339 0.0107758 -0.958959 426.913 0 0 0 1 
-0.975975 0.027335 0.216161 258.507 0.029765 0.999525 0.00799359 -14.111 -0.21584 0.0142356 -0.976325 426.208 0 0 0 1 
-0.98925 0.0285933 0.14341 258.498 0.0304683 0.999476 0.0108945 -14.0891 -0.143023 0.0151468 -0.989603 425.644 0 0 0 1 
-0.999451 0.0328694 -0.00408764 258.577 0.032799 0.99933 0.0162494 -14.1117 0.00461901 0.0161064 -0.99986 424.594 0 0 0 1 
-0.996296 0.0351865 -0.0784599 258.605 0.0336868 0.999225 0.020357 -14.129 0.0791154 0.0176385 -0.996709 424.079 0 0 0 1 
-0.974558 0.041151 -0.220325 258.245 0.0364797 0.999016 0.0252305 -14.0916 0.221146 0.0165512 -0.9751 423.036 0 0 0 1 
-0.933687 0.0464558 -0.355065 257.725 0.0376868 0.998791 0.0315771 -14.047 0.356103 0.0161019 -0.934308 422.034 0 0 0 1 
-0.879669 0.0526894 -0.472659 257.067 0.0376293 0.998439 0.0412682 -13.9911 0.474096 0.0185165 -0.880278 421.068 0 0 0 1 
-0.817414 0.0561873 -0.573304 256.363 0.0324376 0.998142 0.0515748 -13.9712 0.575137 0.0235614 -0.817718 420.145 0 0 0 1 
-0.754567 0.0561985 -0.653812 255.549 0.024095 0.998027 0.0579774 -13.9354 0.65578 0.0279942 -0.754433 419.263 0 0 0 1 
-0.724113 0.0588355 -0.687167 255.051 0.0228329 0.997854 0.061376 -13.9112 0.689303 0.0287531 -0.723902 418.803 0 0 0 1 
-0.696294 0.0597006 -0.715269 254.531 0.0186256 0.997702 0.0651426 -13.8853 0.717515 0.032036 -0.695806 418.347 0 0 0 1 
-0.611928 0.0560692 -0.788923 252.948 -4.51641e-05 0.997482 0.0709266 -13.782 0.790913 0.0434376 -0.610385 417.079 0 0 0 1 
-0.581553 0.0555566 -0.81161 252.33 -0.00459255 0.997425 0.0715668 -13.7463 0.813496 0.0453472 -0.5798 416.667 0 0 0 1 
-0.524716 0.0512492 -0.849733 251.161 -0.0134336 0.997563 0.0684605 -13.6615 0.851171 0.0473372 -0.522749 415.96 0 0 0 1 
-0.49861 0.0501047 -0.865377 250.552 -0.0147203 0.997695 0.0662472 -13.6186 0.866701 0.0457701 -0.496723 415.642 0 0 0 1 
-0.445619 0.0509793 -0.89377 249.263 -0.014142 0.997852 0.0639669 -13.5318 0.895111 0.0411445 -0.44394 415.027 0 0 0 1 
-0.420458 0.0511121 -0.905871 248.618 -0.0142251 0.997918 0.0629082 -13.4929 0.907201 0.0393364 -0.418855 414.764 0 0 0 1 
-0.371208 0.0522221 -0.92708 247.074 -0.00772854 0.998209 0.0593233 -13.3953 0.928518 0.0291862 -0.370139 414.168 0 0 0 1 
-0.347943 0.0546436 -0.935922 246.261 -0.00143119 0.998268 0.0588157 -13.3424 0.937515 0.021804 -0.347262 413.898 0 0 0 1 
-0.326536 0.0600198 -0.943277 245.473 0.00373428 0.998056 0.0622126 -13.3095 0.945177 0.0167922 -0.326126 413.643 0 0 0 1 
-0.288596 0.0680114 -0.955032 243.787 0.00930884 0.997626 0.0682316 -13.2218 0.957406 0.0108011 -0.288544 413.143 0 0 0 1 
-0.271975 0.066815 -0.959982 242.934 0.0079831 0.997709 0.0671791 -13.1822 0.962271 0.0106074 -0.271885 412.908 0 0 0 1 
-0.237248 0.0617863 -0.969482 241.12 0.00427195 0.998032 0.0625603 -13.0757 0.97144 0.0107007 -0.237045 412.431 0 0 0 1 
-0.218426 0.0639823 -0.973754 240.183 0.00307447 0.997888 0.0648785 -13.028 0.975849 0.0111774 -0.218161 412.206 0 0 0 1 
-0.200666 0.0651729 -0.97749 239.059 0.0035571 0.997827 0.0657986 -12.9505 0.979653 0.00972649 -0.200461 411.967 0 0 0 1 
-0.174998 0.0621605 -0.982605 237.081 0.00964304 0.998065 0.0614211 -12.8313 0.984522 0.00127326 -0.175259 411.62 0 0 0 1 
-0.165265 0.0562958 -0.984641 236.09 0.0102175 0.998414 0.0553683 -12.7723 0.986196 -0.000910136 -0.165578 411.464 0 0 0 1 
-0.155932 0.0514847 -0.986425 235.033 0.0124631 0.998664 0.0501533 -12.7167 0.987689 -0.00447339 -0.156365 411.297 0 0 0 1 
-0.144651 0.0521206 -0.988109 232.869 0.0122657 0.998629 0.05088 -12.6172 0.989407 -0.00475999 -0.145092 410.969 0 0 0 1 
-0.141027 0.0547132 -0.988493 231.761 0.0125439 0.99849 0.0534769 -12.5655 0.989926 -0.00485787 -0.141501 410.809 0 0 0 1 
-0.13323 0.0554483 -0.989533 229.499 0.0130448 0.998445 0.0541914 -12.4586 0.990999 -0.00568832 -0.133746 410.495 0 0 0 1 
-0.130896 0.0551854 -0.989859 228.355 0.0118052 0.998466 0.0541041 -12.4032 0.991326 -0.00460346 -0.131346 410.339 0 0 0 1 
-0.12464 0.0544144 -0.990709 226.042 0.0128913 0.9985 0.0532205 -12.2998 0.992118 -0.00613817 -0.125154 410.038 0 0 0 1 
-0.121829 0.0529781 -0.991136 224.872 0.00857127 0.998593 0.0523231 -12.2461 0.992514 -0.00212082 -0.122112 409.884 0 0 0 1 
-0.116836 0.0542468 -0.991669 222.518 0.00432926 0.998525 0.0541118 -12.1451 0.993142 0.00202903 -0.116899 409.589 0 0 0 1 
-0.113848 0.0537101 -0.992045 221.338 0.00365518 0.998553 0.0536429 -12.0947 0.993491 0.00248102 -0.113879 409.449 0 0 0 1 
-0.107587 0.0547066 -0.992689 218.955 -0.0010104 0.998478 0.0551351 -11.9898 0.994195 0.00693481 -0.107368 409.172 0 0 0 1 
-0.104988 0.0543328 -0.992988 217.761 -0.00261386 0.998488 0.0549101 -11.9369 0.99447 0.00836045 -0.104687 409.041 0 0 0 1 
-0.100624 0.0551496 -0.993395 215.345 -0.00378731 0.998434 0.055813 -11.8265 0.994917 0.0093784 -0.100257 408.784 0 0 0 1 
-0.0983808 0.057934 -0.993461 214.132 -0.00556238 0.998256 0.0587644 -11.7698 0.995133 0.0113073 -0.097887 408.658 0 0 0 1 
-0.095719 0.0581165 -0.99371 212.92 -0.00719317 0.998228 0.0590735 -11.7147 0.995382 0.0128024 -0.0951313 408.535 0 0 0 1 
-0.0900656 0.0553442 -0.994397 210.494 -0.0104837 0.998347 0.0565136 -11.6014 0.995881 0.0155149 -0.0893364 408.298 0 0 0 1 
-0.0875064 0.0563245 -0.99457 209.276 -0.012427 0.998261 0.0576269 -11.5496 0.996086 0.0174022 -0.0866543 408.183 0 0 0 1 
-0.0848418 0.0558937 -0.994825 208.058 -0.0121797 0.998293 0.0571272 -11.4959 0.99632 0.0169635 -0.0840161 408.073 0 0 0 1 
-0.0807626 0.0578749 -0.995052 205.631 -0.0118308 0.998187 0.0590175 -11.3856 0.996663 0.0165387 -0.0799314 407.866 0 0 0 1 
-0.0791039 0.0595787 -0.995084 204.431 -0.0135545 0.998056 0.0608341 -11.3313 0.996774 0.0183001 -0.0781426 407.764 0 0 0 1 
-0.0772869 0.0603019 -0.995184 203.235 -0.0147284 0.997991 0.0616158 -11.2764 0.9969 0.0194196 -0.0762435 407.663 0 0 0 1 
-0.0741423 0.0626311 -0.995279 200.912 -0.014895 0.997845 0.0639021 -11.1648 0.997136 0.0195625 -0.0730496 407.481 0 0 0 1 
-0.0725289 0.064826 -0.995257 199.711 -0.0138261 0.997724 0.0659943 -11.1041 0.99727 0.0185471 -0.0714676 407.393 0 0 0 1 
-0.066947 0.0639213 -0.995707 194.992 -0.0131789 0.997802 0.0649419 -10.8614 0.997669 0.01747 -0.0659574 407.049 0 0 0 1 
-0.0662609 0.0624418 -0.995847 193.82 -0.0130602 0.9979 0.0634396 -10.8019 0.997717 0.0172095 -0.0653063 406.968 0 0 0 1 
-0.0658884 0.0649692 -0.99571 191.506 -0.0105704 0.997777 0.0658036 -10.6889 0.997771 0.0148607 -0.0650552 406.809 0 0 0 1 
-0.0657131 0.0666245 -0.995612 190.351 -0.00891046 0.99769 0.0673516 -10.6318 0.997799 0.0132972 -0.0649676 406.733 0 0 0 1 
-0.0660328 0.0667331 -0.995583 186.922 -0.00993331 0.997668 0.0675316 -10.4521 0.997768 0.0143487 -0.065216 406.492 0 0 0 1 
-0.0657578 0.0666439 -0.995608 185.789 -0.0109956 0.997658 0.0675074 -10.3915 0.997775 0.0153865 -0.064871 406.411 0 0 0 1 
-0.0656858 0.0665132 -0.995621 184.647 -0.0113211 0.997662 0.0673965 -10.3323 0.997776 0.0156985 -0.0647792 406.326 0 0 0 1 
-0.0654551 0.0661788 -0.995659 183.514 -0.0115019 0.997682 0.0670694 -10.2708 0.997789 0.015842 -0.0645422 406.245 0 0 0 1 
-0.0649429 0.0662614 -0.995687 182.414 -0.0097949 0.997703 0.0670344 -10.2122 0.997841 0.0141061 -0.0641447 406.169 0 0 0 1 
-0.0647031 0.0661394 -0.99571 181.323 -0.00935526 0.997717 0.0668806 -10.1573 0.997861 0.0136425 -0.0639366 406.096 0 0 0 1 
-0.0610242 0.0640697 -0.996078 178.004 -0.00982873 0.997851 0.0647859 -9.986 0.998088 0.0137437 -0.0602633 405.875 0 0 0 1 
-0.0565593 0.0578629 -0.996721 175.837 -0.00988029 0.998238 0.0585116 -9.88505 0.99835 0.0131573 -0.0558879 405.743 0 0 0 1 
-0.0511069 0.0579163 -0.997012 173.718 -0.00793128 0.998262 0.0583955 -9.79447 0.998662 0.010892 -0.0505587 405.629 0 0 0 1 
-0.041982 0.0621867 -0.997181 170.651 -0.00426276 0.998041 0.0624198 -9.66741 0.999109 0.00687125 -0.0416347 405.489 0 0 0 1 
-0.0345266 0.0618257 -0.99749 168.701 -0.00378197 0.998069 0.0619926 -9.583 0.999397 0.00591287 -0.0342262 405.417 0 0 0 1 
-0.027639 0.0621856 -0.997682 166.833 -0.00164442 0.998059 0.0622547 -9.50379 0.999617 0.00336127 -0.0274831 405.366 0 0 0 1 
-0.0335999 0.0605209 -0.997601 163.324 0.00982382 0.998137 0.0602225 -9.35647 0.999387 -0.00777679 -0.0341319 405.27 0 0 0 1 
-0.0471805 0.0652748 -0.996751 161.679 0.0164861 0.997778 0.0645616 -9.28888 0.99875 -0.0133865 -0.0481518 405.201 0 0 0 1 
-0.069818 0.0639516 -0.995508 160.117 0.0206624 0.997822 0.0626512 -9.21914 0.997346 -0.0161954 -0.0709873 405.092 0 0 0 1 
-0.0990027 0.066333 -0.992874 158.655 0.0242061 0.997641 0.0642378 -9.15041 0.994793 -0.0176739 -0.100375 404.942 0 0 0 1 
-0.139989 0.0719567 -0.987535 157.308 0.0301479 0.997203 0.0683876 -9.09047 0.989694 -0.0201986 -0.141767 404.749 0 0 0 1 
-0.170183 0.0744295 -0.982598 156.678 0.0355114 0.996959 0.0693668 -9.06284 0.984772 -0.0230883 -0.172309 404.627 0 0 0 1 
-0.250006 0.0770368 -0.965175 155.54 0.0431667 0.996725 0.0683737 -9.01154 0.967282 -0.0245695 -0.252513 404.312 0 0 0 1 
-0.353061 0.0780858 -0.932336 154.532 0.0467828 0.996738 0.0657637 -8.9666 0.93443 -0.0203987 -0.355562 403.893 0 0 0 1 
-0.410229 0.0785305 -0.908595 154.062 0.049874 0.996727 0.0636297 -8.94517 0.910618 -0.0192125 -0.412803 403.642 0 0 0 1 
-0.529866 0.0832585 -0.843985 153.174 0.0611434 0.99633 0.0599005 -8.9008 0.845875 -0.0198649 -0.533012 403.052 0 0 0 1 
-0.647826 0.0874508 -0.756752 152.38 0.0673865 0.996073 0.0574199 -8.86113 0.758802 -0.0137967 -0.651175 402.32 0 0 0 1 
-0.752497 0.0844208 -0.653162 151.749 0.068293 0.996406 0.0501057 -8.82663 0.655045 -0.00690199 -0.755558 401.48 0 0 0 1 
-0.79766 0.0868837 -0.596817 151.473 0.0712377 0.996215 0.0498166 -8.80936 0.598886 -0.00277913 -0.80083 401.029 0 0 0 1 
-0.87499 0.0861837 -0.476408 151.025 0.0688801 0.996178 0.053704 -8.76882 0.479216 0.0141754 -0.877582 400.05 0 0 0 1 
-0.905694 0.0816547 -0.415994 150.853 0.0652976 0.996435 0.0534239 -8.75453 0.418873 0.0212224 -0.907797 399.53 0 0 0 1 
-0.930303 0.0793068 -0.358116 150.701 0.0648503 0.996528 0.0522207 -8.74409 0.361014 0.0253572 -0.932216 398.993 0 0 0 1 
-0.964341 0.0745779 -0.253939 150.466 0.0658723 0.996917 0.0426267 -8.71558 0.256336 0.0243791 -0.96628 397.873 0 0 0 1 
-0.983372 0.0621788 -0.170626 150.327 0.0581252 0.997898 0.0286554 -8.68075 0.172049 0.0182613 -0.984919 396.728 0 0 0 1 
-0.988997 0.051707 -0.138608 150.285 0.0485022 0.998474 0.0264022 -8.66421 0.139762 0.0193888 -0.989995 396.091 0 0 0 1 
-0.997353 0.0526549 -0.0501474 150.146 0.0510956 0.998185 0.0318857 -8.61866 0.0517353 0.029239 -0.998233 393.425 0 0 0 1 
-0.99883 0.0464131 -0.0135544 150.144 0.0460949 0.998674 0.022917 -8.57706 0.0146001 0.0222654 -0.999645 391.277 0 0 0 1 
-0.998688 0.0509092 -0.00544649 150.14 0.050779 0.998471 0.0218351 -8.56124 0.00654977 0.0215298 -0.999747 390.507 0 0 0 1 
-0.998622 0.0523791 0.00311853 150.153 0.0524325 0.99841 0.0206841 -8.53726 -0.00203016 0.0208191 -0.999781 388.937 0 0 0 1 
-0.998439 0.055076 0.00929397 150.174 0.0552249 0.998336 0.016612 -8.51596 -0.00836357 0.0170993 -0.999819 387.31 0 0 0 1 
-0.997375 0.0649285 0.0320544 150.27 0.065386 0.99777 0.0134329 -8.48088 -0.0311108 0.0154935 -0.999396 383.837 0 0 0 1 
-0.996568 0.0665853 0.0491775 150.465 0.0670001 0.99773 0.00683304 -8.4583 -0.0486109 0.0101045 -0.998767 380.085 0 0 0 1 
-0.995176 0.0766632 0.0612208 150.698 0.0777513 0.996851 0.0155892 -8.42941 -0.0598329 0.020274 -0.998003 375.968 0 0 0 1 
-0.995736 0.0646902 0.065771 150.877 0.0661176 0.997616 0.0197611 -8.40168 -0.0643359 0.0240255 -0.997639 373.749 0 0 0 1 
-0.99607 0.0579817 0.0669505 150.972 0.0596925 0.997932 0.0238391 -8.38563 -0.0654298 0.0277419 -0.997471 372.611 0 0 0 1 
-0.996335 0.053235 0.0669505 151.065 0.0549708 0.998191 0.0243557 -8.3709 -0.0655328 0.0279468 -0.997459 371.463 0 0 0 1 
-0.996271 0.0557058 0.0658826 151.226 0.0567577 0.998287 0.0142033 -8.3364 -0.0649786 0.0178897 -0.997726 369.191 0 0 0 1 
-0.996061 0.0592959 0.0659225 151.299 0.0603719 0.998071 0.0144504 -8.32908 -0.0649385 0.0183734 -0.99772 368.074 0 0 0 1 
-0.996418 0.0541207 0.064982 151.629 0.0553233 0.998326 0.01685 -8.30044 -0.0639613 0.0203847 -0.997744 363.427 0 0 0 1 
-0.99639 0.0540851 0.0654322 151.714 0.0552589 0.99834 0.0162621 -8.29481 -0.064444 0.0198191 -0.997724 362.23 0 0 0 1 
-0.996158 0.057429 0.0661143 151.794 0.0583955 0.998212 0.0127792 -8.28689 -0.0652622 0.0165909 -0.99773 361.033 0 0 0 1 
-0.99585 0.0608996 0.0676284 151.874 0.0617616 0.998033 0.0107266 -8.28146 -0.0668421 0.014859 -0.997653 359.826 0 0 0 1 
-0.995584 0.0629956 0.069604 151.954 0.0638123 0.997916 0.0095713 -8.28453 -0.068856 0.0139706 -0.997529 358.616 0 0 0 1 
-0.995488 0.0623235 0.071555 152.042 0.0630989 0.99797 0.00862584 -8.28275 -0.0708722 0.013102 -0.997399 357.408 0 0 0 1 
-0.995851 0.0553623 0.072223 152.304 0.0565084 0.998305 0.0139213 -8.28665 -0.0713299 0.0179448 -0.997291 354.144 0 0 0 1 
-0.995415 0.0641131 0.070984 152.547 0.0654172 0.997726 0.0161999 -8.28332 -0.069784 0.0207692 -0.997346 350.755 0 0 0 1 
-0.995368 0.0655925 0.0702882 152.633 0.0672857 0.997491 0.0219958 -8.28059 -0.0686691 0.0266233 -0.997284 349.574 0 0 0 1 
-0.995542 0.0638381 0.0694329 152.724 0.0655442 0.997594 0.0225755 -8.27341 -0.0678247 0.0270258 -0.997331 348.392 0 0 0 1 
-0.995707 0.0625302 0.0682441 152.816 0.0639315 0.997782 0.0185441 -8.26409 -0.0669332 0.0228274 -0.997496 347.208 0 0 0 1 
-0.996056 0.0579032 0.0672242 152.91 0.0590199 0.998148 0.0147447 -8.26186 -0.0662459 0.0186541 -0.997629 346.023 0 0 0 1 
-0.996325 0.0549253 0.0657246 153 0.0559764 0.99833 0.0142575 -8.25825 -0.0648317 0.0178841 -0.997736 344.849 0 0 0 1 
-0.996424 0.0539113 0.0650641 153.082 0.0552845 0.99828 0.019492 -8.25074 -0.0639014 0.0230193 -0.997691 343.668 0 0 0 1 
-0.996629 0.0507987 0.0644184 153.163 0.0523908 0.998355 0.0232706 -8.24232 -0.0631304 0.0265671 -0.997652 342.486 0 0 0 1 
-0.99663 0.0511825 0.0640981 153.235 0.052616 0.998397 0.0208778 -8.22828 -0.0629268 0.0241801 -0.997725 341.38 0 0 0 1 
-0.996445 0.0566062 0.0623963 153.456 0.0579488 0.998121 0.0199208 -8.19839 -0.0611514 0.0234658 -0.997853 337.956 0 0 0 1 
-0.995729 0.0689823 0.0613674 153.743 0.0705269 0.997236 0.0233664 -8.13645 -0.0595859 0.0275947 -0.997842 333.246 0 0 0 1 
-0.995559 0.0714764 0.0612619 153.815 0.0731018 0.997018 0.0247111 -8.12036 -0.059313 0.0290797 -0.997816 332.047 0 0 0 1 
-0.995343 0.0743403 0.0613708 153.886 0.0759581 0.996811 0.024459 -8.10408 -0.0593568 0.0290066 -0.997815 330.843 0 0 0 1 
-0.99516 0.0763682 0.0618404 153.96 0.0777831 0.996753 0.0208014 -8.08846 -0.0600511 0.0255109 -0.997869 329.642 0 0 0 1 
-0.994957 0.0788819 0.0619519 154.032 0.080039 0.996657 0.0164186 -8.07505 -0.0604496 0.0212944 -0.997944 328.438 0 0 0 1 
-0.995012 0.078027 0.0621588 154.112 0.0790651 0.996765 0.0144165 -8.06674 -0.0608329 0.0192591 -0.997962 327.226 0 0 0 1 
-0.995261 0.074551 0.062432 154.197 0.0756998 0.996998 0.0162377 -8.05719 -0.0610341 0.0208869 -0.997917 325.995 0 0 0 1 
-0.995212 0.0749217 0.0627724 154.279 0.0763161 0.996881 0.020116 -8.04638 -0.0610695 0.0248102 -0.997825 324.751 0 0 0 1 
-0.995358 0.0733903 0.0622673 154.438 0.0752104 0.996791 0.0274046 -8.01376 -0.0600563 0.0319605 -0.997683 322.31 0 0 0 1 
-0.995359 0.0739146 0.0616271 154.514 0.0758316 0.996688 0.0293675 -7.99485 -0.0592523 0.0339045 -0.997667 321.075 0 0 0 1 
-0.995404 0.0751022 0.0594123 154.668 0.0765072 0.996832 0.0217342 -7.95675 -0.0575918 0.0261798 -0.997997 318.582 0 0 0 1 
-0.995359 0.075898 0.0591652 154.822 0.0773833 0.996731 0.0232277 -7.92681 -0.0572088 0.0276983 -0.997978 316.047 0 0 0 1 
-0.995281 0.076075 0.0602405 154.983 0.0771359 0.9969 0.0154824 -7.90194 -0.058876 0.020056 -0.998064 313.505 0 0 0 1 
-0.995144 0.0766101 0.0618074 155.144 0.0777384 0.996844 0.0160588 -7.89405 -0.0603821 0.0207856 -0.997959 310.988 0 0 0 1 
-0.995122 0.0756415 0.063329 155.228 0.0770513 0.996824 0.0201207 -7.88779 -0.061606 0.0249021 -0.99779 309.722 0 0 0 1 
-0.994977 0.0758052 0.0653802 155.31 0.0775021 0.996708 0.0238169 -7.87755 -0.0633595 0.0287644 -0.997576 308.445 0 0 0 1 
-0.995125 0.0727837 0.066545 155.401 0.0743947 0.996985 0.022057 -7.86818 -0.064739 0.0269001 -0.99754 307.171 0 0 0 1 
-0.995165 0.0720889 0.0667102 155.491 0.0731226 0.997236 0.0131816 -7.86538 -0.0655755 0.0179958 -0.997685 305.953 0 0 0 1 
-0.995121 0.0691148 0.0704055 155.754 0.0699651 0.997502 0.00967992 -7.88929 -0.0695607 0.0145586 -0.997471 302.479 0 0 0 1 
-0.994972 0.0695357 0.0720801 156.013 0.071463 0.997142 0.0245107 -7.8769 -0.0701697 0.0295385 -0.997098 299.005 0 0 0 1 
-0.995071 0.0686836 0.0715248 156.1 0.0705104 0.997238 0.0233337 -7.86529 -0.0697246 0.0282619 -0.997166 297.848 0 0 0 1 
-0.995162 0.0686652 0.0702729 156.186 0.0704761 0.997234 0.0236194 -7.85212 -0.0684567 0.0284577 -0.997248 296.682 0 0 0 1 
-0.995195 0.0690774 0.0693883 156.268 0.0708798 0.9972 0.0238562 -7.84213 -0.067546 0.0286598 -0.997304 295.519 0 0 0 1 
-0.995377 0.0685544 0.0672635 156.432 0.0693082 0.997555 0.00893615 -7.83239 -0.0664864 0.0135568 -0.997695 293.18 0 0 0 1 
-0.995762 0.0639866 0.0660615 156.596 0.064896 0.997823 0.0117111 -7.84025 -0.0651683 0.0159486 -0.997747 290.883 0 0 0 1 
-0.996629 0.0529575 0.0626605 156.923 0.0552693 0.997831 0.0357545 -7.78896 -0.0606312 0.0390972 -0.997394 286.296 0 0 0 1 
-0.995701 0.0696719 0.0610346 157.045 0.0703987 0.99747 0.00983724 -7.76429 -0.0601948 0.0140917 -0.998087 284.07 0 0 0 1 
-0.995574 0.0717872 0.0606591 157.112 0.0720874 0.997394 0.00277217 -7.76347 -0.0603021 0.00713266 -0.998155 282.956 0 0 0 1 
-0.995469 0.0725857 0.0614205 157.18 0.0733349 0.997257 0.0100296 -7.76978 -0.0605241 0.0144884 -0.998062 281.828 0 0 0 1 
-0.995596 0.0697029 0.0626875 157.325 0.0717779 0.996924 0.0314777 -7.75703 -0.0603006 0.0358386 -0.997537 279.576 0 0 0 1 
-0.995777 0.0666959 0.0630918 157.397 0.0691953 0.996868 0.0382937 -7.73367 -0.0603401 0.0424977 -0.997273 278.466 0 0 0 1 
-0.995938 0.063784 0.0635584 157.472 0.066579 0.99686 0.042871 -7.70991 -0.0606243 0.0469285 -0.997057 277.359 0 0 0 1 
-0.996256 0.0587501 0.0634258 157.627 0.0608918 0.997619 0.0323787 -7.66331 -0.0613725 0.0361196 -0.997461 275.174 0 0 0 1 
-0.99655 0.0610549 0.0562168 157.899 0.0618076 0.998019 0.0117479 -7.63398 -0.0553881 0.015182 -0.998349 270.843 0 0 0 1 
-0.996609 0.0613868 0.054801 157.959 0.0624022 0.997906 0.0170132 -7.63218 -0.0536419 0.0203752 -0.998352 269.763 0 0 0 1 
-0.996895 0.0563388 0.0550159 158.088 0.0583917 0.997628 0.0364488 -7.6141 -0.0528319 0.0395481 -0.99782 267.613 0 0 0 1 
-0.997142 0.0511516 0.055593 158.159 0.0534188 0.997767 0.0400904 -7.5938 -0.0534182 0.0429455 -0.997648 266.555 0 0 0 1 
-0.997408 0.0453322 0.0558775 158.23 0.0474275 0.998198 0.0367606 -7.57433 -0.0541103 0.0393155 -0.997761 265.518 0 0 0 1 
-0.997481 0.0427596 0.0565921 158.298 0.0444515 0.998591 0.0289833 -7.55772 -0.0552731 0.0314259 -0.997977 264.495 0 0 0 1 
-0.997232 0.0464927 0.0580239 158.359 0.0476916 0.998673 0.0194518 -7.54736 -0.0570425 0.0221652 -0.998126 263.488 0 0 0 1 
-0.996684 0.0534171 0.0613803 158.472 0.0543393 0.998432 0.0134534 -7.54641 -0.0605654 0.0167441 -0.998024 261.527 0 0 0 1 
-0.996372 0.0566016 0.0635518 158.53 0.0579392 0.998132 0.0194033 -7.54702 -0.0623348 0.023015 -0.99779 260.561 0 0 0 1 
-0.99562 0.0638866 0.0682631 158.773 0.0647973 0.997835 0.0112095 -7.54646 -0.0673992 0.0155837 -0.997604 256.935 0 0 0 1 
-0.995802 0.0570687 0.0715716 158.971 0.0579855 0.998259 0.0107956 -7.56577 -0.0708309 0.0149004 -0.997377 254.385 0 0 0 1 
-0.996228 0.044279 0.0746203 159.114 0.0457031 0.998802 0.0174845 -7.57262 -0.0737567 0.0208289 -0.997059 252.765 0 0 0 1 
-0.995679 0.0403693 0.0836331 159.377 0.0423367 0.998864 0.0218849 -7.56812 -0.0826546 0.0253311 -0.996256 249.807 0 0 0 1 
-0.995139 0.0412658 0.0894185 159.497 0.0432202 0.998865 0.020031 -7.56121 -0.0884904 0.0237983 -0.995793 248.48 0 0 0 1 
-0.99538 0.0324209 0.0903771 159.628 0.0352302 0.998939 0.0296631 -7.55629 -0.0893195 0.03271 -0.995466 247.235 0 0 0 1 
-0.997927 0.0205524 0.0609807 159.867 0.0221217 0.999438 0.0251718 -7.53336 -0.0604291 0.0264687 -0.997821 244.477 0 0 0 1 
-0.999521 0.0166225 0.0261075 159.9 0.0173086 0.999505 0.0262759 -7.52357 -0.0256578 0.0267152 -0.999314 243.489 0 0 0 1 
-0.983996 0.0386127 -0.173954 159.552 0.0338386 0.998967 0.0303284 -7.49929 0.174945 0.0239567 -0.984287 240.867 0 0 0 1 
-0.952649 0.0559429 -0.298881 159.125 0.0487158 0.998313 0.0315828 -7.47073 0.300144 0.0155271 -0.953768 239.677 0 0 0 1 
-0.922179 0.0625987 -0.381664 158.763 0.0514138 0.997898 0.0394441 -7.45418 0.383331 0.0167517 -0.923459 238.923 0 0 0 1 
-0.902363 0.0654054 -0.425984 158.548 0.0516835 0.997707 0.043706 -7.43701 0.427866 0.0174224 -0.903674 238.555 0 0 0 1 
-0.878367 0.0676931 -0.473169 158.312 0.0522222 0.997586 0.0457753 -7.41645 0.475125 0.0154976 -0.879782 238.193 0 0 0 1 
-0.821693 0.0716116 -0.565413 157.762 0.0498255 0.997302 0.0539025 -7.38425 0.567748 0.0161193 -0.823045 237.478 0 0 0 1 
-0.788557 0.0712114 -0.610824 157.449 0.0454746 0.997306 0.057562 -7.36578 0.613277 0.017614 -0.789671 237.127 0 0 0 1 
-0.713064 0.066571 -0.697932 156.749 0.0350688 0.997622 0.0593274 -7.31791 0.700222 0.0178286 -0.713703 236.46 0 0 0 1 
-0.671398 0.0626185 -0.738447 156.36 0.0310613 0.997926 0.0563807 -7.29089 0.740446 0.0149168 -0.671951 236.151 0 0 0 1 
-0.585018 0.0544724 -0.809189 155.506 0.0242146 0.99847 0.0497078 -7.24188 0.810659 0.00948577 -0.585442 235.577 0 0 0 1 
-0.540153 0.0523634 -0.839936 155.042 0.0207796 0.998588 0.048891 -7.21941 0.84131 0.00895509 -0.540478 235.314 0 0 0 1 
-0.494768 0.0520398 -0.867466 154.548 0.0159619 0.998581 0.0508015 -7.197 0.868878 0.0112885 -0.494897 235.062 0 0 0 1 
-0.406444 0.055324 -0.911999 153.478 0.0113192 0.998393 0.0555203 -7.13663 0.913606 0.0122428 -0.406417 234.617 0 0 0 1 
-0.363241 0.0576392 -0.92991 152.922 0.011548 0.998286 0.0573666 -7.10589 0.931624 0.0100993 -0.363284 234.434 0 0 0 1 
-0.282243 0.0562615 -0.957692 151.736 0.00343256 0.998332 0.0576373 -7.05659 0.959337 0.0129804 -0.281965 234.099 0 0 0 1 
-0.1894 0.0463395 -0.980806 149.803 0.00833505 0.998926 0.045586 -6.96019 0.981865 0.000458945 -0.189583 233.72 0 0 0 1 
-0.165396 0.0470865 -0.985103 149.116 0.0120769 0.998881 0.0457174 -6.92764 0.986153 -0.00433553 -0.16578 233.627 0 0 0 1 
-0.144151 0.0485572 -0.988364 148.401 0.0153931 0.998785 0.0468241 -6.90068 0.989436 -0.00846418 -0.144724 233.538 0 0 0 1 
-0.0894154 0.0533626 -0.994564 145.331 0.0213043 0.998438 0.0516551 -6.75974 0.995767 -0.0165697 -0.0904125 233.241 0 0 0 1 
-0.0740465 0.0544133 -0.995769 143.64 0.0191181 0.998404 0.0531356 -6.67856 0.997072 -0.0151027 -0.0749686 233.109 0 0 0 1 
-0.0478348 0.0339185 -0.998279 140.016 0.0308972 0.998995 0.0324623 -6.52381 0.998377 -0.0292912 -0.0488348 232.924 0 0 0 1 
-0.045819 0.0321415 -0.998433 139.04 0.0346377 0.998932 0.030568 -6.48958 0.998349 -0.0331829 -0.0468833 232.886 0 0 0 1 
-0.0435658 0.0421546 -0.998161 137.008 0.0310936 0.998683 0.0408195 -6.42008 0.998567 -0.0292581 -0.0448191 232.786 0 0 0 1 
-0.0441236 0.0518239 -0.997681 135.967 0.0294066 0.998288 0.0505549 -6.3776 0.998593 -0.0271077 -0.045572 232.734 0 0 0 1 
-0.0446185 0.0579734 -0.997321 134.932 0.0262562 0.998038 0.0568405 -6.33194 0.998659 -0.0236497 -0.0460531 232.679 0 0 0 1 
-0.0439625 0.0562932 -0.997446 133.895 0.0259001 0.99814 0.0551909 -6.28287 0.998697 -0.0234077 -0.0453388 232.626 0 0 0 1 
-0.0441733 0.0405762 -0.9982 130.636 0.0335723 0.998671 0.0391097 -6.15414 0.99846 -0.0317842 -0.0454768 232.484 0 0 0 1 
-0.0515755 0.0585949 -0.996949 126.258 0.037127 0.9977 0.0567184 -5.99614 0.997979 -0.0340885 -0.0536323 232.261 0 0 0 1 
-0.0549728 0.0620794 -0.996556 125.134 0.035287 0.997563 0.0601955 -5.94916 0.997864 -0.0318564 -0.0570294 232.193 0 0 0 1 
-0.0670818 0.0518668 -0.996398 120.757 0.0378121 0.998063 0.0494077 -5.7791 0.997031 -0.0343616 -0.068913 231.895 0 0 0 1 
-0.0700743 0.0585483 -0.995822 119.673 0.0376866 0.997719 0.0560079 -5.73486 0.99683 -0.0336044 -0.0721209 231.819 0 0 0 1 
-0.0737 0.0497836 -0.996037 115.367 0.0377731 0.998176 0.0470956 -5.56182 0.996565 -0.0341525 -0.0754461 231.478 0 0 0 1 
-0.0722744 0.0449691 -0.996371 112.187 0.0424178 0.998218 0.0419756 -5.46418 0.996482 -0.0392301 -0.0740531 231.241 0 0 0 1 
-0.0692706 0.0548966 -0.996086 110.067 0.0460243 0.997597 0.0517792 -5.39892 0.996536 -0.0422574 -0.0716307 231.094 0 0 0 1 
-0.0665168 0.0501955 -0.996522 106.93 0.0503059 0.997632 0.0468936 -5.2874 0.996516 -0.0470117 -0.0688844 230.88 0 0 0 1 
-0.0655194 0.0482312 -0.996685 105.888 0.0500772 0.997732 0.0449899 -5.25113 0.996594 -0.0469635 -0.067786 230.803 0 0 0 1 
-0.0673067 0.0563227 -0.996141 103.799 0.0576988 0.996954 0.0524701 -5.17843 0.996063 -0.0539446 -0.0703515 230.662 0 0 0 1 
-0.0682448 0.0587362 -0.995938 102.79 0.056675 0.996882 0.0549083 -5.14198 0.996058 -0.0526975 -0.0713609 230.588 0 0 0 1 
-0.0705127 0.0576016 -0.995846 101.806 0.0562437 0.996973 0.0536843 -5.10224 0.995924 -0.0522247 -0.073539 230.508 0 0 0 1 
-0.0709608 0.0578419 -0.995801 100.804 0.0558593 0.996981 0.05393 -5.05545 0.995914 -0.0517978 -0.0739776 230.431 0 0 0 1 
-0.0739057 0.0602985 -0.995441 96.8765 0.0509337 0.997096 0.0566173 -4.89387 0.995964 -0.0465171 -0.0767623 230.102 0 0 0 1 
-0.0744165 0.058929 -0.995485 93.269 0.0506738 0.997186 0.0552416 -4.76222 0.995939 -0.046334 -0.0771933 229.817 0 0 0 1 
-0.0669814 0.065937 -0.995573 90.0835 0.0469329 0.996918 0.0628684 -4.63826 0.99665 -0.0425141 -0.0698696 229.567 0 0 0 1 
-0.0604288 0.0695932 -0.995744 88.6784 0.048199 0.996606 0.0667284 -4.57989 0.997008 -0.0439616 -0.0635781 229.484 0 0 0 1 
-0.0379327 0.0631822 -0.997281 86.2791 0.0496494 0.996886 0.0612687 -4.47756 0.998046 -0.0471903 -0.0409515 229.38 0 0 0 1 
0.00907201 0.0602477 -0.998142 84.2399 0.0411663 0.997315 0.0605719 -4.39216 0.999111 -0.0416393 0.00656747 229.336 0 0 0 1 
0.052859 0.0600264 -0.996796 83.2692 0.0371784 0.997381 0.0620332 -4.35065 0.99791 -0.0403383 0.0504889 229.368 0 0 0 1 
0.179896 0.0515734 -0.982333 81.3754 0.0261067 0.998023 0.057178 -4.26187 0.983339 -0.0359316 0.178193 229.646 0 0 0 1 
0.259175 0.0505125 -0.964509 80.4626 0.0143094 0.998321 0.0561284 -4.2211 0.965724 -0.0283486 0.258017 229.876 0 0 0 1 
0.429753 0.0425069 -0.901945 78.7574 -0.0102529 0.999057 0.0421984 -4.15182 0.902888 -0.00888737 0.429784 230.563 0 0 0 1 
0.515523 0.0425479 -0.855819 77.9393 -0.00734241 0.998949 0.0452409 -4.11542 0.856844 -0.017039 0.515294 231.053 0 0 0 1 
0.558187 0.0458886 -0.828445 77.54 -0.0107144 0.998785 0.0481048 -4.09713 0.829646 -0.0179752 0.558001 231.298 0 0 0 1 
0.59981 0.0487657 -0.798655 77.1492 -0.0139431 0.998627 0.0505044 -4.08096 0.800021 -0.0191573 0.599666 231.57 0 0 0 1 
0.680057 0.0496964 -0.731473 76.3965 -0.0207293 0.998605 0.0485731 -4.05204 0.732866 -0.0178695 0.680138 232.255 0 0 0 1 
0.718717 0.0493401 -0.69355 76.0575 -0.0259261 0.998687 0.0441811 -4.03416 0.694819 -0.0137726 0.719052 232.592 0 0 0 1 
0.787366 0.0440449 -0.614911 75.3981 -0.0354967 0.999029 0.0261065 -4.00481 0.615463 0.0012719 0.788164 233.442 0 0 0 1 
0.818054 0.0356821 -0.574034 75.1071 -0.0298284 0.999363 0.0196124 -3.99176 0.574368 0.00107854 0.818596 233.901 0 0 0 1 
0.845587 0.0243416 -0.533282 74.846 -0.019087 0.9997 0.0153662 -3.98154 0.533496 -0.00281474 0.845798 234.38 0 0 0 1 
0.890133 0.0168042 -0.455391 74.3783 -0.012025 0.999838 0.01339 -3.97586 0.455542 -0.00644286 0.890191 235.356 0 0 0 1 
0.907852 0.0208118 -0.418775 74.1523 -0.0166753 0.999769 0.0135355 -3.97613 0.41896 -0.00530503 0.907989 235.856 0 0 0 1 
0.961023 0.0141215 -0.276108 73.4833 -0.0117137 0.999878 0.0103681 -3.97922 0.276221 -0.0067297 0.961071 238.082 0 0 0 1 
0.96947 0.0180829 -0.244542 73.344 -0.0169045 0.999833 0.00691715 -3.98277 0.244626 -0.00257212 0.969614 238.655 0 0 0 1 
0.991307 0.00361747 -0.131521 73.0135 -0.00542946 0.999895 -0.0134211 -4.01307 0.131459 0.0140186 0.991222 241.003 0 0 0 1 
0.995509 0.000852503 -0.0946646 72.9108 -0.00157714 0.99997 -0.00758023 -4.02783 0.0946553 0.00769548 0.99548 242.216 0 0 0 1 
0.997984 -0.00646144 -0.063129 72.7174 0.00694886 0.999948 0.00750458 -4.06917 0.0630772 -0.00792813 0.997977 245.298 0 0 0 1 
0.996733 -0.0197466 -0.078315 72.6416 0.0201859 0.999785 0.0048219 -4.07472 0.0782029 -0.00638701 0.996917 246.521 0 0 0 1 
0.988375 -0.0267835 -0.149656 72.3138 0.0274845 0.999619 0.00261738 -4.09605 0.149529 -0.00670018 0.988735 248.954 0 0 0 1 
0.978042 -0.0196349 -0.20748 72.029 0.0221561 0.999706 0.00983463 -4.10759 0.207226 -0.0142156 0.97819 250.152 0 0 0 1 
0.959074 -0.0140079 -0.282808 71.6568 0.0165358 0.999842 0.00655343 -4.12745 0.282672 -0.0109617 0.959154 251.288 0 0 0 1 
0.945396 -0.00962034 -0.325781 71.4291 0.0117321 0.999921 0.00451804 -4.13414 0.325712 -0.00809344 0.945434 251.836 0 0 0 1 
0.928533 -0.00379401 -0.371231 71.1706 0.00527805 0.999982 0.0029817 -4.13525 0.371213 -0.00472798 0.928536 252.367 0 0 0 1 
0.907789 0.00614989 -0.419381 70.8807 -0.00644691 0.999979 0.000708953 -4.13568 0.419377 0.00206013 0.90781 252.874 0 0 0 1 
0.882722 0.0188731 -0.469517 70.5563 -0.0207659 0.999784 0.00114691 -4.13757 0.469437 0.00873756 0.882923 253.358 0 0 0 1 
0.820732 0.0429066 -0.569699 69.8414 -0.0458693 0.998906 0.00915074 -4.14176 0.569469 0.0186214 0.821802 254.272 0 0 0 1 
0.74147 0.0554297 -0.668692 69.0329 -0.0509694 0.998355 0.0262397 -4.12982 0.669047 0.0146269 0.743076 255.081 0 0 0 1 
0.64912 0.0703848 -0.757423 68.1268 -0.0501446 0.997504 0.0497202 -4.0915 0.759032 0.00570632 0.651029 255.775 0 0 0 1 
0.598715 0.079286 -0.797028 67.6362 -0.055671 0.996801 0.0573397 -4.07207 0.799025 0.0100413 0.601214 256.063 0 0 0 1 
0.488329 0.0747966 -0.869448 66.6305 -0.0483311 0.997109 0.0586336 -4.02267 0.87132 0.0133889 0.490532 256.555 0 0 0 1 
0.429744 0.0644621 -0.900647 66.1755 -0.0323227 0.997907 0.0560006 -4.00328 0.902372 0.00504534 0.430929 256.77 0 0 0 1 
0.370095 0.0578331 -0.927192 65.7292 -0.0133022 0.998288 0.056958 -4.00311 0.928899 -0.00874614 0.37023 256.948 0 0 0 1 
0.256035 0.0623301 -0.964656 64.6554 -0.00206536 0.997952 0.0639333 -3.97323 0.966665 -0.0143768 0.255639 257.184 0 0 0 1 
0.206125 0.0665735 -0.976258 64.1322 -0.00630797 0.997753 0.0667074 -3.97236 0.978505 -0.00759186 0.206082 257.259 0 0 0 1 
0.158399 0.0655808 -0.985195 63.55 -0.00636433 0.997839 0.0653992 -3.9307 0.987355 -0.00408909 0.158474 257.306 0 0 0 1 
0.076386 0.0602706 -0.995255 62.3387 -0.0016213 0.998178 0.0603231 -3.83778 0.997077 -0.00299424 0.0763445 257.369 0 0 0 1 
0.0436712 0.0565165 -0.997446 61.9387 -0.00249958 0.998402 0.0564612 -3.78396 0.999043 2.7466e-05 0.0437427 257.389 0 0 0 1 
0.0176795 0.0534685 -0.998413 61.3961 -0.00724243 0.99855 0.0533475 -3.72585 0.999817 0.00628777 0.0180411 257.395 0 0 0 1 
-0.0440894 0.0445486 -0.998034 57.7685 -0.0117982 0.998912 0.045109 -3.53885 0.998958 0.0137638 -0.0435159 257.236 0 0 0 1 
-0.0428249 0.0443369 -0.998098 53.5432 -0.00948479 0.998952 0.0447818 -3.36958 0.999038 0.0113845 -0.0423595 256.988 0 0 0 1 
-0.0424907 0.039869 -0.998301 51.7751 -0.00615411 0.999174 0.0401658 -3.28394 0.999078 0.00785033 -0.0422103 256.925 0 0 0 1 
-0.0424031 0.0422352 -0.998207 47.7446 -0.00113202 0.999103 0.0423212 -3.12796 0.9991 0.00292454 -0.0423173 256.806 0 0 0 1 
-0.0460259 0.0420098 -0.998057 45.7269 0.00297731 0.999117 0.0419171 -3.04612 0.998936 -0.00104226 -0.0461103 256.756 0 0 0 1 
-0.0526365 0.0464756 -0.997532 44.0086 0.00758031 0.998906 0.0461396 -2.95763 0.998585 -0.00513297 -0.0529312 256.707 0 0 0 1 
-0.0602135 0.04733 -0.997063 41.9746 0.00773356 0.998867 0.0469487 -2.88025 0.998156 -0.0048839 -0.0605114 256.609 0 0 0 1 
-0.0707648 0.049461 -0.996266 37.734 0.0091269 0.99876 0.0489366 -2.71687 0.997451 -0.00562983 -0.0711285 256.33 0 0 0 1 
-0.0731312 0.0561799 -0.995739 36.5912 0.0106613 0.998399 0.055547 -2.67107 0.997265 -0.00655363 -0.0736131 256.277 0 0 0 1 
-0.0734392 0.0564174 -0.995703 35.6347 0.0148854 0.998349 0.0554695 -2.6165 0.997189 -0.0107478 -0.0741578 256.194 0 0 0 1 
-0.0749674 0.0540592 -0.99572 34.3878 0.0137406 0.998491 0.0531752 -2.55728 0.997091 -0.00969542 -0.075597 256.119 0 0 0 1 
-0.075565 0.0498007 -0.995896 29.9965 0.0029556 0.998759 0.0497196 -2.35526 0.997136 0.000813589 -0.0756184 255.757 0 0 0 1 
-0.0745358 0.0487753 -0.996025 26.4611 0.00140678 0.998807 0.0488062 -2.223 0.997217 0.00223663 -0.0745155 255.484 0 0 0 1 
-0.0731886 0.0483081 -0.996147 25.1006 0.00224705 0.998832 0.0482732 -2.18543 0.997316 0.00129465 -0.0732117 255.372 0 0 0 1 
-0.0747145 0.0500573 -0.995948 23.9155 0.0049583 0.998746 0.049826 -2.13731 0.997193 -0.00121549 -0.074869 255.319 0 0 0 1 
-0.0755481 0.0521484 -0.995778 22.8304 0.0143187 0.998585 0.0512091 -2.08956 0.997039 -0.0103895 -0.0761879 255.264 0 0 0 1 
-0.081761 0.0550589 -0.99513 19.5411 0.0227944 0.998315 0.0533623 -1.95246 0.996391 -0.0183205 -0.0828783 255.042 0 0 0 1 
-0.0873639 0.0614311 -0.994281 17.2009 0.0180385 0.998031 0.0600779 -1.86037 0.996013 -0.0126867 -0.0883 254.831 0 0 0 1 
-0.0963603 0.0510786 -0.994035 12.7127 0.00729621 0.998692 0.0506106 -1.67776 0.99532 -0.00237584 -0.0966069 254.382 0 0 0 1 
-0.0984095 0.0524568 -0.993762 11.6138 0.00477883 0.998623 0.0522401 -1.64217 0.995135 0.000391899 -0.0985247 254.266 0 0 0 1 
-0.101188 0.0563584 -0.99327 10.5685 0.00177482 0.998403 0.0564688 -1.59694 0.994866 0.0039511 -0.101127 254.185 0 0 0 1 
-0.106107 0.0570336 -0.992718 8.63662 -0.00453389 0.998316 0.0578398 -1.50379 0.994344 0.0106381 -0.10567 253.985 0 0 0 1 
-0.10534 0.0550842 -0.992909 6.54107 -0.0141026 0.998282 0.0568784 -1.41888 0.994336 0.0199942 -0.104382 253.726 0 0 0 1 
-0.106529 0.0538086 -0.992853 4.7454 -0.0203005 0.998209 0.0562771 -1.34166 0.994102 0.0261505 -0.105246 253.498 0 0 0 1 
-0.105872 0.055436 -0.992833 2.7316 -0.0236008 0.998023 0.0582425 -1.27222 0.9941 0.0295979 -0.104354 253.276 0 0 0 1 
-0.105525 0.0566736 -0.9928 0.808226 -0.0262685 0.997867 0.059755 -1.20752 0.99407 0.032385 -0.103811 253.067 0 0 0 1 
-0.105469 0.0546356 -0.992921 -1.02043 -0.0239803 0.998059 0.0574656 -1.1422 0.994133 0.0298714 -0.103954 252.889 0 0 0 1 
-0.104868 0.0552939 -0.992948 -2.63973 -0.0250817 0.997988 0.0582235 -1.07733 0.99417 0.0310106 -0.10327 252.733 0 0 0 1 
-0.103319 0.0552288 -0.993114 -4.14406 -0.0275266 0.997916 0.0583596 -1.02567 0.994267 0.0333667 -0.101584 252.569 0 0 0 1 
-0.0879011 0.0627262 -0.994152 -6.77504 -0.0287952 0.997438 0.0654795 -0.925058 0.995713 0.0343825 -0.0858697 252.316 0 0 0 1 
