0.999832 -0.00816313 -0.0164283 -0.00584636 0.00815906 0.999967 -0.000314785 -0.00593173 0.0164303 0.000180693 0.999865 0.584019 
0.999818 -0.00631354 -0.0180095 -0.00922354 0.0063345 0.999979 0.00110681 -0.00842587 0.0180022 -0.00122069 0.999837 0.713508 
0.999823 -0.00343957 -0.0184789 -0.0832304 0.00353103 0.999982 0.00491941 -0.0472645 0.0184617 -0.00498379 0.999817 3.71208 
0.999826 -0.00174853 -0.0185689 -0.109034 0.00181285 0.999992 0.00344742 -0.0565901 0.0185627 -0.00348048 0.999822 4.70307 
0.999862 -0.000920363 -0.016608 -0.181371 0.000978067 0.999994 0.00346664 -0.0884552 0.0166047 -0.0034824 0.999856 7.67061 
0.999882 -0.00315796 -0.0150301 -0.218905 0.00321727 0.999987 0.00392318 -0.108891 0.0150175 -0.00397107 0.999879 9.63256 
0.99989 -0.00376468 -0.0143585 -0.239042 0.00379926 0.99999 0.00238188 -0.120393 0.0143494 -0.00243617 0.999894 10.6031 
0.999889 -0.00307945 -0.0145736 -0.281168 0.00313184 0.999989 0.0035734 -0.142519 0.0145624 -0.00361865 0.999887 12.5592 
0.99988 -0.00200038 -0.0153815 -0.304778 0.00212838 0.999963 0.00831007 -0.151023 0.0153643 -0.00834181 0.999847 13.5505 
0.99979 -0.00112774 -0.0204398 -0.37742 0.00135672 0.999936 0.0111924 -0.163509 0.0204259 -0.0112178 0.999728 16.4568 
0.99972 0.000905736 -0.0236654 -0.408835 -0.000702978 0.999963 0.0085746 -0.166898 0.0236723 -0.00855555 0.999683 17.4253 
0.999591 0.000713647 -0.0286054 -0.478307 -0.000550889 0.999984 0.00569722 -0.172508 0.028609 -0.00567913 0.999575 19.3894 
0.999535 0.000198664 -0.0304961 -0.512867 -4.26079e-06 0.99998 0.0063746 -0.177469 0.0304968 -0.00637151 0.999515 20.3839 
0.999474 -0.00106014 -0.0324254 -0.55047 0.00117304 0.999993 0.00346284 -0.183031 0.0324215 -0.00349906 0.999468 21.3897 
0.999415 -0.00402828 -0.0339638 -0.585454 0.00403286 0.999992 6.64502e-05 -0.185306 0.0339632 -0.000203383 0.999423 22.3981 
0.999375 -0.00497942 -0.0350034 -0.623639 0.0050137 0.999987 0.00089147 -0.188951 0.0349985 -0.00106641 0.999387 23.4201 
0.999379 -0.00277546 -0.0351314 -0.669119 0.0028539 0.999994 0.00218296 -0.198041 0.0351251 -0.00228187 0.99938 24.4494 
0.999402 0.000739748 -0.0345567 -0.716028 -0.000730195 1 0.000289073 -0.204736 0.0345569 -0.000263667 0.999403 25.4817 
0.999451 0.00787379 -0.0321705 -0.808552 -0.00785329 0.999969 0.000763535 -0.220459 0.0321755 -0.000510472 0.999482 27.5727 
0.999472 0.00910921 -0.0312013 -0.849436 -0.00900747 0.999954 0.00339982 -0.230079 0.0312309 -0.00311698 0.999507 28.632 
0.999502 0.00739756 -0.0306683 -0.8878 -0.00722056 0.999957 0.00587825 -0.238049 0.0307105 -0.00565388 0.999512 29.6954 
0.999531 0.00476627 -0.030254 -0.923004 -0.00453804 0.999961 0.0076082 -0.244598 0.0302891 -0.00746734 0.999513 30.7609 
0.999548 0.00179767 -0.0300192 -0.957048 -0.00155497 0.999966 0.00810609 -0.250808 0.0300327 -0.00805575 0.999516 31.8248 
0.999551 4.46942e-05 -0.0299598 -0.990173 0.00017852 0.999972 0.00744772 -0.256686 0.0299593 -0.00744972 0.999523 32.8876 
0.999537 -0.000186953 -0.0304249 -1.02828 0.000380445 0.99998 0.00635399 -0.263786 0.0304231 -0.00636262 0.999517 33.9476 
0.999499 -4.01757e-06 -0.0316522 -1.07034 0.000199242 0.999981 0.00616465 -0.271066 0.0316516 -0.00616787 0.99948 35.0038 
0.999441 -0.000273542 -0.0334173 -1.11232 0.000459938 0.999984 0.00557028 -0.280941 0.0334153 -0.00558254 0.999426 36.0524 
0.99933 0.00128652 -0.0365745 -1.20209 -0.00113947 0.999991 0.00404117 -0.303774 0.0365794 -0.00399679 0.999323 38.148 
0.999258 0.00116196 -0.0384867 -1.24782 -0.0010279 0.999993 0.0035028 -0.314607 0.0384905 -0.00346065 0.999253 39.1938 
0.999201 0.000847288 -0.0399662 -1.29658 -0.000781588 0.999998 0.00165947 -0.32606 0.0399676 -0.00162691 0.9992 40.2308 
0.999133 0.00154248 -0.0416051 -1.34755 -0.0015875 0.999998 -0.00104907 -0.339757 0.0416034 0.00111421 0.999134 41.2616 
0.999082 0.00250035 -0.0427706 -1.39966 -0.0026053 0.999994 -0.00239831 -0.354819 0.0427643 0.00250754 0.999082 42.2905 
0.999033 0.00375074 -0.0438166 -1.45214 -0.00382432 0.999991 -0.00159561 -0.371219 0.0438102 0.00176163 0.999038 43.3163 
0.998996 0.00507502 -0.0445104 -1.50834 -0.00507758 0.999987 5.54156e-05 -0.386859 0.0445101 0.000170645 0.999009 44.335 
0.998972 0.00693215 -0.0448089 -1.56224 -0.00684239 0.999974 0.00215624 -0.401994 0.0448227 -0.00184742 0.998993 45.3423 
0.998971 0.00842752 -0.0445705 -1.61736 -0.00827545 0.999959 0.00359546 -0.416015 0.044599 -0.00322292 0.999 46.3467 
0.999107 0.00810386 -0.0414611 -1.76943 -0.00774735 0.999932 0.00875228 -0.449777 0.0415291 -0.00842325 0.999102 49.3068 
0.999434 0.00739856 -0.0328038 -1.88817 -0.00709486 0.999931 0.00936464 -0.480215 0.0328708 -0.0091266 0.999418 52.065 
0.999587 0.00775535 -0.0276533 -1.91984 -0.00750696 0.999931 0.00907498 -0.489935 0.0277217 -0.00886364 0.999576 52.9997 
0.999876 0.00698392 -0.0141214 -1.95401 -0.00688348 0.999951 0.00714885 -0.511747 0.0141706 -0.00705076 0.999875 54.748 
0.999094 0.00579003 0.0421505 -1.90142 -0.00602451 0.999967 0.00543814 -0.558153 -0.0421176 -0.00568716 0.999096 57.7908 
0.997864 0.00519697 0.0651181 -1.84714 -0.00539927 0.999981 0.00293111 -0.568511 -0.0651017 -0.00327644 0.997873 58.537 
0.964535 0.00266087 0.26394 -1.22697 -0.00188848 0.999993 -0.00318008 -0.635858 -0.263947 0.00256885 0.964534 61.5948 
0.947906 0.00035377 0.31855 -1.01123 -0.000382846 1 2.86682e-05 -0.646823 -0.31855 -0.000149131 0.947906 62.184 
0.897908 -0.00410077 0.440164 -0.485294 0.000546046 0.999966 0.00820225 -0.666756 -0.440182 -0.00712452 0.89788 63.1666 
0.863292 -0.00628964 0.504666 -0.17452 0.00119248 0.999945 0.0104224 -0.673688 -0.504704 -0.00839578 0.863252 63.5766 
0.778578 -0.00876929 0.627487 0.554305 0.00319119 0.999945 0.0100149 -0.681541 -0.62754 -0.00579496 0.778563 64.3805 
0.728914 -0.0105084 0.684524 0.965653 0.00448909 0.999934 0.0105702 -0.684835 -0.68459 -0.00463187 0.728913 64.6983 
0.676332 -0.01267 0.736488 1.39056 0.00691186 0.999917 0.0108545 -0.684208 -0.736565 -0.00225074 0.676363 65.0221 
0.561228 -0.017485 0.827477 2.32044 0.0120171 0.999844 0.0129767 -0.683439 -0.827574 0.00266103 0.56135 65.5998 
0.43998 -0.0242086 0.897681 3.37948 0.0167662 0.999684 0.0187418 -0.677256 -0.897851 0.00680472 0.440247 66.0564 
0.324115 -0.0309538 0.945511 4.50115 0.0160479 0.999501 0.0272201 -0.669805 -0.945881 0.00635104 0.32445 66.3895 
0.216178 -0.0338021 0.975769 5.68841 0.0129989 0.999412 0.0317412 -0.648578 -0.976267 0.00582214 0.21649 66.6113 
0.167661 -0.03418 0.985252 6.29247 0.0103315 0.999405 0.0329128 -0.634707 -0.98579 0.00466094 0.167915 66.669 
0.123482 -0.0357986 0.991701 6.80596 0.00876713 0.999349 0.0349831 -0.627251 -0.992308 0.00437459 0.123716 66.7567 
0.0127688 -0.0407606 0.999087 8.70414 -0.00535793 0.999152 0.0408317 -0.581766 -0.999904 -0.00587441 0.0125395 66.8407 
-0.0613776 -0.0405378 0.997291 9.99058 -0.0165712 0.999079 0.0395906 -0.548267 -0.997977 -0.0140963 -0.0619928 66.7838 
-0.0973243 -0.0399718 0.99445 10.6644 -0.0203696 0.999064 0.0381638 -0.519789 -0.995044 -0.0165422 -0.0980474 66.7142 
-0.13086 -0.039094 0.99063 11.3404 -0.0240721 0.999053 0.0362466 -0.489751 -0.991109 -0.0191033 -0.131677 66.6194 
-0.193988 -0.0364202 0.980328 12.7992 -0.0226853 0.99921 0.0326328 -0.441276 -0.980742 -0.0159086 -0.194661 66.3292 
-0.251354 -0.0333889 0.967319 14.2819 -0.019487 0.999377 0.0294318 -0.392659 -0.967699 -0.0114523 -0.251848 65.9408 
-0.278062 -0.0304962 0.960079 14.9691 -0.0171718 0.999494 0.0267748 -0.370715 -0.96041 -0.0090412 -0.278445 65.7279 
-0.302878 -0.0274471 0.952634 15.7273 -0.0130716 0.999611 0.0246447 -0.343407 -0.95294 -0.00498812 -0.303119 65.4651 
-0.366761 -0.0259999 0.929952 18.0174 0.0039217 0.999557 0.0294927 -0.283694 -0.930307 0.0144637 -0.366497 64.5562 
-0.383589 -0.0263301 0.923128 18.8039 0.00802417 0.999461 0.0318416 -0.264779 -0.923469 0.0196215 -0.383171 64.2205 
-0.430922 -0.0208434 0.902149 21.3033 0.00392482 0.99968 0.0249715 -0.203946 -0.902381 0.0143015 -0.430702 63.0799 
-0.447181 -0.0226532 0.894157 22.1448 0.00315461 0.999633 0.0269031 -0.188896 -0.894438 0.0148513 -0.446945 62.6592 
-0.473992 -0.0205513 0.880289 23.8874 0.0104325 0.999526 0.0289524 -0.151278 -0.880467 0.0229068 -0.473554 61.718 
-0.484304 -0.0141091 0.874786 24.6396 0.0167624 0.999537 0.0254012 -0.140314 -0.874739 0.0269654 -0.483843 61.2821 
-0.491352 -0.00626883 0.870939 25.6547 0.0218803 0.99957 0.0195387 -0.118159 -0.870686 0.0286568 -0.491003 60.6714 
-0.5099 -0.000803924 0.860233 28.3561 0.0241767 0.999591 0.0152648 -0.0807452 -0.859894 0.0285811 -0.509672 59.0972 
-0.513311 -0.0027911 0.858198 29.1916 0.0241937 0.99955 0.0177217 -0.0673481 -0.857861 0.0298598 -0.513013 58.6023 
-0.520393 -0.00288778 0.853922 31.0058 0.0242421 0.999541 0.0181537 -0.0423515 -0.853583 0.0301479 -0.520084 57.5056 
-0.522966 -0.00334069 0.852347 31.8413 0.0226543 0.999585 0.0178175 -0.0279935 -0.852053 0.0286273 -0.522673 56.9957 
-0.527449 -0.00177896 0.849585 33.5239 0.0238382 0.999573 0.0168926 0.00201059 -0.849252 0.0291626 -0.527182 55.9489 
-0.529354 -0.00312639 0.848395 34.4015 0.019657 0.99968 0.0159488 0.0155597 -0.848173 0.0251194 -0.529123 55.4052 
-0.533154 -0.00664313 0.845992 36.2201 0.0156269 0.999721 0.0176985 0.0316286 -0.845874 0.0226563 -0.532902 54.2687 
-0.535198 -0.0064097 0.844702 36.9315 0.0149801 0.999742 0.0170775 0.0385945 -0.844594 0.0217936 -0.534964 53.8084 
-0.539976 -0.00980967 0.841623 38.7836 0.0106652 0.999772 0.0184957 0.0588559 -0.841613 0.0189633 -0.539749 52.6231 
-0.54753 -0.0153065 0.836646 42.6069 0.00611994 0.999733 0.0222953 0.101596 -0.836764 0.0173275 -0.54729 50.1507 
-0.554006 -0.0157934 0.832363 45.5319 0.0015494 0.999799 0.0200016 0.137617 -0.832511 0.0123707 -0.55387 48.2196 
-0.555623 -0.0172044 0.831256 46.4915 0.000431439 0.99978 0.0209807 0.154595 -0.831434 0.012016 -0.555493 47.5679 
-0.559298 -0.0161239 0.82881 48.392 0.00132121 0.999792 0.0203419 0.174814 -0.828965 0.0124722 -0.559161 46.2882 
-0.560469 -0.0178231 0.827983 49.3226 0.00113189 0.999751 0.0222868 0.188694 -0.828175 0.0134282 -0.560309 45.6533 
-0.564074 -0.022302 0.825423 51.3203 -0.00281676 0.999681 0.0250854 0.205832 -0.825719 0.011825 -0.563957 44.3026 
-0.565349 -0.0236132 0.824514 52.2571 -0.00417103 0.999659 0.0257692 0.218359 -0.824841 0.0111295 -0.565255 43.6629 
-0.566836 -0.0247458 0.823459 53.1731 -0.00424002 0.999623 0.027121 0.232039 -0.82382 0.0118817 -0.566727 43.0316 
-0.567165 -0.0255419 0.823208 53.8933 -0.00433739 0.999598 0.0280265 0.249984 -0.823593 0.0123251 -0.567048 42.53 
-0.569142 -0.0269245 0.821799 55.8529 -0.00434217 0.999548 0.0297409 0.285333 -0.822228 0.0133584 -0.569001 41.1678 
-0.570045 -0.0254584 0.821219 56.6332 -0.00357685 0.999587 0.0285051 0.301261 -0.821606 0.0133118 -0.569901 40.6224 
-0.571391 -0.022238 0.820377 58.3552 -0.00312202 0.999684 0.024924 0.328419 -0.820672 0.0116801 -0.57128 39.4272 
-0.571406 -0.0214062 0.820388 59.0916 -0.00129836 0.999682 0.0251801 0.340361 -0.820667 0.0133229 -0.571252 38.9064 
-0.571496 -0.0228362 0.820287 61.684 0.00251455 0.999559 0.0295789 0.380855 -0.820601 0.0189669 -0.571187 37.0982 
-0.571321 -0.0235822 0.820388 64.3444 0.000382226 0.999579 0.0289993 0.429024 -0.820726 0.0168815 -0.571072 35.2543 
-0.571536 -0.0236551 0.820236 65.1541 0.000375023 0.999577 0.0290885 0.446951 -0.820577 0.0169328 -0.571286 34.6912 
-0.57182 -0.0223496 0.820075 66.8339 0.00233298 0.99958 0.0288685 0.480248 -0.820376 0.0184208 -0.571528 33.5201 
-0.5721 -0.0220073 0.819888 67.7042 0.00285049 0.999581 0.0288195 0.495032 -0.820179 0.0188247 -0.571797 32.9053 
-0.572629 -0.0217564 0.819526 68.5744 0.00279321 0.99959 0.0284884 0.512247 -0.81981 0.0186024 -0.572334 32.2899 
-0.575021 -0.0204398 0.817883 70.2971 0.00252976 0.999639 0.0267607 0.54028 -0.818135 0.017457 -0.574761 31.0801 
-0.576757 -0.0181737 0.816713 71.1449 0.00198929 0.999718 0.0236508 0.552542 -0.816913 0.0152654 -0.576558 30.4805 
-0.578796 -0.0153606 0.815328 71.9754 0.00254074 0.999784 0.0206393 0.563196 -0.815469 0.0140175 -0.578631 29.8858 
-0.585545 -0.014077 0.810517 74.4308 0.00661551 0.999733 0.0221425 0.577503 -0.810613 0.0183274 -0.585296 28.1216 
-0.593279 -0.0151757 0.804854 76.775 0.00832153 0.999653 0.0249826 0.592357 -0.804954 0.0215193 -0.592947 26.4058 
-0.596351 -0.0140864 0.8026 77.5208 0.00922511 0.99966 0.0243995 0.600327 -0.802671 0.0219547 -0.596018 25.8446 
-0.599516 -0.0128593 0.800259 78.2484 0.0104155 0.999661 0.0238662 0.606325 -0.800295 0.0226433 -0.599179 25.2917 
-0.601802 -0.0128772 0.798542 78.9569 0.0115145 0.999626 0.0247975 0.61268 -0.798563 0.024118 -0.601428 24.7506 
-0.599536 -0.00459854 0.800335 80.9747 0.020696 0.99956 0.0212467 0.624129 -0.80008 0.0293019 -0.599177 23.2221 
-0.596594 -0.0046025 0.80253 81.6155 0.0227932 0.999483 0.0226763 0.63144 -0.802219 0.0318208 -0.596181 22.742 
-0.566567 -0.00208732 0.824013 84.0984 0.0323475 0.99917 0.0247722 0.647549 -0.823381 0.0406898 -0.566029 20.9788 
-0.542039 -0.00316612 0.840347 85.2617 0.0346466 0.999058 0.0261118 0.660765 -0.839639 0.0432688 -0.541419 20.224 
-0.446255 -0.00643405 0.894883 87.4216 0.0463188 0.998468 0.0302768 0.673371 -0.893706 0.0549611 -0.445273 19.0483 
-0.358742 -0.00850923 0.933398 88.4355 0.0484299 0.998442 0.0277158 0.678951 -0.932179 0.0551472 -0.357771 18.6789 
-0.304958 -0.0105389 0.952308 88.9314 0.0474544 0.998529 0.0262468 0.68277 -0.951183 0.0531953 -0.304009 18.5485 
-0.245363 -0.0116779 0.969361 89.4211 0.0480541 0.998552 0.0241929 0.68524 -0.96824 0.0525178 -0.244446 18.4531 
-0.180594 -0.0130549 0.983471 89.9123 0.0492124 0.99854 0.0222918 0.688194 -0.982326 0.0524247 -0.179688 18.3892 
-0.0391905 -0.0195913 0.99904 90.89 0.0548437 0.998259 0.0217274 0.69321 -0.997726 0.0556425 -0.0380478 18.3592 
0.108793 -0.0223931 0.993812 91.8559 0.0504166 0.998584 0.0169815 0.691765 -0.992785 0.0482572 0.109768 18.5146 
0.252279 -0.0288905 0.967223 92.795 0.0502482 0.998597 0.0167215 0.695201 -0.966349 0.0443827 0.253377 18.8118 
0.320715 -0.0346391 0.946542 93.2356 0.048638 0.998615 0.0200648 0.702485 -0.945926 0.0396028 0.321955 19.0023 
0.447879 -0.0397848 0.893208 94.0592 0.037889 0.998957 0.0254963 0.708687 -0.893291 0.0224235 0.448919 19.4881 
0.503443 -0.0406756 0.863071 94.4489 0.0358337 0.999015 0.0261801 0.707344 -0.863285 0.0177469 0.504404 19.7555 
0.552678 -0.0390067 0.832482 94.8164 0.0347563 0.999114 0.02374 0.708213 -0.83267 0.0158134 0.553544 20.0325 
0.632986 -0.0307033 0.773554 95.3693 0.0305343 0.999426 0.0146828 0.717316 -0.773561 0.0143259 0.63356 20.5087 
0.706277 -0.0142633 0.707792 96.4457 0.0102338 0.999898 0.00993785 0.741948 -0.707861 0.000224503 0.706351 21.636 
0.757759 -0.0189071 0.65226 98.0427 0.0124971 0.999817 0.0144632 0.755501 -0.652415 -0.00280825 0.757857 23.4846 
0.765747 -0.0129342 0.643011 98.3968 0.00693423 0.999906 0.0118553 0.761155 -0.643104 -0.00461936 0.765765 23.9357 
0.780484 -0.0174513 0.624932 99.6852 0.01586 0.999841 0.00811299 0.775681 -0.624975 0.00357938 0.780637 25.5379 
0.785958 -0.0166428 0.618056 100.945 0.0182053 0.999827 0.00377211 0.776896 -0.618012 0.00828715 0.786125 27.1448 
0.800061 -0.0231815 0.59947 102.875 0.0277771 0.999613 0.00158321 0.773916 -0.599275 0.0153849 0.800395 29.6767 
0.81129 -0.0204875 0.584284 104.994 0.0288799 0.99957 -0.00505123 0.76008 -0.58393 0.0209721 0.811533 32.6111 
0.815853 -0.0329705 0.577318 106.681 0.0381154 0.999268 0.00320409 0.748831 -0.577001 0.0193906 0.816513 34.9826 
0.817322 -0.0352046 0.575105 107.253 0.0400227 0.99919 0.00428554 0.752668 -0.57479 0.0195146 0.818068 35.7927 
0.820128 -0.028042 0.571493 108.398 0.0281791 0.999566 0.00860784 0.757961 -0.571486 0.00904464 0.820562 37.4859 
0.821041 -0.0254018 0.570303 109.009 0.022031 0.999675 0.0128093 0.762345 -0.570444 0.00204738 0.821334 38.397 
0.820797 -0.0196198 0.570882 110.239 0.018451 0.999799 0.0078323 0.770398 -0.570921 0.00410459 0.820995 40.2057 
0.820881 -0.0177548 0.570823 110.844 0.0193431 0.999808 0.00328133 0.777374 -0.570771 0.00834787 0.821067 41.081 
0.820423 -0.021334 0.571359 112.739 0.0226609 0.999732 0.00478989 0.765761 -0.571308 0.00901777 0.820686 43.825 
0.820143 -0.0181299 0.571872 113.994 0.0179159 0.999821 0.00600316 0.763824 -0.571878 0.00532214 0.820321 45.6631 
0.820418 -0.0175727 0.571494 114.633 0.0176733 0.999829 0.00537227 0.759352 -0.571491 0.00569268 0.820589 46.5871 
0.820849 -0.0182582 0.570853 115.285 0.020852 0.999781 0.00199316 0.75706 -0.570764 0.0102673 0.82105 47.5247 
0.822977 -0.0210661 0.567684 116.609 0.0263476 0.999652 -0.0011005 0.73921 -0.567463 0.0158628 0.823246 49.4423 
0.824696 -0.0205326 0.565204 118.521 0.0209061 0.999765 0.00581493 0.703807 -0.56519 0.00702067 0.824931 52.281 
0.824129 -0.0190863 0.56608 120.392 0.023639 0.99972 -0.000707757 0.672931 -0.565908 0.0139649 0.82435 55.0266 
0.823518 -0.0266695 0.566662 121.035 0.028472 0.999579 0.00566654 0.665928 -0.566575 0.0114675 0.823931 55.9513 
0.822866 -0.0316278 0.567354 121.669 0.0305299 0.999468 0.0114372 0.66039 -0.567414 0.00790995 0.823395 56.8695 
0.822487 -0.0304884 0.567966 122.291 0.0287967 0.999514 0.0119526 0.659547 -0.568055 0.00652471 0.822965 57.7764 
0.821966 -0.026905 0.568901 122.919 0.0272103 0.999598 0.00795956 0.660841 -0.568886 0.00893748 0.822368 58.6952 
0.821558 -0.0206104 0.569752 123.548 0.0221069 0.999746 0.00428795 0.657142 -0.569696 0.00907267 0.821806 59.6192 
0.820852 -0.0178534 0.570862 124.225 0.0191813 0.999809 0.00368744 0.655218 -0.570819 0.00792303 0.821038 60.6162 
0.819749 -0.0187781 0.572415 126.139 0.0156881 0.999824 0.0103325 0.650394 -0.572508 0.000510032 0.819899 63.3994 
0.819707 -0.018155 0.572495 126.789 0.0179656 0.999821 0.00598307 0.654624 -0.572501 0.00538083 0.819887 64.3317 
0.819198 -0.0193295 0.573185 127.417 0.0201922 0.999784 0.00485684 0.653223 -0.573155 0.00759515 0.819412 65.2339 
0.818824 -0.0224513 0.573605 128.058 0.0208051 0.999739 0.00943109 0.650519 -0.573667 0.0042115 0.819078 66.1641 
0.817826 -0.0351166 0.574393 130.668 0.0338939 0.999343 0.0128384 0.667988 -0.574466 0.00896882 0.818479 69.8807 
0.817686 -0.0379593 0.574411 131.311 0.036458 0.999235 0.0141346 0.674945 -0.574508 0.00938423 0.818445 70.7954 
0.817745 -0.0402459 0.574171 131.974 0.0393675 0.999127 0.0139648 0.682474 -0.574232 0.011184 0.818616 71.7355 
0.818255 -0.0387252 0.57355 133.286 0.0430538 0.999055 0.00603189 0.688032 -0.573241 0.0197579 0.819149 73.6118 
0.81881 -0.0381631 0.572795 135.309 0.0397215 0.999163 0.00978861 0.681792 -0.572689 0.0147372 0.81964 76.5386 
0.818833 -0.0387805 0.57272 135.992 0.0379471 0.99919 0.013404 0.686683 -0.572776 0.0107574 0.819642 77.5244 
0.818275 -0.0414938 0.573327 136.685 0.0386512 0.999106 0.0171445 0.695598 -0.573526 0.00813084 0.819147 78.5187 
0.817791 -0.0433129 0.573883 137.382 0.039486 0.999037 0.0191326 0.70709 -0.574159 0.00701386 0.818714 79.5105 
0.817217 -0.0423648 0.57477 138.076 0.0403876 0.999053 0.0162137 0.718582 -0.574913 0.00996346 0.818154 80.4948 
0.816936 -0.0394706 0.575376 138.768 0.0401543 0.999127 0.0115275 0.730243 -0.575328 0.0136865 0.817808 81.4833 
0.817167 -0.0382603 0.57513 140.853 0.0401431 0.999149 0.00943118 0.739089 -0.575002 0.0153807 0.818007 84.4626 
0.817736 -0.0363733 0.574443 141.546 0.0406943 0.999157 0.00533642 0.74098 -0.574153 0.0190128 0.818527 85.4522 
0.818245 -0.0363237 0.57372 142.244 0.0415235 0.999129 0.00403628 0.737587 -0.573368 0.0205202 0.819041 86.448 
0.818681 -0.0375991 0.573016 142.93 0.0416397 0.999114 0.00606645 0.731094 -0.572737 0.0188937 0.819522 87.428 
0.821244 -0.038557 0.569273 144.998 0.0382152 0.999191 0.0125454 0.719573 -0.569296 0.0114521 0.822053 90.4239 
0.821825 -0.0325502 0.568809 145.668 0.0370303 0.999307 0.00368357 0.715057 -0.568535 0.0180359 0.822462 91.401 
0.822666 -0.0245127 0.567997 146.34 0.0334327 0.999427 -0.00529114 0.70389 -0.567541 0.0233425 0.823014 92.3874 
0.823446 -0.0245305 0.566863 147.021 0.0334922 0.999424 -0.00540283 0.688123 -0.566405 0.0234344 0.823794 93.3798 
0.824252 -0.0277403 0.565543 147.666 0.0335082 0.999438 0.000186548 0.668696 -0.565231 0.0187966 0.824719 94.3267 
0.824396 -0.0326756 0.56507 148.337 0.0353075 0.999357 0.0062775 0.660273 -0.564911 0.0147761 0.825019 95.303 
0.82368 -0.0355849 0.565937 151.008 0.0334717 0.99934 0.0141207 0.659528 -0.566066 0.00731192 0.824328 99.2313 
0.823212 -0.0361478 0.566582 151.673 0.0339731 0.999319 0.0143954 0.661577 -0.566717 0.00739805 0.82388 100.198 
0.822812 -0.0338559 0.567304 152.331 0.0347894 0.999352 0.00918179 0.66029 -0.567248 0.0121813 0.823457 101.152 
0.822754 -0.0269083 0.56776 152.977 0.0330187 0.999455 -0.000480124 0.65836 -0.567438 0.0191417 0.823194 102.093 
0.822478 -0.024174 0.568283 153.614 0.0315292 0.999498 -0.00311487 0.651376 -0.567923 0.0204794 0.822827 103.018 
0.820935 -0.0273208 0.570367 155.599 0.0192508 0.999611 0.0201739 0.627135 -0.570697 -0.00558145 0.821142 105.936 
0.820143 -0.0320671 0.571259 156.266 0.0207692 0.999439 0.0262847 0.637362 -0.571782 -0.00969262 0.820349 106.893 
0.819721 -0.0304682 0.571952 156.922 0.0188493 0.999478 0.0262279 0.651805 -0.572452 -0.0107187 0.819868 107.84 
0.819477 -0.0304717 0.572301 157.578 0.0257497 0.999535 0.0163484 0.662031 -0.572533 0.00133941 0.81988 108.764 
0.819375 -0.0280411 0.572572 158.232 0.0340866 0.999419 0.000166074 0.662741 -0.572244 0.019381 0.819854 109.676 
0.819547 -0.0306086 0.572194 159.54 0.0369589 0.999317 0.000520986 0.6354 -0.571819 0.0207207 0.820118 111.546 
0.819691 -0.0378104 0.571556 160.201 0.0369853 0.99923 0.0130604 0.626995 -0.57161 0.0104337 0.820459 112.491 
0.819612 -0.0434271 0.571271 161.494 0.0328385 0.999045 0.0288318 0.644615 -0.571977 -0.0048712 0.820255 114.36 
0.820343 -0.0333235 0.570901 163.368 0.0246144 0.999433 0.0229679 0.684421 -0.571342 -0.00478922 0.820698 117.099 
0.818178 -0.0215491 0.57456 165.251 0.0241755 0.999703 0.00306825 0.685268 -0.574456 0.0113799 0.818456 119.814 
0.817036 -0.0221784 0.576161 165.878 0.025723 0.999667 0.00200355 0.676601 -0.576013 0.0131836 0.817334 120.7 
0.816063 -0.0258017 0.577387 166.505 0.026439 0.999624 0.00730193 0.671064 -0.577358 0.00930672 0.816438 121.58 
0.815478 -0.0311598 0.577949 167.13 0.0258077 0.999514 0.0174741 0.668934 -0.578213 0.00066582 0.815886 122.46 
0.815732 -0.0336311 0.577451 167.748 0.0223164 0.999395 0.0266802 0.67609 -0.577999 -0.00887726 0.815989 123.337 
0.816671 -0.0250718 0.576559 168.954 0.0115623 0.999566 0.0270888 0.697305 -0.576988 -0.0154563 0.816606 125.085 
0.817347 -0.0181191 0.575861 169.542 0.00850499 0.999776 0.0193859 0.706453 -0.576083 -0.0109473 0.817318 125.936 
0.818416 -0.0153882 0.574421 170.129 0.0117976 0.999881 0.00997712 0.70909 -0.574505 -0.00138866 0.8185 126.772 
0.820446 -0.0174614 0.571457 171.286 0.0184531 0.999821 0.00405713 0.693223 -0.571426 0.00721651 0.820622 128.432 
0.821444 -0.0238373 0.569791 171.854 0.0220087 0.999707 0.0100938 0.685539 -0.569865 0.00424891 0.821728 129.243 
0.823848 -0.0261799 0.566206 173.42 0.0277382 0.999598 0.00585884 0.665228 -0.566132 0.0108788 0.824243 131.517 
0.825288 -0.0208836 0.564326 174.415 0.0244247 0.999701 0.00127571 0.645318 -0.564184 0.0127307 0.825551 132.982 
0.828182 -0.0129905 0.560308 176.27 0.00983581 0.999914 0.00864436 0.598132 -0.560372 -0.00164803 0.828239 135.779 
0.829437 -0.0157378 0.558379 176.709 0.00761616 0.999829 0.0168667 0.593267 -0.558549 -0.00973716 0.829415 136.442 
0.832043 -0.0166 0.554463 177.544 0.00803308 0.999808 0.0178784 0.582319 -0.554654 -0.0104215 0.832016 137.704 
0.837074 -0.0148666 0.546887 179.035 0.00616299 0.999824 0.017746 0.577663 -0.547054 -0.0114843 0.837018 140.011 
0.826986 -0.00254869 0.562217 180.632 -0.0102882 0.999754 0.0196654 0.578282 -0.562128 -0.0220472 0.826756 142.486 
0.811805 0.00469138 0.58391 181.232 -0.0169735 0.999735 0.0155658 0.577881 -0.583682 -0.0225475 0.811669 143.345 
0.785518 4.37034e-05 0.618839 181.842 -0.0135409 0.999762 0.0171174 0.582128 -0.618691 -0.0218256 0.785331 144.108 
0.746789 -0.00501142 0.665042 182.467 -0.00581606 0.999884 0.0140656 0.580352 -0.665036 -0.014372 0.746673 144.764 
0.664396 -0.0107371 0.747304 183.464 0.00150935 0.999914 0.0130247 0.568446 -0.747379 -0.0075256 0.664355 145.628 
0.59895 -0.0174643 0.800596 184.213 0.0155769 0.999827 0.0101567 0.570903 -0.800635 0.00638747 0.599118 146.112 
0.525995 -0.0207906 0.850234 184.957 0.0196403 0.999731 0.0122959 0.567033 -0.850261 0.0102313 0.526262 146.517 
0.487426 -0.0248751 0.87281 185.348 0.0233722 0.999608 0.0154365 0.568021 -0.872851 0.0128754 0.487817 146.691 
0.444189 -0.0279409 0.895498 185.75 0.0251503 0.999509 0.0187111 0.575876 -0.89558 0.0142108 0.444673 146.845 
0.345759 -0.0295877 0.937857 186.581 0.0278158 0.999387 0.0212741 0.589656 -0.937911 0.0187315 0.34637 147.099 
0.294166 -0.0317089 0.955228 187.016 0.0276343 0.999314 0.0246623 0.593324 -0.955355 0.0191423 0.29484 147.19 
0.24013 -0.0323964 0.9702 187.461 0.0251413 0.999315 0.027146 0.598531 -0.970415 0.0178735 0.240781 147.265 
0.126643 -0.0290803 0.991522 188.408 0.0184759 0.999466 0.0269534 0.615488 -0.991776 0.0149058 0.127112 147.35 
0.0685751 -0.0239336 0.997359 188.829 0.0166029 0.999601 0.0228459 0.626968 -0.997508 0.0149923 0.0689451 147.351 
0.0125454 -0.0185854 0.999749 189.297 0.0150515 0.999717 0.018396 0.63669 -0.999808 0.0148169 0.0128216 147.322 
-0.0966262 -0.0122292 0.995246 190.313 0.0127761 0.999827 0.0135259 0.647777 -0.995239 0.0140223 -0.0964533 147.188 
-0.19927 -0.0155738 0.979821 191.251 0.00807602 0.999814 0.017534 0.656717 -0.979911 0.0114071 -0.199107 146.977 
-0.246646 -0.0164097 0.968967 191.742 0.00890328 0.999776 0.0191977 0.670985 -0.969065 0.013362 -0.246444 146.819 
-0.291508 -0.0169862 0.956418 192.229 0.0111016 0.999715 0.0211388 0.682477 -0.956504 0.0167799 -0.291236 146.633 
-0.371698 -0.0177639 0.928184 193.229 0.00600511 0.99975 0.0215383 0.687094 -0.928334 0.0135796 -0.371498 146.212 
-0.4054 -0.012729 0.914051 193.497 0.00552453 0.999851 0.0163741 0.693541 -0.914123 0.0116878 -0.405269 146.077 
-0.459078 -0.00162809 0.888394 194.532 0.0149452 0.999843 0.00955526 0.716501 -0.88827 0.0176638 -0.458981 145.512 
-0.527106 0.00310203 0.849794 196.678 0.0249116 0.99962 0.0118031 0.73059 -0.849435 0.0273912 -0.526983 144.196 
-0.55794 0.00120307 0.82988 199.155 0.0293547 0.999402 0.0182867 0.776667 -0.829362 0.0345638 -0.557641 142.54 
-0.56977 0.01298 0.821702 200.41 0.0369842 0.999267 0.00986007 0.806572 -0.820972 0.036008 -0.569832 141.633 
-0.580791 0.0269904 0.813605 203.435 0.0461115 0.998936 -0.000221885 0.816358 -0.812745 0.0373877 -0.581418 139.45 
-0.581847 0.0194394 0.813066 204.212 0.0426822 0.999067 0.00665787 0.823178 -0.812178 0.0385773 -0.582133 138.89 
-0.58136 0.00334327 0.81364 205.843 0.0374149 0.999044 0.0226285 0.844117 -0.812786 0.0435976 -0.580929 137.726 
-0.581208 0.00425969 0.813744 206.581 0.0369658 0.999092 0.0211725 0.86495 -0.812915 0.0423863 -0.580838 137.183 
-0.580397 0.0219435 0.814038 209.138 0.0444142 0.999002 0.00473719 0.891816 -0.813121 0.0389043 -0.580793 135.336 
-0.579835 0.0195664 0.814499 209.853 0.0457941 0.998914 0.0086039 0.896478 -0.813446 0.042288 -0.580102 134.802 
-0.573838 0.00888204 0.818921 212.35 0.0475373 0.998616 0.0224795 0.914843 -0.817588 0.0518289 -0.573466 133.024 
-0.562614 0.0164288 0.826556 215.849 0.0447563 0.998942 0.0106092 0.950633 -0.825507 0.0429625 -0.562754 130.614 
-0.560933 0.0140505 0.827742 216.73 0.0473208 0.998765 0.0151142 0.961074 -0.826508 0.0476474 -0.560905 129.99 
-0.555654 0.00705703 0.831384 219.328 0.0470828 0.998626 0.0229911 0.988401 -0.830079 0.051919 -0.555223 128.236 
-0.554732 0.0161332 0.831873 221.002 0.0475416 0.998793 0.0123326 1.00541 -0.83067 0.0463898 -0.554829 127.11 
-0.554083 0.0227114 0.832152 221.893 0.0496066 0.998752 0.0057719 1.00611 -0.830982 0.0444783 -0.554518 126.498 
-0.555435 0.0228692 0.831245 223.629 0.0520464 0.998618 0.0073033 1.0049 -0.829929 0.0473198 -0.555858 125.319 
-0.556214 0.0185309 0.830832 224.473 0.055836 0.998326 0.0151136 1.00381 -0.829161 0.0547968 -0.556318 124.733 
-0.558341 0.0173303 0.829431 226.152 0.0541502 0.998411 0.0155908 1.01006 -0.827842 0.0536188 -0.558392 123.6 
-0.558726 0.0211692 0.829082 226.971 0.0587268 0.998175 0.0140899 1.01635 -0.827271 0.0565618 -0.558949 123.031 
-0.558979 0.0234361 0.828851 227.782 0.060304 0.998102 0.0124474 1.01848 -0.826986 0.0569408 -0.559332 122.467 
-0.559527 0.0256425 0.828416 229.421 0.0634438 0.997914 0.011962 1.02333 -0.826381 0.0592509 -0.559986 121.347 
-0.556897 0.0202581 0.830335 231.052 0.0663847 0.99759 0.0201848 1.0285 -0.827925 0.0663624 -0.556899 120.232 
-0.555779 0.0208967 0.831067 231.847 0.0657431 0.997658 0.0188804 1.03612 -0.828726 0.0651303 -0.555851 119.691 
-0.553669 0.0159704 0.832584 233.437 0.0634388 0.99772 0.0230489 1.05455 -0.830317 0.0655796 -0.553419 118.624 
-0.552955 0.0127175 0.833114 234.227 0.0605962 0.99785 0.0249868 1.06446 -0.831005 0.0643001 -0.552536 118.093 
-0.551376 0.0158084 0.834107 236.506 0.0613909 0.997879 0.0216694 1.08621 -0.831995 0.0631546 -0.551177 116.58 
-0.551139 0.0160694 0.834258 238.621 0.0600846 0.997983 0.0204709 1.09439 -0.832247 0.0614084 -0.550994 115.179 
-0.55738 0.008252 0.830217 241.157 0.0567804 0.997988 0.0282009 1.10999 -0.828314 0.0628586 -0.556727 113.501 
-0.571178 0.00641151 0.820802 243.255 0.0578965 0.997794 0.0324948 1.12822 -0.818782 0.0660818 -0.570289 112.051 
-0.581618 0.0127512 0.813362 244.136 0.0602095 0.997809 0.0274117 1.14542 -0.811231 0.0649153 -0.581111 111.411 
-0.621275 0.0115042 0.783508 245.691 0.0539914 0.998144 0.0281563 1.16327 -0.78173 0.0597955 -0.620743 110.259 
-0.655864 0.0113932 0.754793 246.411 0.0516174 0.998223 0.0297845 1.18196 -0.753112 0.058495 -0.655287 109.673 
-0.747577 0.0157887 0.663988 247.678 0.0443408 0.998673 0.0261758 1.21764 -0.662694 0.0490101 -0.747285 108.347 
-0.799911 0.011027 0.600017 248.204 0.0338693 0.999067 0.0267922 1.23131 -0.599162 0.0417535 -0.799538 107.647 
-0.896576 0.00513232 0.442861 249.046 0.0142033 0.999752 0.0171685 1.25533 -0.442663 0.0216829 -0.896426 106.086 
-0.916737 0.00716455 0.399428 249.199 0.0163635 0.999673 0.0196252 1.26619 -0.399157 0.0245272 -0.916555 105.663 
-0.935108 0.010389 0.35421 249.33 0.0198117 0.999539 0.022986 1.27915 -0.353808 0.0285119 -0.934883 105.223 
-0.966374 0.00498501 0.257091 249.558 0.0136406 0.999398 0.0318952 1.29611 -0.256777 0.0343295 -0.965861 104.271 
-0.978447 0.00381687 0.206462 249.625 0.0111043 0.999355 0.0341493 1.2925 -0.206199 0.0357059 -0.977858 103.741 
-0.988081 0.00487722 0.153861 249.661 0.0102459 0.999365 0.0341193 1.29181 -0.153597 0.035289 -0.987503 103.201 
-0.998922 0.000758496 0.0464102 249.699 0.0018819 0.999706 0.0241671 1.32788 -0.0463783 0.0242284 -0.99863 102.199 
-0.999978 -0.00126026 -0.00655655 249.688 -0.00135985 0.999883 0.0152073 1.35314 0.00653662 0.0152158 -0.999863 101.726 
-0.998254 0.00559655 -0.0587941 249.599 0.00502197 0.999938 0.00991586 1.37414 0.058846 0.00960329 -0.998221 101.12 
-0.987687 0.0223953 -0.15483 249.349 0.0214333 0.999739 0.00788046 1.38401 0.154966 0.00446493 -0.98791 100.044 
-0.979944 0.0238833 -0.197838 249.221 0.0224541 0.999703 0.00946443 1.38264 0.198006 0.00483232 -0.980189 99.5455 
-0.96033 0.0196253 -0.278173 248.934 0.016765 0.999779 0.0126579 1.3772 0.27836 0.00749217 -0.960448 98.5971 
-0.923309 0.0273062 -0.383086 248.348 0.023952 0.999622 0.0135236 1.37807 0.383311 0.0033108 -0.923614 97.1988 
-0.869906 0.0223666 -0.49271 247.34 0.0273798 0.999621 -0.00296273 1.36328 0.492457 -0.0160676 -0.870189 95.3535 
-0.845495 0.0223059 -0.533517 246.755 0.0282902 0.999595 -0.00304097 1.36144 0.533233 -0.0176644 -0.845784 94.4468 
-0.821404 0.0361377 -0.5692 245.488 0.0320436 0.999338 0.0172049 1.34466 0.569446 -0.0041071 -0.822019 92.6087 
-0.818551 0.044177 -0.572733 244.833 0.0409533 0.998989 0.0185253 1.34745 0.572973 -0.00829141 -0.819533 91.6846 
-0.826433 0.0533915 -0.560498 244.177 0.0543265 0.99841 0.0150035 1.35496 0.560408 -0.0180505 -0.82802 90.7481 
-0.86395 0.0594284 -0.500059 243 0.0626754 0.997981 0.0103188 1.35404 0.499662 -0.0224264 -0.86593 88.7851 
-0.924365 0.0516654 -0.377995 242.128 0.0518724 0.998607 0.00964145 1.33099 0.377966 -0.0106953 -0.925758 86.7213 
-0.940573 0.0462458 -0.336427 241.98 0.0468491 0.998882 0.00632845 1.3235 0.336343 -0.00980891 -0.941688 86.2053 
-0.956015 0.039315 -0.290672 241.861 0.0401543 0.999189 0.00307916 1.32049 0.290557 -0.008728 -0.956818 85.6844 
-0.970264 0.0272522 -0.240512 241.779 0.0283366 0.999598 -0.00105097 1.31722 0.240387 -0.00783501 -0.970646 85.1618 
-0.991664 -0.000758434 -0.128849 241.72 -0.000718691 1 -0.000354943 1.30257 0.128849 -0.000259381 -0.991664 84.1117 
-0.997486 -0.0118576 -0.0698686 241.731 -0.0119999 0.999927 0.00161801 1.29583 0.0698443 0.00245236 -0.997555 83.5895 
-0.99828 -0.0183158 0.0556938 241.843 -0.0175347 0.999741 0.0144814 1.2932 -0.0559447 0.01348 -0.998343 82.5466 
-0.992386 -0.021233 0.121325 241.95 -0.0184785 0.999546 0.0237839 1.30022 -0.121775 0.0213609 -0.992328 82.0251 
-0.982413 -0.0248307 0.185061 242.089 -0.0189661 0.999262 0.0333934 1.31076 -0.185753 0.0292962 -0.98216 81.537 
-0.950071 -0.037478 0.309774 242.483 -0.0262343 0.99884 0.0403846 1.32725 -0.310928 0.0302415 -0.949952 80.5952 
-0.927306 -0.0325564 0.372886 242.684 -0.0203951 0.999125 0.0365136 1.33767 -0.373749 0.0262542 -0.927158 80.1869 
-0.900434 -0.0205902 0.434506 242.923 -0.00757408 0.99947 0.0316667 1.35596 -0.434927 0.0252228 -0.900112 79.7496 
-0.836477 -0.0120031 0.547871 243.528 0.00490663 0.999556 0.0293902 1.38791 -0.547981 0.0272724 -0.836046 78.8724 
-0.770441 -0.0219321 0.637134 244.215 -0.000676335 0.999436 0.0335858 1.40834 -0.637511 0.025445 -0.770021 78.1186 
-0.738202 -0.0229229 0.67419 244.601 -0.00126968 0.999468 0.0325923 1.41947 -0.674578 0.0232037 -0.737839 77.7355 
-0.679396 -0.019953 0.733501 244.822 0.000704884 0.999612 0.0278447 1.43168 -0.733772 0.0194346 -0.679118 77.4435 
-0.655042 -0.0186092 0.755364 245.057 -0.00015125 0.9997 0.0244975 1.4407 -0.755593 0.0159327 -0.654848 77.2263 
-0.598625 -0.0202011 0.800774 246.941 -0.0112878 0.999795 0.0167835 1.47321 -0.80095 0.00100805 -0.598731 75.8391 
-0.586384 -0.017142 0.809852 247.868 -0.00973559 0.999853 0.0141145 1.48899 -0.809975 0.000392127 -0.586465 75.1619 
-0.584783 -0.0182453 0.810985 250.107 -0.00948443 0.999832 0.0156549 1.51886 -0.811134 0.00146302 -0.584858 73.5582 
-0.587632 -0.00975611 0.809069 252.601 -0.00255645 0.999945 0.010201 1.5566 -0.809124 0.00392609 -0.587624 71.7232 
-0.588129 -0.00910725 0.808716 253.972 -2.62612e-05 0.999937 0.0112416 1.57191 -0.808767 0.00659024 -0.588092 70.7139 
-0.588573 -0.00682623 0.808415 254.729 0.00382423 0.99993 0.0112276 1.58301 -0.808435 0.00969986 -0.588506 70.1349 
-0.583935 -0.00507808 0.811785 257.703 0.0116489 0.999825 0.0146337 1.62443 -0.811717 0.0180015 -0.583774 67.9416 
-0.577908 -0.00357552 0.816094 259.385 0.0128601 0.999826 0.0134873 1.64966 -0.816 0.0182895 -0.577762 66.7239 
-0.569807 -0.00406778 0.821768 263.04 0.0121942 0.999836 0.0134046 1.68021 -0.821688 0.0176589 -0.569664 64.1863 
-0.569472 -0.00792212 0.821972 264.111 0.0140999 0.999712 0.0194037 1.69019 -0.82189 0.0226396 -0.569197 63.434 
-0.569059 -0.00698085 0.822267 264.985 0.0171012 0.999647 0.0203218 1.71346 -0.822119 0.025626 -0.568739 62.8095 
-0.56763 -0.0044736 0.823272 267.852 0.0143865 0.999779 0.0153519 1.76208 -0.823158 0.0205582 -0.56744 60.8519 
-0.568288 -0.00706876 0.822799 268.821 0.010171 0.999826 0.0156145 1.77566 -0.822767 0.0172423 -0.568118 60.1881 
-0.569056 -0.00829188 0.822257 269.785 0.00583482 0.999883 0.0141212 1.78558 -0.822278 0.0128335 -0.568941 59.5329 
-0.569768 -0.00940509 0.821752 271.83 0.00110613 0.999925 0.0122113 1.78279 -0.821805 0.00786656 -0.569715 58.1111 
-0.570264 -0.00931414 0.821409 272.831 0.00214022 0.999915 0.0128241 1.78938 -0.821459 0.00907112 -0.570195 57.3919 
-0.570688 -0.00814213 0.821126 274.638 0.00707374 0.999865 0.0148308 1.79394 -0.821136 0.0142722 -0.570554 56.1194 
-0.570376 -0.00347257 0.821377 275.293 0.0172473 0.99972 0.0162033 1.80735 -0.821203 0.0234085 -0.570156 55.6342 
-0.564547 -0.00515878 0.825385 278.799 0.024151 0.999449 0.0227655 1.83532 -0.825048 0.0327861 -0.564111 53.2432 
-0.557296 -0.00636189 0.83029 282.16 0.0154998 0.999717 0.0180636 1.88821 -0.83017 0.0229361 -0.557039 51.051 
-0.554675 -0.0151415 0.831929 284.915 0.00789455 0.999694 0.0234585 1.8962 -0.83203 0.0195795 -0.554385 49.2287 
-0.553972 -0.019399 0.832309 285.823 0.00323478 0.999671 0.0254528 1.89758 -0.832529 0.0167925 -0.553727 48.6327 
-0.55345 -0.0215118 0.832605 286.718 -0.000908206 0.999681 0.0252248 1.90012 -0.832882 0.0132045 -0.553293 48.044 
-0.552753 -0.0235729 0.833011 287.582 -0.00727702 0.999698 0.0234612 1.90181 -0.833313 0.00690639 -0.552758 47.4813 
-0.552516 -0.0289231 0.833 290.037 -0.0172325 0.999581 0.023277 1.91159 -0.833324 -0.0014938 -0.552783 45.8838 
-0.553068 -0.0319105 0.832525 291.641 -0.0196885 0.999488 0.0252306 1.91421 -0.832903 -0.00243694 -0.553413 44.8312 
-0.553391 -0.0342336 0.832218 293.162 -0.0216521 0.999409 0.0267133 1.91529 -0.83264 -0.00323639 -0.553805 43.8323 
-0.553101 -0.0319274 0.832502 295.944 -0.0193855 0.999488 0.0254521 1.92664 -0.832889 -0.00206085 -0.553437 42.0008 
-0.554406 -0.0333295 0.831579 297.171 -0.0218705 0.999436 0.0254763 1.93091 -0.831959 -0.00406284 -0.554822 41.1946 
-0.56257 -0.038575 0.825849 298.803 -0.0230785 0.999254 0.0309535 1.94296 -0.826428 -0.00164585 -0.56304 40.0973 
-0.577997 -0.0395872 0.815078 300.152 -0.022102 0.999216 0.0328573 1.95271 -0.81574 0.000976571 -0.578419 39.1476 
-0.59885 -0.033283 0.800169 301.211 -0.0193871 0.999446 0.0270626 1.95986 -0.800627 0.000693491 -0.599163 38.345 
-0.620777 -0.0261077 0.783553 302.032 -0.0172699 0.999658 0.0196261 1.9626 -0.783797 -0.00134844 -0.621016 37.679 
-0.64458 -0.0166807 0.764355 302.656 -0.0121681 0.999859 0.0115588 1.95119 -0.76444 -0.00185018 -0.644692 37.1303 
-0.672145 -0.00943325 0.74036 303.231 -0.01092 0.999936 0.00282676 1.94228 -0.740339 -0.00618475 -0.672205 36.595 
-0.708881 -0.00551726 0.705307 303.62 -0.0113695 0.999929 -0.00360521 1.96349 -0.705237 -0.0105747 -0.708893 36.1595 
-0.752365 -0.00806018 0.658698 304.047 -0.00612521 0.999968 0.00523993 1.95002 -0.658718 -9.23225e-05 -0.752389 35.6134 
-0.784683 -0.00418486 0.619884 304.304 -0.00702708 0.999973 -0.0021444 1.94738 -0.619858 -0.00603864 -0.784691 35.2486 
-0.861906 0.00727695 0.507016 304.829 0.00826453 0.999966 -0.000302658 1.93575 -0.507001 0.00392938 -0.861937 34.3218 
-0.972729 -0.000234768 0.231943 305.469 0.00502279 0.999744 0.0220767 1.93188 -0.231889 0.0226396 -0.972479 32.0224 
-0.993845 0.00294139 0.110743 305.522 0.00470266 0.999867 0.0156463 1.9443 -0.110682 0.0160708 -0.993726 31.137 
-0.998978 0.0016573 0.0451775 305.514 0.00217904 0.999931 0.0115018 1.95589 -0.0451553 0.0115885 -0.998913 30.6836 
-0.999767 -0.000250932 -0.0215667 305.479 -0.000465743 0.99995 0.00995586 1.96635 0.0215631 0.00996359 -0.999718 30.2241 
-0.988583 0.00550968 -0.15058 305.299 0.00341905 0.999894 0.0141392 1.97268 0.150642 0.013463 -0.988497 29.2726 
-0.976817 0.0106538 -0.213813 305.167 0.00741939 0.999846 0.0159239 1.97256 0.213949 0.0139683 -0.976745 28.7967 
-0.962163 0.0132241 -0.272152 305.003 0.00918679 0.999828 0.0161035 1.97672 0.272319 0.012994 -0.962119 28.3035 
-0.924509 0.00999346 -0.381029 304.6 0.0065475 0.999925 0.0103391 1.99693 0.381103 0.0070638 -0.924505 27.2739 
-0.881268 0.00903534 -0.472531 303.989 0.00367472 0.999918 0.0122663 2.0043 0.472603 0.00907345 -0.881229 26.1272 
-0.861635 0.0117369 -0.507392 303.713 0.00563896 0.999892 0.0135533 2.0073 0.507497 0.00881688 -0.861609 25.6615 
-0.843848 0.0153495 -0.536363 303.461 0.00937136 0.99986 0.01387 2.01327 0.536501 0.00667774 -0.843874 25.2613 
-0.811158 0.0256234 -0.584266 302.363 0.0209579 0.999672 0.0147447 2.0328 0.584452 -0.00028467 -0.811428 23.6739 
-0.804032 0.0255931 -0.594035 300.522 0.022645 0.999666 0.0124189 2.06382 0.594155 -0.00346672 -0.804343 21.1796 
