0.827521 -0.0369791 0.560216 385.605 0.0395777 0.999188 0.00749315 1.19898 -0.560039 0.0159713 0.828313 140.874 
0.826194 -0.0360577 0.562231 385.708 0.0395231 0.999201 0.0060032 1.19891 -0.561998 0.0172613 0.826958 141.024 
0.823045 -0.0392982 0.566615 388.564 0.0428019 0.999058 0.00711822 1.1313 -0.566361 0.0183936 0.823952 145.208 
0.8225 -0.039765 0.567373 389.156 0.04278 0.999052 0.00800303 1.11877 -0.567154 0.0176897 0.823422 146.072 
0.82023 -0.0406771 0.570585 391.126 0.0407635 0.999089 0.0126266 1.07995 -0.570579 0.0129023 0.821141 148.934 
0.82058 -0.0454639 0.56972 392.056 0.0447295 0.998882 0.0152863 1.06715 -0.569778 0.0129396 0.821697 150.279 
0.842716 -0.0572011 0.535311 393.656 0.0585745 0.998178 0.0144499 1.05124 -0.535162 0.0191784 0.844532 152.692 
0.867319 -0.059912 0.494134 394.322 0.0611009 0.998037 0.0137621 1.04119 -0.493988 0.0182558 0.869277 153.882 
0.928841 -0.0552875 0.366331 395.248 0.0569053 0.998359 0.00639004 1.0143 -0.366083 0.0149108 0.930463 156.071 
0.957736 -0.0466789 0.283835 395.534 0.0470744 0.998877 0.00543129 0.997493 -0.283769 0.00815961 0.958858 157.161 
0.996493 -0.0160277 0.0821292 395.741 0.0150961 0.999815 0.011952 0.976556 -0.0823055 -0.0106702 0.99655 159.346 
0.999502 -0.00497993 -0.0311519 395.665 0.0056292 0.999768 0.0207889 0.982572 0.0310411 -0.0209539 0.999298 160.434 
0.989414 -0.00028243 -0.14512 395.463 0.00413863 0.999646 0.0262712 0.980122 0.145062 -0.0265937 0.989065 161.486 
0.979772 -0.00165043 -0.200111 395.33 0.00719988 0.999609 0.0270073 0.981029 0.199988 -0.0279018 0.979401 161.991 
0.967098 -0.0032157 -0.254384 395.169 0.0100582 0.999622 0.0256022 0.981533 0.254205 -0.0273185 0.966764 162.482 
0.930855 -0.000757819 -0.365388 394.746 0.0108943 0.999611 0.025681 0.991133 0.365226 -0.027886 0.930501 163.438 
0.908496 0.00184368 -0.417889 394.498 0.010058 0.999604 0.0262764 0.994266 0.417772 -0.0280752 0.908118 163.892 
0.854802 0.0063304 -0.518915 393.908 0.00817989 0.999637 0.0256695 1.00109 0.518889 -0.026187 0.85444 164.762 
0.827006 0.00373401 -0.562181 393.599 0.01115 0.999672 0.0230422 0.999451 0.562083 -0.0253243 0.826693 165.166 
0.799445 0.000658265 -0.600739 393.3 0.0135458 0.999725 0.0191217 0.996241 0.600587 -0.0234242 0.799216 165.523 
0.747171 0.0082801 -0.664581 392.557 0.00530071 0.999816 0.0184163 1.00746 0.664611 -0.0172829 0.74699 166.268 
0.701527 0.00574188 -0.712619 391.864 0.00565412 0.999891 0.0136227 1.00598 0.71262 -0.0135859 0.701419 166.908 
0.685197 0.0043176 -0.728345 391.461 0.00605401 0.999914 0.0116228 0.988297 0.728332 -0.0123733 0.685112 167.231 
0.651472 -0.00489382 -0.758657 390.227 0.00549748 0.999983 -0.00172974 0.984504 0.758653 -0.00304382 0.651488 168.223 
0.6387 -0.00222449 -0.769453 389.34 0.0100384 0.999935 0.00544174 0.977892 0.769391 -0.0111997 0.638681 168.97 
0.632933 -0.00602256 -0.774183 387.582 0.0180655 0.999812 0.00699167 0.961639 0.773996 -0.0184113 0.632923 170.366 
0.633238 -0.0121258 -0.773862 386.719 0.0255222 0.999661 0.00522055 0.953851 0.773537 -0.0230565 0.633332 171.051 
0.632758 -0.0135729 -0.774231 385.751 0.028514 0.999577 0.00578032 0.955846 0.773825 -0.0257339 0.632877 171.849 
0.631018 -0.0188079 -0.77554 384.73 0.0371213 0.999293 0.00596955 0.958082 0.774879 -0.0325559 0.63127 172.701 
0.613538 -0.0271152 -0.789199 382.319 0.0512831 0.998669 0.00555629 0.958356 0.787998 -0.0438816 0.614112 174.636 
0.595535 -0.0268177 -0.802882 381.121 0.055496 0.998428 0.00781469 0.956794 0.80141 -0.0492107 0.596087 175.597 
0.578965 -0.0216766 -0.815064 379.78 0.0507918 0.998664 0.00951957 0.964442 0.813769 -0.0469101 0.579292 176.54 
0.551405 -0.0196777 -0.834006 376.748 0.0330302 0.999453 -0.00174323 0.948391 0.833584 -0.0265862 0.551753 178.436 
0.547728 -0.00867461 -0.836612 375.252 0.0205998 0.999783 0.00312014 0.917826 0.836403 -0.018943 0.547788 179.385 
0.572863 0.00241811 -0.819648 371.459 0.00146874 0.999991 0.00397668 0.8618 0.81965 -0.00348194 0.572854 181.9 
0.60013 0.00783491 -0.799864 369.326 -0.000568209 0.999956 0.00936855 0.832527 0.799902 -0.00516786 0.600108 183.438 
0.618571 0.00453768 -0.785715 367.947 0.00105505 0.999978 0.0066057 0.815596 0.785728 -0.00491507 0.618553 184.501 
0.646027 0.00239848 -0.763311 365.934 0.00509761 0.999959 0.00745644 0.794598 0.763297 -0.00870813 0.645989 186.149 
0.653922 0.000214114 -0.756562 365.261 0.00756457 0.999948 0.00682131 0.784812 0.756524 -0.0101837 0.653886 186.715 
0.663947 -0.00516529 -0.747762 364.008 0.0122371 0.999917 0.00395842 0.767208 0.74768 -0.0117787 0.663955 187.807 
0.665063 -0.00590232 -0.746764 363.543 0.00891084 0.99996 3.23769e-05 0.760661 0.746734 -0.00667583 0.665089 188.275 
0.665286 -0.00840259 -0.746541 362.269 0.0076767 0.999961 -0.00441376 0.753628 0.746549 -0.00279456 0.665324 189.451 
0.658598 -0.00498756 -0.752478 359.514 0.00816975 0.999966 0.000522525 0.714749 0.75245 -0.00649169 0.658617 191.875 
0.655692 -0.00173357 -0.755026 358.066 0.00707267 0.999968 0.00384619 0.697566 0.754995 -0.00786197 0.655683 193.113 
0.655459 0.00287868 -0.755225 356.636 -0.000966184 0.999995 0.00297312 0.684124 0.75523 -0.00121907 0.655459 194.325 
0.679392 0.0125394 -0.733668 353.746 -0.0211255 0.999774 -0.00247506 0.635976 0.733471 0.0171806 0.679504 196.846 
0.689682 0.0103006 -0.724039 352.96 -0.0225389 0.99972 -0.00724681 0.616108 0.723761 0.0213171 0.689721 197.536 
0.731558 0.0128159 -0.681659 351.034 -0.0186505 0.999825 -0.00121798 0.564909 0.681525 0.0136043 0.731669 199.512 
0.760356 0.00962064 -0.649435 349.86 -0.0132144 0.999912 -0.000658813 0.533354 0.649372 0.00908283 0.760417 200.86 
0.773802 0.0044708 -0.633412 349.308 -0.00777726 0.999967 -0.00244297 0.520091 0.63338 0.00681659 0.773811 201.545 
0.798707 0.000463358 -0.60172 348.268 -0.000684559 1 -0.00013861 0.493605 0.601719 0.000522621 0.798707 202.911 
0.825665 -0.00532389 -0.564136 346.788 0.00735227 0.999972 0.00132373 0.460299 0.564113 -0.00524063 0.825681 205.025 
0.83173 -0.0011647 -0.555179 346.301 0.00901369 0.999894 0.011406 0.456339 0.555107 -0.0144909 0.831653 205.757 
0.839893 0.00231087 -0.542747 344.828 0.00918425 0.999787 0.0184693 0.466331 0.542675 -0.020497 0.839693 208.01 
0.840225 -0.00622146 -0.542202 344.418 0.0114765 0.999914 0.00631106 0.471813 0.542117 -0.0115253 0.840224 208.642 
0.841359 -0.00805477 -0.540416 342.412 0.0122904 0.999916 0.00423104 0.438783 0.540336 -0.0102017 0.841387 211.728 
0.852452 -0.00495854 -0.522782 340.943 0.0120228 0.999877 0.0101207 0.425208 0.522667 -0.0149127 0.852406 214.057 
0.858581 -0.00580061 -0.512645 340.495 0.0106976 0.999921 0.00660221 0.423562 0.512567 -0.0111526 0.858575 214.792 
0.886871 -0.0198402 -0.461591 338.733 0.0166094 0.999801 -0.0110613 0.397791 0.461719 0.00214319 0.887024 217.986 
0.896136 -0.021191 -0.443274 337.847 0.0176469 0.999771 -0.0121192 0.362985 0.443429 0.00303799 0.896304 219.749 
0.900465 -0.0218256 -0.434381 336.076 0.0222459 0.999744 -0.00411694 0.298022 0.43436 -0.00595605 0.90072 223.392 
0.901147 -0.0196063 -0.43307 335.716 0.0202603 0.99979 -0.00310491 0.285311 0.433039 -0.00597613 0.901355 224.117 
0.902172 -0.0150098 -0.431116 334.848 0.0153829 0.999878 -0.00262102 0.250545 0.431102 -0.0042672 0.902293 225.892 
0.922286 0.00566305 -0.386467 332.312 -0.00433107 0.999981 0.0043172 0.150265 0.386485 -0.00230787 0.922293 231.371 
0.937798 0.00880164 -0.347071 331.23 -0.00773756 0.99996 0.00445161 0.117578 0.347096 -0.00148923 0.937828 234.114 
0.947969 0.00870472 -0.318243 330.603 -0.00927192 0.999957 -0.000267542 0.092526 0.318227 0.00320434 0.948009 235.9 
0.961448 0.0100422 -0.274803 329.758 -0.0100674 0.999948 0.00131868 0.0498942 0.274802 0.00149871 0.9615 238.657 
0.965347 0.00837813 -0.260835 329.51 -0.00826648 0.999965 0.00152513 0.0352942 0.260838 0.000683904 0.965382 239.568 
0.968636 0.00624951 -0.248405 329.278 -0.00619573 0.99998 0.000998261 0.0221467 0.248406 0.000572097 0.968656 240.474 
0.971178 0.00324729 -0.238335 329.064 -0.00326112 0.999995 0.000336275 0.0110914 0.238335 0.000450657 0.971183 241.358 
0.974864 -0.00624023 -0.222714 328.452 0.00654348 0.999978 0.000623674 -0.0295868 0.222706 -0.00206532 0.974884 244.024 
0.974868 -0.0116473 -0.222479 328.055 0.0120195 0.999928 0.000319266 -0.0564262 0.222459 -0.00298533 0.974937 245.767 
0.973168 -0.0143085 -0.229652 327.663 0.0149638 0.999887 0.00111216 -0.0864449 0.22961 -0.00451877 0.973272 247.438 
0.970057 -0.0174019 -0.242252 327.27 0.018271 0.999832 0.00134141 -0.117189 0.242188 -0.00572743 0.970212 249.02 
0.964586 -0.0154348 -0.263315 326.482 0.0168328 0.999854 0.00305413 -0.170854 0.26323 -0.00737832 0.964705 251.89 
0.963824 -0.016027 -0.266057 326.104 0.0158872 0.99987 -0.0026779 -0.197723 0.266065 -0.00164588 0.963954 253.219 
0.965255 -0.0229829 -0.260296 325.749 0.0203621 0.999711 -0.0127608 -0.230852 0.260514 0.00701726 0.965444 254.532 
0.96771 -0.0239455 -0.250927 325.405 0.0227401 0.999712 -0.00770276 -0.251136 0.25104 0.00174792 0.967975 255.857 
0.9733 -0.0134091 -0.229145 324.752 0.0144678 0.999891 0.00294089 -0.292329 0.22908 -0.0061776 0.973388 258.472 
0.974861 -0.0116671 -0.222508 324.44 0.0107125 0.999928 -0.0054967 -0.300079 0.222556 0.00297489 0.974915 259.785 
0.975797 -0.00861384 -0.218508 324.122 0.00726563 0.999949 -0.00697287 -0.324147 0.218557 0.00521651 0.97581 261.155 
0.974616 -0.00636651 -0.223794 323.466 0.00808778 0.999944 0.00677554 -0.356666 0.223738 -0.00841354 0.974613 264.01 
0.973101 -0.00688712 -0.230275 323.293 0.00963901 0.999895 0.0108276 -0.360748 0.230177 -0.012756 0.973065 264.719 
0.9647 0.00641459 -0.263274 322.471 -0.00428273 0.999953 0.00867059 -0.357486 0.263317 -0.00723699 0.964682 267.702 
0.962901 0.0119031 -0.269591 322.243 -0.00989406 0.999912 0.00880988 -0.364996 0.269672 -0.00581569 0.962935 268.456 
0.961565 0.0202856 -0.273826 322.003 -0.0203268 0.99979 0.00268711 -0.365666 0.273822 0.00298215 0.961776 269.215 
0.960612 0.0257918 -0.276695 321.758 -0.0284266 0.999581 -0.005515 -0.366429 0.276437 0.0131633 0.960942 269.986 
0.959491 0.0338653 -0.279696 321.51 -0.0380083 0.999233 -0.00940027 -0.372792 0.279163 0.0196502 0.960043 270.756 
0.9589 0.033533 -0.281755 321.266 -0.0375846 0.999253 -0.00898632 -0.382741 0.281243 0.0192066 0.959444 271.558 
0.957631 0.0323209 -0.286179 320.246 -0.0349737 0.99938 -0.00416171 -0.424772 0.285867 0.0139941 0.958167 274.906 
0.9598 0.0303545 -0.27904 319.221 -0.0315189 0.999503 0.000313756 -0.463347 0.278911 0.00849389 0.960279 278.347 
0.960541 0.0378388 -0.275551 318.674 -0.0396369 0.999214 -0.000957474 -0.474775 0.275299 0.0118417 0.961286 280.17 
0.962361 0.04578 -0.267893 317.582 -0.0433806 0.998948 0.0148717 -0.496643 0.268292 -0.00269062 0.963334 283.956 
0.962116 0.0542984 -0.267179 316.758 -0.0537783 0.99851 0.00926902 -0.49458 0.267284 0.00545056 0.963602 286.79 
0.961559 0.057695 -0.268468 316.479 -0.0586341 0.998269 0.00452574 -0.494823 0.268264 0.0113896 0.963278 287.73 
0.960945 0.0582183 -0.270545 316.204 -0.0586474 0.998258 0.00650503 -0.499838 0.270453 0.00961579 0.962685 288.678 
0.958776 0.041931 -0.281051 315.39 -0.0420468 0.9991 0.00562086 -0.515902 0.281034 0.00642818 0.959676 291.511 
0.956642 0.0273664 -0.289979 314.557 -0.02748 0.999616 0.00368081 -0.542211 0.289968 0.0044474 0.957026 294.303 
0.956943 0.0306085 -0.288657 314.263 -0.0300696 0.999528 0.00630183 -0.54667 0.288714 0.00264932 0.957412 295.24 
0.957238 0.0346544 -0.287217 313.971 -0.0328338 0.999399 0.0111544 -0.551945 0.287431 -0.00124697 0.9578 296.178 
0.957527 0.0404229 -0.285496 313.681 -0.0379345 0.999179 0.0142431 -0.555743 0.285837 -0.00280798 0.958274 297.106 
0.958161 0.0427996 -0.283011 313.397 -0.0399951 0.999077 0.0156825 -0.555157 0.283421 -0.00370728 0.958988 298.034 
0.958807 0.0527899 -0.279111 312.828 -0.0508489 0.998605 0.0141951 -0.552484 0.279471 0.000582138 0.960154 299.877 
0.959721 0.0475201 -0.276905 312.562 -0.0471 0.998857 0.00817195 -0.557747 0.276977 0.00519944 0.960862 300.782 
0.96144 0.0442704 -0.271429 311.767 -0.0464019 0.998922 -0.00143692 -0.584127 0.271073 0.0139764 0.962457 303.51 
0.961603 0.0468634 -0.270415 311.229 -0.0460944 0.998895 0.00919705 -0.604414 0.270547 0.00362072 0.9627 305.381 
0.9614 0.0431363 -0.271751 310.701 -0.0438914 0.999031 0.00330176 -0.620232 0.27163 0.00875322 0.962362 307.212 
0.960802 0.0488938 -0.272889 309.914 -0.0501965 0.998737 0.00220994 -0.657649 0.272653 0.0115748 0.962043 309.873 
0.961578 0.0454487 -0.270743 309.422 -0.0444801 0.998963 0.00971569 -0.681842 0.270904 0.00270028 0.962603 311.589 
0.962324 0.0428227 -0.26851 309.184 -0.0441999 0.999022 0.000916998 -0.694943 0.268287 0.0109857 0.963276 312.414 
0.967384 0.0336789 -0.251067 308.336 -0.0321317 0.999431 0.0102605 -0.756533 0.251269 -0.00185869 0.967915 315.582 
0.969782 0.0353966 -0.241391 307.955 -0.0337822 0.999371 0.0108244 -0.774073 0.241623 -0.00234256 0.970367 317.034 
0.971337 0.0249898 -0.236389 307.63 -0.027441 0.999598 -0.0070846 -0.794489 0.236117 0.0133683 0.971633 318.381 
0.971102 0.0148156 -0.238204 307.325 -0.0167864 0.99984 -0.00624684 -0.817686 0.238073 0.0100649 0.971195 319.655 
0.965603 0.00157334 -0.260016 307.024 -0.00193579 0.999997 -0.00113789 -0.845933 0.260014 0.00160208 0.965604 320.851 
0.924213 -0.0228812 -0.381191 306.226 0.0241027 0.999708 -0.00157027 -0.884478 0.381116 -0.00773645 0.924495 323.091 
0.887892 -0.0133634 -0.459857 305.66 0.0145518 0.999894 -0.000960248 -0.90143 0.459821 -0.00583914 0.887992 324.105 
0.845272 -0.0195262 -0.53398 305.032 0.0165478 0.999809 -0.0103657 -0.928889 0.534081 -7.43597e-05 0.845433 325.053 
0.821528 -0.0225363 -0.569723 304.687 0.0160555 0.999737 -0.0163944 -0.942362 0.569943 0.00432122 0.821673 325.507 
0.796425 -0.0224766 -0.604319 304.313 0.0149023 0.999735 -0.0175438 -0.95228 0.604553 0.00496656 0.796549 325.951 
0.742341 -0.0162756 -0.669825 303.498 0.011233 0.999867 -0.011846 -0.972522 0.669928 0.0012696 0.742425 326.811 
0.717 -0.00809106 -0.697026 303.067 0.00529676 0.999967 -0.00615904 -0.987084 0.697053 0.000724046 0.717019 327.213 
0.671564 0.00416429 -0.740935 302.131 -0.00344742 0.999991 0.00249563 -0.998713 0.740938 0.000878337 0.671572 328.015 
0.653194 0.00909821 -0.757136 301.651 -0.00847203 0.999953 0.00470708 -1.00076 0.757143 0.00333984 0.653241 328.399 
0.639567 0.0172518 -0.768542 301.168 -0.017009 0.999821 0.00828884 -1.0064 0.768547 0.00777089 0.639746 328.764 
0.619277 0.0297524 -0.784609 299.601 -0.0412691 0.999134 0.00531421 -1.0096 0.784087 0.0290892 0.619968 329.932 
0.61825 0.0287208 -0.785457 299.103 -0.0421368 0.999106 0.00336619 -1.01093 0.784851 0.0310155 0.618908 330.316 
0.625786 0.0354302 -0.77919 297.56 -0.0434559 0.999 0.0105246 -1.01416 0.778783 0.0272742 0.6267 331.529 
0.644544 0.0167374 -0.764384 295.381 -0.0434668 0.998946 -0.0147785 -1.04144 0.763331 0.0427507 0.644592 333.324 
0.664139 0.0366377 -0.746711 293.134 -0.053891 0.998546 0.00106245 -1.09025 0.745664 0.0395354 0.665148 335.253 
0.667726 0.0358125 -0.743545 292.573 -0.0569297 0.998374 -0.00303833 -1.09655 0.742227 0.0443586 0.668679 335.747 
0.672021 0.024803 -0.740116 291.457 -0.0453728 0.99894 -0.00772146 -1.11642 0.73914 0.0387702 0.672435 336.771 
0.671645 0.0347265 -0.740059 289.727 -0.0525994 0.998615 -0.000877855 -1.14711 0.739004 0.0395162 0.672541 338.311 
0.670028 0.0333087 -0.741588 289.154 -0.0499795 0.99875 -0.000297523 -1.15432 0.740652 0.0372636 0.670855 338.829 
0.667571 0.0413764 -0.743396 286.823 -0.0543406 0.998499 0.00677715 -1.18321 0.742561 0.0358724 0.668818 340.886 
0.665693 0.0324741 -0.745519 284.454 -0.0497164 0.998763 -0.000887853 -1.20494 0.744568 0.0376555 0.666484 342.994 
0.666353 0.0348369 -0.744822 283.856 -0.055228 0.99847 -0.002709 -1.20482 0.743588 0.0429402 0.667258 343.514 
0.668177 0.0374487 -0.743059 282.66 -0.0527375 0.998604 0.00290484 -1.22376 0.742131 0.0372461 0.66922 344.584 
0.674745 0.0327387 -0.737325 280.228 -0.0594602 0.99818 -0.0100923 -1.26325 0.735652 0.0506512 0.675463 346.759 
0.679381 0.0289914 -0.733213 278.373 -0.0519852 0.99861 -0.00868316 -1.31123 0.731942 0.0440154 0.679943 348.468 
0.680313 0.0296238 -0.732323 276.28 -0.0437142 0.999044 -0.000196384 -1.35407 0.731617 0.0321465 0.680957 350.403 
0.677592 0.0184206 -0.735207 273.676 -0.0301258 0.999542 -0.00272149 -1.39704 0.73482 0.0239928 0.677837 352.815 
0.671159 0.0255023 -0.740874 271.714 -0.0354731 0.999368 0.002265 -1.42839 0.740464 0.024761 0.67164 354.568 
0.668645 0.0134131 -0.743461 270.395 -0.0370291 0.999197 -0.0152758 -1.45711 0.742659 0.0377438 0.668605 355.735 
0.666501 0.0255599 -0.745066 269.06 -0.043315 0.999051 -0.00447455 -1.48501 0.744245 0.0352549 0.666976 356.902 
0.668171 0.0344443 -0.74321 267.773 -0.0441501 0.999003 0.0066067 -1.51471 0.742697 0.0283984 0.669025 358.041 
0.671437 0.0355665 -0.740207 265.197 -0.0539545 0.998543 -0.000962415 -1.54992 0.739095 0.0405837 0.672378 360.318 
0.672365 0.03849 -0.739218 263.895 -0.0494172 0.998753 0.00705563 -1.56811 0.738568 0.0317861 0.673429 361.496 
0.672198 0.0330432 -0.739634 263.253 -0.0456178 0.998954 0.00316971 -1.57566 0.738965 0.0316098 0.673002 362.078 
0.671258 0.0222069 -0.740891 261.97 -0.0396213 0.999197 -0.0059483 -1.58963 0.740164 0.0333479 0.671599 363.241 
0.669588 0.0293777 -0.742152 259.264 -0.0406354 0.99917 0.0028893 -1.62863 0.741621 0.028223 0.670225 365.657 
0.669574 0.0318904 -0.74206 258.587 -0.045111 0.998979 0.00222717 -1.63308 0.741374 0.0319838 0.67033 366.251 
0.669894 0.0331212 -0.741718 257.915 -0.0459959 0.998937 0.00306538 -1.6394 0.741031 0.0320625 0.670705 366.848 
0.670997 0.0344511 -0.740659 257.244 -0.04983 0.998757 0.00131295 -1.65196 0.739783 0.0360261 0.67188 367.441 
0.672361 0.0362315 -0.739337 256.567 -0.053012 0.998594 0.000726788 -1.65786 0.738323 0.038705 0.673336 368.04 
0.673897 0.0360773 -0.737944 255.891 -0.0498302 0.998752 0.00332252 -1.66081 0.737143 0.0345328 0.674854 368.652 
0.675444 0.0352147 -0.73657 255.212 -0.0447646 0.998975 0.00671037 -1.67169 0.736052 0.0284398 0.676328 369.275 
0.677805 0.0238576 -0.734854 253.889 -0.0396926 0.999203 -0.00417133 -1.68938 0.734169 0.0319957 0.678212 370.485 
0.67988 0.030135 -0.732704 252.214 -0.0433775 0.999058 0.000839526 -1.71276 0.732039 0.0312121 0.680547 372.006 
0.681808 0.0443197 -0.730187 250.796 -0.0537742 0.998499 0.0103938 -1.73173 0.729552 0.0321787 0.683168 373.281 
0.683307 0.0371305 -0.729186 248.739 -0.0574284 0.998345 -0.00297883 -1.75247 0.727869 0.0439114 0.684309 375.169 
0.683134 0.0294562 -0.729699 248.075 -0.0523633 0.99859 -0.00871109 -1.76465 0.728414 0.0441603 0.683713 375.792 
0.681281 0.0325792 -0.731297 246.716 -0.047942 0.99885 -0.000164384 -1.79439 0.73045 0.0351718 0.682059 377.055 
0.677911 0.0281384 -0.734605 245.189 -0.0494214 0.998751 -0.00735099 -1.82662 0.733481 0.0412885 0.678455 378.433 
0.676114 0.0256521 -0.736351 244.583 -0.0490393 0.998744 -0.0102346 -1.83803 0.735164 0.0430299 0.676523 378.982 
0.668591 0.0250537 -0.743208 240.612 -0.0459159 0.998916 -0.00763235 -1.92895 0.742211 0.039228 0.669017 382.54 
0.664481 0.0343624 -0.746514 238.644 -0.0472868 0.998874 0.00388804 -1.97314 0.745807 0.0327168 0.665358 384.268 
0.663 0.0288156 -0.748064 238.025 -0.0418775 0.999122 0.00137089 -1.98217 0.747447 0.0304182 0.663625 384.824 
0.660423 0.0284238 -0.750356 236.755 -0.043365 0.999059 -0.000322727 -2.00596 0.749641 0.0327523 0.661034 385.929 
0.65932 0.0310909 -0.751219 236.166 -0.0436895 0.999041 0.00300272 -2.01226 0.750592 0.0308406 0.660046 386.438 
0.659683 0.040106 -0.750474 234.953 -0.0448265 0.998897 0.0139785 -2.03251 0.750206 0.0244198 0.660753 387.487 
0.659799 0.0363518 -0.750563 234.421 -0.0436402 0.998997 0.0100213 -2.03817 0.750174 0.0261427 0.660723 387.952 
0.662639 0.0267131 -0.748462 232.752 -0.043888 0.999031 -0.00319948 -2.06195 0.747652 0.0349686 0.66317 389.404 
0.665118 0.0255315 -0.746302 232.261 -0.0412659 0.999145 -0.00259556 -2.07425 0.745598 0.0325232 0.665602 389.842 
0.679425 0.0245678 -0.733333 230.738 -0.0410006 0.999149 -0.00451367 -2.11501 0.732598 0.0331338 0.679855 391.223 
0.703737 0.0229391 -0.710091 229.421 -0.0358409 0.999352 -0.00323667 -2.15331 0.709556 0.027728 0.704103 392.495 
0.736911 0.0224269 -0.675618 227.745 -0.0193993 0.999739 0.0120268 -2.19549 0.675711 0.00424385 0.737154 394.312 
0.751129 0.0134929 -0.660018 227.04 -0.0101761 0.999909 0.00886053 -2.20932 0.660077 6.09788e-05 0.751198 395.137 
0.764303 0.00526579 -0.644836 226.396 -0.00437064 0.999986 0.00298559 -2.21635 0.644843 0.000536453 0.764315 395.922 
0.779039 -0.00345516 -0.626966 225.03 0.008864 0.999946 0.00550339 -2.25303 0.626913 -0.00984478 0.779027 397.648 
0.741844 -0.00786981 -0.670526 223.766 0.00758897 0.999966 -0.00334022 -2.28195 0.67053 -0.00261068 0.741878 399.062 
0.712529 -0.00895428 -0.701585 223.372 0.00938343 0.999951 -0.0032325 -2.29058 0.701579 -0.00428002 0.712578 399.428 
0.672315 -0.00587312 -0.740242 222.96 0.00653907 0.999977 -0.00199485 -2.29149 0.740236 -0.00349932 0.672338 399.746 
0.621118 0.000555197 -0.783717 222.524 0.00314426 0.99999 0.00320032 -2.28989 0.783711 -0.00445198 0.62111 400.028 
0.560736 0.0100172 -0.827934 222.066 -0.00208793 0.999941 0.0106843 -2.29107 0.827992 -0.00426238 0.560724 400.269 
0.4857 0.0185352 -0.873929 221.589 -0.0139753 0.999812 0.0134381 -2.29337 0.874014 0.00568649 0.485867 400.448 
0.290677 0.0139558 -0.956719 220.513 -0.0124708 0.999864 0.0107962 -2.29302 0.95674 0.00879287 0.290812 400.703 
0.111309 0.00645533 -0.993765 219.557 0.00303236 0.999972 0.0068353 -2.28214 0.993781 -0.00377428 0.111287 400.757 
-0.0154513 0.00354897 -0.999874 218.89 -0.00943034 0.999949 0.00369496 -2.27992 0.999836 0.00948625 -0.015417 400.651 
-0.0800957 0.00484914 -0.996775 218.54 -0.0141183 0.999882 0.00599873 -2.27855 0.996687 0.0145533 -0.0800179 400.565 
-0.211643 0.00703557 -0.977322 217.826 -0.00921932 0.999915 0.00919471 -2.26392 0.977303 0.0109562 -0.211561 400.357 
-0.271663 0.0105948 -0.962334 217.483 -0.0131202 0.999806 0.0147111 -2.26127 0.962303 0.0166224 -0.271471 400.213 
-0.327601 0.0125251 -0.944733 217.166 -0.0191617 0.999618 0.0198974 -2.26189 0.944622 0.0246212 -0.327236 400.056 
-0.42744 0.00693285 -0.904017 216.63 -0.0270869 0.999423 0.0204718 -2.25178 0.903638 0.0332375 -0.427005 399.757 
-0.47016 0.00208346 -0.882579 216.623 -0.0329647 0.999258 0.0199196 -2.2506 0.881965 0.0384594 -0.469742 399.788 
-0.580946 -0.00989516 -0.813882 215.036 -0.0403009 0.999049 0.0166202 -2.20695 0.812944 0.0424556 -0.580792 398.687 
-0.620584 -0.0115286 -0.784055 214.15 -0.0388998 0.999113 0.0160986 -2.18964 0.783174 0.0404902 -0.620483 398.001 
-0.694588 -0.0170839 -0.719204 211.937 -0.0379531 0.999196 0.0129194 -2.13787 0.718405 0.0362697 -0.694678 395.924 
-0.727594 -0.0300926 -0.685347 210.263 -0.0471545 0.998868 0.00620232 -2.08607 0.684385 0.03683 -0.72819 394.105 
-0.737951 -0.0200741 -0.674555 209.78 -0.0429581 0.998928 0.0172682 -2.08684 0.673485 0.0417207 -0.738022 393.584 
-0.750141 -0.0150718 -0.661106 208.739 -0.0393113 0.998989 0.0218308 -2.07377 0.660108 0.0423651 -0.749975 392.401 
-0.753837 -0.0214998 -0.65671 208.231 -0.0437744 0.998887 0.0175464 -2.05403 0.655602 0.0419742 -0.753939 391.797 
-0.756232 -0.0271323 -0.653741 207.698 -0.0474882 0.998781 0.0134806 -2.03684 0.652578 0.0412395 -0.756598 391.157 
-0.758443 -0.0305672 -0.651022 206.54 -0.0528416 0.998495 0.0146787 -2.0155 0.649594 0.045534 -0.758917 389.776 
-0.758227 -0.030115 -0.651295 205.998 -0.0497927 0.99869 0.0117898 -2.00753 0.650087 0.0413691 -0.758733 389.143 
-0.75718 -0.0284098 -0.652588 205.398 -0.0458046 0.998904 0.00965945 -2.00095 0.651598 0.0372055 -0.757651 388.45 
-0.753672 -0.0283547 -0.656638 204.148 -0.0476523 0.998797 0.0115644 -1.98593 0.655521 0.0400061 -0.754117 386.987 
-0.752156 -0.019342 -0.658702 203.53 -0.0417919 0.998957 0.0183881 -1.97915 0.657659 0.0413591 -0.75218 386.285 
-0.746803 -0.01434 -0.664891 201.547 -0.0352047 0.999218 0.0179912 -1.9481 0.664113 0.0368432 -0.746724 384.038 
-0.744535 -0.0164024 -0.667381 200.917 -0.0326161 0.999398 0.0118243 -1.94607 0.666786 0.030571 -0.744622 383.333 
-0.740162 -0.00525364 -0.672408 198.232 -0.0257328 0.999458 0.0205168 -1.93405 0.671936 0.0324886 -0.739897 380.353 
-0.739655 -0.005826 -0.672961 196.851 -0.0272876 0.9994 0.0213398 -1.91096 0.672433 0.0341476 -0.73937 378.818 
-0.740037 -0.0125787 -0.672448 194.038 -0.0310334 0.999399 0.0154582 -1.89958 0.671849 0.032308 -0.739983 375.677 
-0.740446 -0.0108917 -0.672027 193.348 -0.0326688 0.99927 0.0197994 -1.893 0.671321 0.0366147 -0.740262 374.906 
-0.740763 -0.0154678 -0.671589 191.963 -0.0398265 0.998988 0.0209203 -1.87243 0.670585 0.042244 -0.740629 373.341 
-0.741766 -0.0159196 -0.67047 191.259 -0.0462627 0.998551 0.0274727 -1.85501 0.669061 0.051396 -0.741428 372.54 
-0.743256 -0.0157009 -0.668822 189.876 -0.049128 0.998306 0.0311598 -1.82506 0.6672 0.0560177 -0.742769 370.976 
-0.744671 -0.0195792 -0.667144 187.836 -0.0465645 0.998658 0.0226672 -1.77655 0.665805 0.0479448 -0.744584 368.668 
-0.743227 -0.0183432 -0.668787 185.758 -0.0406922 0.999013 0.017821 -1.75553 0.6678 0.0404595 -0.74324 366.343 
-0.739047 -0.0284592 -0.673052 183.682 -0.0534885 0.998432 0.0165157 -1.73307 0.671527 0.0482064 -0.73941 363.997 
-0.736231 -0.0295054 -0.676086 182.988 -0.0551121 0.998345 0.0164456 -1.7248 0.674482 0.0493683 -0.736639 363.222 
-0.734474 -0.0302784 -0.677961 182.287 -0.0608285 0.99792 0.0213309 -1.71792 0.675905 0.0569063 -0.734788 362.438 
-0.73229 -0.0253226 -0.680522 181.574 -0.0610272 0.997728 0.0285437 -1.70262 0.678253 0.0624326 -0.732171 361.654 
-0.73162 -0.0201013 -0.681416 180.144 -0.0528855 0.998226 0.0273348 -1.67371 0.679658 0.0560357 -0.731385 360.115 
-0.732703 -0.0183753 -0.6803 179.426 -0.0427974 0.998901 0.0191131 -1.65916 0.679201 0.0431193 -0.732685 359.355 
-0.73615 -0.0144942 -0.676664 178.017 -0.043332 0.998729 0.0257485 -1.63716 0.67543 0.0482759 -0.735842 357.808 
-0.738282 -0.0125929 -0.674374 177.315 -0.0445141 0.998556 0.0300861 -1.62426 0.673021 0.0522312 -0.737777 357.029 
-0.73971 -0.016093 -0.672734 176.624 -0.0473113 0.998484 0.028136 -1.60858 0.671261 0.0526404 -0.73935 356.25 
-0.741175 -0.0277251 -0.670739 175.947 -0.0518216 0.998528 0.0159893 -1.59739 0.669308 0.0466096 -0.741521 355.478 
-0.744151 -0.033882 -0.667151 174.569 -0.0528695 0.998567 0.00825824 -1.59019 0.665916 0.0414173 -0.744877 353.916 
-0.745251 -0.0293439 -0.666138 173.875 -0.0536081 0.998434 0.015993 -1.59267 0.664625 0.0476292 -0.745657 353.125 
-0.746237 -0.0337539 -0.664824 171.836 -0.0589323 0.998142 0.0154722 -1.57374 0.663066 0.0507255 -0.74684 350.782 
-0.745306 -0.0367637 -0.665708 171.163 -0.061095 0.998044 0.0132832 -1.56793 0.663917 0.0505715 -0.746094 350.009 
-0.7415 -0.0271625 -0.670403 168.428 -0.0543911 0.998325 0.0197104 -1.55994 0.668745 0.0510792 -0.741735 346.934 
-0.739585 -0.0269313 -0.672524 166.374 -0.0482386 0.998751 0.0130536 -1.55116 0.671332 0.0420958 -0.73996 344.651 
-0.737063 -0.0201673 -0.675523 164.303 -0.0456545 0.998757 0.0199963 -1.53103 0.674281 0.0455792 -0.737067 342.363 
-0.734396 -0.035095 -0.677813 162.949 -0.0460878 0.998936 -0.00178658 -1.52664 0.677154 0.0299269 -0.735232 340.87 
-0.732491 -0.0301798 -0.680107 162.254 -0.04572 0.998942 0.00491343 -1.53496 0.679239 0.0346935 -0.733096 340.111 
-0.728121 -0.0153987 -0.685275 160.848 -0.0439174 0.998742 0.0242207 -1.53267 0.68404 0.0477311 -0.727881 338.595 
-0.725921 -0.012428 -0.687666 160.142 -0.041413 0.998812 0.0256656 -1.52231 0.68653 0.0471095 -0.725573 337.846 
-0.720435 -0.0198709 -0.693238 158.735 -0.0400591 0.999113 0.0129922 -1.50659 0.692365 0.0371305 -0.720592 336.366 
-0.708104 -0.0158218 -0.70593 156.586 -0.0381786 0.999144 0.0159027 -1.50238 0.705075 0.0382122 -0.708103 334.161 
-0.699808 -0.00709742 -0.714296 155.136 -0.0310304 0.999309 0.0204717 -1.4917 0.713657 0.0364912 -0.699544 332.731 
-0.696378 -0.00337793 -0.717667 154.406 -0.0286245 0.999324 0.0230717 -1.4872 0.717104 0.0366095 -0.696004 332.025 
-0.688733 0.00141198 -0.725014 152.951 -0.0191934 0.999612 0.0201797 -1.46868 0.724761 0.0278139 -0.688439 330.642 
-0.686307 -0.00308634 -0.727306 152.236 -0.0262764 0.999443 0.020554 -1.46147 0.726837 0.0332174 -0.686006 329.948 
-0.681463 -0.0107874 -0.731773 150.801 -0.0311555 0.999413 0.0142807 -1.45184 0.731189 0.0325305 -0.681398 328.582 
-0.680099 -0.0129077 -0.733007 150.084 -0.0336461 0.999341 0.0136198 -1.44695 0.732348 0.0339256 -0.680085 327.902 
-0.679793 -0.010759 -0.733325 149.361 -0.033308 0.999314 0.0162151 -1.44497 0.732647 0.0354485 -0.679685 327.221 
-0.682112 -0.00273463 -0.731242 147.913 -0.0226026 0.999594 0.0173458 -1.43962 0.730898 0.0283598 -0.681897 325.878 
-0.684194 0.00223191 -0.729297 147.187 -0.0169755 0.999676 0.018985 -1.43334 0.729103 0.0253697 -0.683934 325.202 
-0.689612 0.00634711 -0.724151 145.777 -0.0153733 0.999608 0.0234015 -1.4242 0.724016 0.0272705 -0.689244 323.854 
-0.692485 0.00485854 -0.721416 145.06 -0.0139545 0.9997 0.0201276 -1.41726 0.721297 0.024005 -0.69221 323.158 
-0.696687 9.34937e-05 -0.717375 143.668 -0.00921507 0.999916 0.00907963 -1.41071 0.717316 0.0129363 -0.696628 321.805 
-0.699845 0.026298 -0.713811 141.611 0.00831319 0.999554 0.0286747 -1.40292 0.714247 0.0141338 -0.699751 319.805 
-0.699101 0.0334121 -0.714242 139.641 0.0204369 0.999433 0.0267497 -1.36961 0.714731 0.00410385 -0.699388 317.89 
-0.696207 0.0270664 -0.71733 138.384 0.0196005 0.999633 0.018695 -1.34894 0.717573 -0.00104443 -0.696482 316.66 
-0.681531 0.0344659 -0.730978 135.916 0.0188406 0.999386 0.0295554 -1.31719 0.731547 0.00637085 -0.681761 314.302 
-0.66968 0.0335557 -0.741891 134.716 0.0227172 0.999437 0.0246984 -1.30139 0.742302 -0.000313649 -0.670066 313.223 
-0.640789 0.0286847 -0.767181 132.435 0.013038 0.999564 0.0264834 -1.28204 0.767606 0.00696777 -0.640884 311.248 
-0.633669 0.0215436 -0.773304 131.896 0.0102793 0.999758 0.0194293 -1.28367 0.773536 0.00436277 -0.633738 310.804 
-0.610262 0.0196733 -0.791956 129.878 -0.00165245 0.999658 0.0261062 -1.27554 0.792198 0.0172403 -0.61002 309.191 
-0.605025 0.0315127 -0.795583 128.937 0.00941393 0.99943 0.0324279 -1.2743 0.796151 0.0121301 -0.604976 308.496 
-0.613497 0.0202124 -0.789438 127.181 0.013736 0.999794 0.0149235 -1.25325 0.789578 -0.00168824 -0.613649 307.141 
-0.630958 0.034262 -0.77506 126.302 0.0282616 0.999376 0.021171 -1.23753 0.775302 -0.0085464 -0.631533 306.459 
-0.660088 0.0364214 -0.750305 125.485 0.0210476 0.999328 0.0299928 -1.23312 0.750894 0.00400576 -0.660411 305.714 
-0.75234 0.0311876 -0.658037 124.029 0.0279836 0.99949 0.0153768 -1.21333 0.658181 -0.00684568 -0.752829 304.129 
-0.780062 0.0286465 -0.625046 123.711 0.0275717 0.999555 0.011401 -1.20806 0.625094 -0.00834015 -0.780505 303.692 
-0.808052 0.0296038 -0.588367 123.408 0.029257 0.999521 0.0101101 -1.20349 0.588385 -0.00904439 -0.808531 303.235 
-0.862345 0.0339231 -0.505184 122.876 0.0301217 0.999423 0.0156938 -1.20042 0.505425 -0.00168351 -0.862869 302.269 
-0.888522 0.0346009 -0.457527 122.651 0.0301983 0.9994 0.0169352 -1.19965 0.457839 0.00123074 -0.889034 301.763 
-0.934912 0.0318645 -0.353447 122.296 0.0272807 0.999467 0.0179446 -1.19571 0.35383 0.0071343 -0.935283 300.704 
-0.954317 0.0306097 -0.297224 122.173 0.0260175 0.999473 0.019395 -1.19004 0.297661 0.0107759 -0.954611 300.179 
-0.970409 0.0315867 -0.239391 122.073 0.0273592 0.999406 0.0209626 -1.18272 0.239911 0.0137928 -0.970697 299.625 
-0.992314 0.031378 -0.1197 121.969 0.0282877 0.999223 0.0274298 -1.17398 0.120467 0.023833 -0.992431 298.453 
-0.999788 0.0201718 0.00412906 122.021 0.0202913 0.999304 0.0312986 -1.15617 -0.00349483 0.0313757 -0.999502 297.314 
-0.997741 0.0156007 0.0653404 122.099 0.0178015 0.999289 0.0332367 -1.14179 -0.0647755 0.0343248 -0.997309 296.729 
-0.992196 0.0167127 0.123562 122.203 0.0214774 0.999072 0.0373304 -1.12461 -0.122823 0.0396929 -0.991634 296.127 
-0.972548 0.0119062 0.2324 122.514 0.0206829 0.99916 0.0353654 -1.0995 -0.231783 0.0392013 -0.971977 294.929 
-0.946053 0.0102282 0.32385 122.951 0.0177043 0.99964 0.0201473 -1.07183 -0.323527 0.024794 -0.945894 293.736 
-0.932541 0.00688656 0.360997 123.208 0.0119572 0.999859 0.0118144 -1.0556 -0.360865 0.0153339 -0.932492 293.15 
-0.921268 0.000710768 0.388928 123.483 0.0057494 0.999914 0.0117915 -1.04448 -0.388886 0.0130992 -0.921193 292.575 
-0.90644 -0.0123907 0.422153 124.095 -0.00278089 0.999723 0.023372 -1.03465 -0.422326 0.0200113 -0.906223 291.346 
-0.899721 -0.0244322 0.435781 124.923 -0.0136235 0.999518 0.0279109 -1.00962 -0.436252 0.0191752 -0.89962 289.74 
-0.900754 -0.0260787 0.433547 125.606 -0.0162948 0.999522 0.0262684 -0.979053 -0.434025 0.0165967 -0.900748 288.363 
-0.901627 -0.0272556 0.431654 125.886 -0.0181403 0.999517 0.0252208 -0.965097 -0.432133 0.0149094 -0.901687 287.804 
-0.906691 -0.036226 0.420236 127.325 -0.0331414 0.999343 0.0146422 -0.918787 -0.420491 -0.000651214 -0.907297 284.846 
-0.909928 -0.0377358 0.413046 128.014 -0.0338283 0.999287 0.0167719 -0.900099 -0.413384 0.00128863 -0.910556 283.368 
-0.913671 -0.0333413 0.405085 129.477 -0.0295279 0.999441 0.0156608 -0.859871 -0.405381 0.00234748 -0.914145 280.112 
-0.914226 -0.033892 0.403785 130.248 -0.0289766 0.999413 0.0182794 -0.840535 -0.404167 0.00501116 -0.914671 278.398 
-0.914935 -0.0363487 0.401961 130.59 -0.0291186 0.999286 0.0240847 -0.829714 -0.40255 0.0103313 -0.91534 277.649 
-0.920235 -0.0311717 0.390123 132.189 -0.029453 0.999512 0.0103887 -0.782963 -0.390256 -0.00193022 -0.920704 274.002 
-0.931539 -0.0374417 0.36171 133.725 -0.0313178 0.99925 0.0227801 -0.770419 -0.362291 0.00989262 -0.932012 270.277 
-0.935247 -0.0356071 0.3522 134.067 -0.0305434 0.999335 0.0199255 -0.764512 -0.352675 0.00787787 -0.935713 269.383 
-0.938891 -0.0312718 0.342791 134.396 -0.0269884 0.999487 0.01726 -0.757311 -0.343155 0.0069539 -0.939253 268.481 
-0.942497 -0.0281542 0.333027 134.714 -0.0237871 0.999569 0.0171841 -0.753463 -0.333367 0.00827418 -0.942761 267.581 
-0.945881 -0.0275315 0.323345 135.034 -0.022831 0.999571 0.0183219 -0.750891 -0.323711 0.00994803 -0.946104 266.655 
-0.949257 -0.0248897 0.313515 135.342 -0.0194441 0.999601 0.0204849 -0.745295 -0.3139 0.0133494 -0.949362 265.729 
-0.952229 -0.0194345 0.304766 135.592 -0.0130383 0.99965 0.0230088 -0.741969 -0.305106 0.017936 -0.952149 264.943 
-0.957269 -0.00386109 0.289173 136.391 0.00326359 0.999703 0.0241519 -0.715965 -0.28918 0.0240636 -0.956972 262.306 
-0.957077 0.00676353 0.289754 136.937 0.0145013 0.999593 0.0245661 -0.684852 -0.28947 0.0277134 -0.956786 260.46 
-0.953998 0.0110599 0.29961 137.54 0.0204953 0.999387 0.0283681 -0.650402 -0.299113 0.0332037 -0.95364 258.508 
-0.949686 0.0145975 0.312863 138.184 0.0249799 0.999261 0.0292024 -0.614556 -0.312206 0.0355484 -0.949349 256.531 
-0.947272 0.0132016 0.320159 138.519 0.0235691 0.999315 0.0285289 -0.597122 -0.319563 0.0345705 -0.946934 255.575 
-0.944287 0.0177672 0.328643 138.875 0.0269841 0.999359 0.0235054 -0.583796 -0.328015 0.031064 -0.944162 254.55 
-0.941627 0.0226542 0.335895 139.214 0.0306814 0.999356 0.0186094 -0.572037 -0.335257 0.0278289 -0.941716 253.605 
-0.939085 0.0269964 0.342623 139.564 0.0348673 0.99925 0.0168326 -0.559378 -0.341912 0.0277536 -0.939322 252.648 
-0.936035 0.0266785 0.350895 139.919 0.0372652 0.99903 0.0234513 -0.552214 -0.349929 0.0350274 -0.936121 251.7 
-0.932855 0.0303781 0.358968 140.289 0.0439291 0.998595 0.0296519 -0.539866 -0.357563 0.0434301 -0.932879 250.72 
-0.929647 0.0348777 0.366797 140.657 0.0500572 0.998235 0.0319507 -0.524077 -0.365035 0.0480637 -0.929752 249.767 
-0.920433 0.04507 0.388294 141.815 0.0602438 0.997819 0.0269865 -0.475522 -0.386231 0.0482316 -0.92114 246.949 
-0.917372 0.0491738 0.394982 142.217 0.0636005 0.997699 0.0235064 -0.461564 -0.392917 0.0466852 -0.918388 246.013 
-0.912694 0.0515865 0.405375 143.038 0.067256 0.997435 0.0244956 -0.435937 -0.403071 0.0496209 -0.913822 244.148 
-0.909125 0.0444848 0.414141 143.883 0.062984 0.997529 0.0311136 -0.408434 -0.411734 0.0543704 -0.909681 242.303 
-0.908169 0.044337 0.41625 144.301 0.0639189 0.997402 0.0332188 -0.390787 -0.413696 0.0567745 -0.908643 241.399 
-0.907883 0.042276 0.417087 145.587 0.0577654 0.998028 0.024579 -0.34397 -0.415225 0.046408 -0.908534 238.651 
-0.909059 0.0447472 0.414258 146.836 0.0576339 0.998163 0.0186541 -0.32039 -0.412663 0.040833 -0.909968 235.931 
-0.910717 0.0413184 0.41096 147.251 0.0518344 0.998551 0.0144734 -0.317391 -0.409766 0.034483 -0.911539 235.039 
-0.912238 0.0396065 0.407741 147.66 0.0483535 0.998768 0.0111646 -0.313003 -0.406797 0.0299005 -0.913029 234.145 
-0.913551 0.0360225 0.405126 148.065 0.0461649 0.998817 0.0152895 -0.314355 -0.404096 0.0326703 -0.914133 233.245 
-0.914715 0.0316609 0.402858 148.464 0.0433923 0.998857 0.0200241 -0.312683 -0.401764 0.0357973 -0.915043 232.356 
-0.915153 0.0336797 0.401698 149.637 0.0490516 0.998403 0.0280405 -0.285737 -0.400112 0.0453653 -0.915343 229.679 
-0.914648 0.0337261 0.402842 150.024 0.0489959 0.998416 0.0276568 -0.274931 -0.401271 0.0450338 -0.914852 228.803 
-0.914024 0.0338227 0.404247 150.793 0.0459042 0.998741 0.020229 -0.258791 -0.403054 0.0370464 -0.914426 227.091 
-0.913846 0.0310561 0.404871 151.184 0.0425936 0.998902 0.0195175 -0.25054 -0.40382 0.0350809 -0.914166 226.234 
-0.913312 0.0287537 0.406245 151.57 0.0417346 0.998861 0.0231281 -0.245004 -0.405117 0.0380777 -0.913471 225.379 
-0.912497 0.0305816 0.407939 151.943 0.0459943 0.998549 0.0280249 -0.236785 -0.40649 0.0443355 -0.912579 224.538 
-0.911747 0.0330587 0.40942 152.31 0.0502787 0.998243 0.0313635 -0.222255 -0.407664 0.0491807 -0.911807 223.712 
-0.909647 0.0387311 0.413572 153.4 0.04953 0.998654 0.0154165 -0.200143 -0.412418 0.0345078 -0.910341 221.33 
-0.908342 0.0389343 0.416413 154.107 0.0515693 0.998486 0.0191329 -0.189495 -0.415037 0.0388533 -0.908974 219.793 
-0.90485 0.0344502 0.424335 155.455 0.0481512 0.998606 0.0216042 -0.171321 -0.422999 0.0399808 -0.905248 216.926 
-0.904167 0.0301967 0.42611 156.096 0.0439257 0.998783 0.0224266 -0.164552 -0.424914 0.0389946 -0.904394 215.6 
-0.903298 0.0227052 0.428413 156.715 0.0379621 0.998912 0.0271015 -0.155315 -0.427331 0.0407442 -0.903176 214.331 
-0.902211 0.0258303 0.430521 157.822 0.0418183 0.998741 0.0277133 -0.136934 -0.429263 0.0430069 -0.902155 212.024 
-0.903539 0.0246878 0.427794 158.319 0.0387319 0.998958 0.024156 -0.114867 -0.426751 0.0383952 -0.903554 210.997 
-0.909201 0.0239828 0.415666 158.96 0.0397401 0.99878 0.0292981 -0.113754 -0.414456 0.0431565 -0.909046 209.595 
-0.917579 0.0278734 0.396576 159.466 0.0428668 0.99866 0.0289921 -0.0924001 -0.395236 0.0436025 -0.917544 208.397 
-0.928161 0.0200211 0.371641 159.855 0.0385434 0.998354 0.0424773 -0.0780478 -0.370179 0.05375 -0.927404 207.406 
-0.942628 0.0223336 0.333096 160.185 0.0375467 0.998522 0.0393041 -0.0664415 -0.331726 0.0495558 -0.942073 206.411 
-0.955094 0.0208537 0.295568 160.458 0.0305241 0.999138 0.0281412 -0.0478512 -0.294727 0.0358995 -0.954907 205.498 
-0.965296 0.0201463 0.260382 160.695 0.0266344 0.999416 0.0214127 -0.0316299 -0.259798 0.0276047 -0.965268 204.585 
-0.977407 0.0200891 0.210409 161.134 0.0207441 0.999784 0.00090584 -0.0204377 -0.210346 0.00525012 -0.977613 202.606 
-0.977335 0.0102932 0.211447 161.427 0.0104203 0.999946 -0.000513252 -0.00594153 -0.211441 0.00170172 -0.977389 201.359 
-0.975165 0.0132144 0.221086 161.65 0.0145106 0.999886 0.00423983 -0.00260867 -0.221005 0.00734264 -0.975245 200.393 
-0.971764 0.0134401 0.235573 161.913 0.0173038 0.999747 0.0143418 0.00225852 -0.23532 0.0180131 -0.971751 199.337 
-0.966701 0.0057423 0.255843 162.229 0.0131885 0.999538 0.0273984 0.0246484 -0.255567 0.0298602 -0.96633 198.221 
-0.960572 0.0114609 0.277794 162.566 0.0217874 0.99918 0.0341148 0.0441003 -0.277175 0.0388222 -0.960035 197.052 
-0.957187 0.0164615 0.289003 162.75 0.0266066 0.999159 0.0312102 0.0615394 -0.288246 0.0375634 -0.956819 196.447 
