-0.812813 0.0159497 -0.582307 443.188 0.0150688 0.999866 0.00635311 1.29725 0.58233 -0.0036108 -0.812944 229.248 
-0.815562 0.0148591 -0.578479 443.139 0.014319 0.999882 0.0054959 1.29637 0.578493 -0.00380102 -0.815679 229.179 
-0.8177 0.0170417 -0.575393 442.155 0.0168696 0.999842 0.00563913 1.29193 0.575398 -0.00509551 -0.817858 227.783 
-0.820398 0.0127843 -0.571649 440.67 0.0152874 0.999883 0.000421713 1.27823 0.571588 -0.00839306 -0.820498 225.636 
-0.822015 0.00802992 -0.56941 439.664 0.0103501 0.999946 -0.000840207 1.26434 0.569372 -0.00658409 -0.822053 224.159 
-0.822761 0.00968759 -0.568305 439.151 0.011334 0.999936 0.000636631 1.25534 0.568275 -0.00591737 -0.822817 223.411 
-0.823593 0.0100648 -0.567092 438.637 0.0107281 0.99994 0.00216647 1.24762 0.56708 -0.00429955 -0.823651 222.656 
-0.825032 0.0100732 -0.564997 437.605 0.0112055 0.999936 0.00146495 1.23133 0.564975 -0.00512245 -0.825092 221.137 
-0.825574 0.0108206 -0.564191 437.083 0.0126143 0.99992 0.000719228 1.22471 0.564154 -0.00652307 -0.825644 220.37 
-0.825875 0.0127339 -0.563709 436.032 0.0114035 0.999918 0.00588068 1.21182 0.563738 -0.00157154 -0.825952 218.813 
-0.825436 0.0142466 -0.564315 435.497 0.0106789 0.999897 0.009623 1.20772 0.564394 0.00191691 -0.825503 218.024 
-0.823669 0.0172632 -0.566808 434.422 0.0118045 0.999842 0.0132982 1.20881 0.566948 0.00426248 -0.823743 216.451 
-0.822891 0.0153229 -0.567993 433.878 0.0113781 0.99988 0.0104897 1.20873 0.568086 0.00216922 -0.822966 215.658 
-0.821692 0.0105918 -0.569834 432.781 0.0109881 0.999936 0.0027417 1.20667 0.569826 -0.00400858 -0.821755 214.061 
-0.821233 0.0132688 -0.570439 432.224 0.0135401 0.999901 0.00376528 1.20135 0.570432 -0.00463163 -0.821332 213.257 
-0.821724 0.0231583 -0.569415 431.093 0.0197085 0.999731 0.012218 1.19343 0.569545 -0.00118246 -0.821959 211.63 
-0.82213 0.0288323 -0.568569 430.523 0.0270655 0.999567 0.0115525 1.19157 0.568656 -0.00589097 -0.822554 210.821 
-0.823762 0.0257392 -0.566351 429.397 0.0286753 0.999582 0.00371991 1.19082 0.56621 -0.013176 -0.824156 209.183 
-0.824975 0.0244073 -0.564641 428.838 0.0273639 0.99962 0.00322934 1.18225 0.564506 -0.0127867 -0.82533 208.357 
-0.826109 0.0246673 -0.562971 427.714 0.024558 0.999668 0.00776516 1.1646 0.562975 -0.00741058 -0.82644 206.685 
-0.826831 0.0257097 -0.561862 427.134 0.0246218 0.999652 0.00950896 1.15389 0.561911 -0.00597174 -0.827176 205.823 
-0.827783 0.0287568 -0.560311 426.027 0.0241977 0.999586 0.0155529 1.1563 0.560527 -0.000683793 -0.828136 204.198 
-0.8286 0.0213147 -0.559435 423.799 0.0164452 0.99977 0.013734 1.16892 0.559599 0.00217998 -0.82876 200.868 
-0.829491 0.0222513 -0.558076 423.266 0.017341 0.99975 0.0140869 1.17346 0.55825 0.00200739 -0.82967 200.088 
-0.830493 0.0250334 -0.556466 422.726 0.0197378 0.999685 0.0155146 1.17752 0.556679 0.00190138 -0.830726 199.297 
-0.832209 0.0170967 -0.554198 420.53 0.015145 0.999852 0.00810254 1.16835 0.554255 -0.00165031 -0.832345 195.968 
-0.832537 0.0207779 -0.553579 419.979 0.0168319 0.999784 0.0122118 1.15751 0.553713 0.000849043 -0.832707 195.14 
-0.832983 0.0267374 -0.552652 418.89 0.0212618 0.999641 0.016316 1.15212 0.552889 0.0018406 -0.833253 193.498 
-0.833344 0.0291868 -0.551984 418.348 0.0246666 0.999574 0.0156139 1.14668 0.552205 -0.000603809 -0.833708 192.685 
-0.833924 0.0311847 -0.550997 417.806 0.0275376 0.99951 0.0148916 1.14136 0.551192 -0.00275468 -0.834374 191.87 
-0.835068 0.0420116 -0.54854 416.177 0.0337505 0.999114 0.0251403 1.1569 0.54911 0.00248038 -0.835746 189.405 
-0.835274 0.0417603 -0.548246 415.633 0.0319993 0.999114 0.027351 1.16802 0.548902 0.00530204 -0.83587 188.569 
-0.835992 0.0382794 -0.547405 415.095 0.0304461 0.999263 0.0233802 1.17665 0.547896 0.00287932 -0.836541 187.743 
-0.837117 0.0280871 -0.546302 414.141 0.026252 0.999593 0.0111654 1.18344 0.546393 -0.00499474 -0.837514 186.258 
-0.837564 0.0247816 -0.545777 413.704 0.0214164 0.999692 0.012526 1.18093 0.545919 -0.00119726 -0.837837 185.566 
-0.837823 0.0240173 -0.545414 413.283 0.0187077 0.999708 0.0152849 1.17499 0.545622 0.00260263 -0.838027 184.9 
-0.838669 0.0236858 -0.544125 412.772 0.0173772 0.999709 0.0167336 1.17358 0.544363 0.0045786 -0.838837 184.097 
-0.840911 0.0216357 -0.54074 411.379 0.0142255 0.999739 0.0178786 1.17273 0.540986 0.00734204 -0.841 181.905 
-0.842406 0.0226962 -0.538366 410.483 0.0145842 0.999707 0.0193247 1.17472 0.538646 0.00842759 -0.84249 180.49 
-0.84392 0.0232548 -0.535965 409.624 0.010971 0.999599 0.0260964 1.18143 0.536357 0.0161432 -0.843837 179.112 
-0.846971 0.00943413 -0.531556 408.031 0.00459001 0.999935 0.0104334 1.19007 0.53162 0.00639691 -0.846959 176.532 
-0.848851 0.00971616 -0.528543 406.607 0.00404763 0.999921 0.0118809 1.17317 0.528617 0.00794574 -0.848823 174.216 
-0.848092 0.0139107 -0.529666 405.945 0.0152055 0.999883 0.0019132 1.16321 0.52963 -0.00643129 -0.848204 173.176 
-0.838693 0.0183858 -0.544293 404.713 0.013921 0.999827 0.0123229 1.14132 0.544426 0.00275801 -0.838804 171.239 
-0.828298 0.0213084 -0.559883 404.112 0.01481 0.99976 0.0161394 1.13106 0.560092 0.00507637 -0.828415 170.356 
-0.780368 0.0186763 -0.625042 402.918 0.00850854 0.999778 0.0192506 1.13291 0.625263 0.00970432 -0.780354 168.814 
-0.73984 0.0222143 -0.672416 402.283 0.00864461 0.999686 0.0235148 1.13406 0.672728 0.0115844 -0.7398 168.156 
-0.684248 0.0227495 -0.728894 401.618 0.00619223 0.999659 0.0253874 1.13907 0.729223 0.0128578 -0.684155 167.572 
-0.611433 0.0208105 -0.791023 400.919 0.00186857 0.999689 0.0248558 1.13986 0.791294 0.0137196 -0.611282 167.075 
-0.517397 0.0179873 -0.855556 400.189 -0.00084432 0.999768 0.0215298 1.13997 0.855745 0.0118618 -0.517262 166.682 
-0.405193 0.0161337 -0.914089 399.43 -0.00314126 0.999814 0.0190392 1.14806 0.914226 0.0105859 -0.405067 166.396 
-0.344458 0.0161606 -0.938662 399.035 -0.00184926 0.999838 0.0178924 1.14532 0.9388 0.00789903 -0.344373 166.294 
-0.218968 0.0182033 -0.975562 398.25 -0.00327249 0.999807 0.0193902 1.13696 0.975727 0.00743837 -0.218866 166.173 
-0.155652 0.0209083 -0.987591 397.858 -0.00636885 0.999734 0.0221692 1.1383 0.987791 0.00974048 -0.155477 166.151 
-0.0300462 0.0211991 -0.999324 397.069 -0.00586925 0.999754 0.0213847 1.14178 0.999531 0.00650781 -0.0299144 166.191 
0.0292181 0.0206445 -0.99936 396.687 -0.00192832 0.999786 0.0205969 1.14309 0.999571 0.00132528 0.0292517 166.252 
0.0854182 0.0201007 -0.996142 396.306 -0.00532607 0.999791 0.0197176 1.14294 0.996331 0.00362128 0.0855074 166.325 
0.190919 0.0181853 -0.981437 395.55 -0.0128264 0.999789 0.0160303 1.14172 0.981522 0.00952779 0.191112 166.516 
0.237795 0.0162244 -0.97118 395.192 -0.00704799 0.999863 0.0149779 1.14397 0.97129 0.00328321 0.237876 166.66 
0.316176 0.0151975 -0.948579 394.458 0.0104736 0.999755 0.0195084 1.15676 0.948643 -0.0161032 0.315939 166.991 
0.429279 0.0101434 -0.903115 392.954 -0.0095737 0.999932 0.00668014 1.1398 0.903121 0.00577851 0.429347 167.691 
0.451152 0.00410603 -0.892438 392.569 -0.00239915 0.999991 0.00338804 1.1401 0.892444 0.000612573 0.451158 167.926 
0.501725 -0.0113726 -0.864952 391.404 0.00287772 0.99993 -0.0114781 1.15363 0.865022 0.00326974 0.501722 168.642 
0.548454 -0.00360247 -0.836173 389.674 0.00582566 0.999983 -0.000487106 1.11659 0.83616 -0.0046041 0.548466 169.793 
0.563523 -0.00779465 -0.826063 388.732 0.0109732 0.999938 -0.0019496 1.10597 0.826027 -0.00796595 0.563574 170.465 
0.580777 -0.0129404 -0.81396 386.742 0.0164854 0.999856 -0.0041331 1.08844 0.813896 -0.0110181 0.580906 171.905 
0.585583 -0.0141187 -0.81049 385.654 0.0189008 0.999814 -0.00376083 1.07366 0.810392 -0.0131167 0.585741 172.725 
0.587397 -0.0192213 -0.80907 383.933 0.0289626 0.999577 -0.00271984 1.05698 0.80878 -0.0218352 0.587705 174.014 
0.582484 -0.0218651 -0.812548 382.707 0.0334228 0.999437 -0.00293459 1.04725 0.812154 -0.0254483 0.582887 174.919 
0.570211 -0.0165294 -0.821332 380.081 0.0323581 0.999474 0.00235013 1.02994 0.820861 -0.0279168 0.570446 176.738 
0.563375 -0.0146876 -0.826071 378.675 0.0298487 0.999551 0.0025845 1.01982 0.825662 -0.0261132 0.56356 177.697 
0.560037 -0.0181778 -0.828268 377.267 0.023823 0.999699 -0.00583211 1.00766 0.828125 -0.0164656 0.560301 178.633 
0.560087 -0.014008 -0.828315 374.371 0.018526 0.999819 -0.00438154 0.955111 0.828226 -0.0128913 0.560246 180.558 
0.559919 -0.00908688 -0.828498 371.482 0.00885362 0.999948 -0.00498384 0.89525 0.8285 -0.00454465 0.559971 182.503 
0.562286 -0.00651295 -0.826917 370.788 0.00593536 0.999975 -0.00384007 0.883669 0.826922 -0.00274883 0.562311 182.98 
0.565512 -0.00346931 -0.824733 370.096 0.00354908 0.999992 -0.00177298 0.874416 0.824732 -0.0019244 0.56552 183.463 
0.569413 0.000103933 -0.822052 369.407 0.00182269 0.999997 0.00138896 0.866997 0.82205 -0.00228923 0.569411 183.952 
0.574323 0.00371227 -0.81862 368.72 -0.000310281 0.999991 0.00431707 0.862723 0.818628 -0.00222539 0.574319 184.446 
0.58023 0.00452168 -0.81444 368.043 -0.000978381 0.999988 0.0048548 0.857103 0.814452 -0.00202007 0.580228 184.944 
0.59509 0.00374894 -0.80365 366.707 -0.00101385 0.999992 0.00391412 0.846367 0.803658 -0.00151447 0.595089 185.942 
0.603227 0.00421575 -0.797558 366.067 5.18041e-05 0.999986 0.00532493 0.841488 0.797569 -0.00325346 0.603219 186.438 
0.620384 0.00593565 -0.784275 364.783 2.0587e-05 0.999971 0.00758439 0.829219 0.784298 -0.00472138 0.620366 187.454 
0.628916 0.00599496 -0.77745 364.153 -0.000651556 0.999974 0.00718378 0.820478 0.777473 -0.00401144 0.628903 187.972 
0.637325 0.00586864 -0.770573 363.55 -0.00113979 0.999977 0.00667307 0.811372 0.770594 -0.00337462 0.637317 188.484 
0.645371 0.00578393 -0.763848 362.977 -0.00249065 0.999982 0.00546763 0.803127 0.763866 -0.00162617 0.645373 188.984 
0.67581 0.00231914 -0.737072 360.639 -5.32005e-05 0.999995 0.00309763 0.767322 0.737076 -0.0020542 0.675807 191.076 
0.695144 0.00222535 -0.718867 358.474 0.00627019 0.999938 0.00915871 0.736807 0.718843 -0.010874 0.695087 193.195 
0.69945 0.00400044 -0.71467 357.507 0.00605735 0.999915 0.0115255 0.729264 0.714656 -0.0123905 0.699366 194.168 
0.694781 0.00123067 -0.71922 355.653 0.00676922 0.999943 0.00825023 0.712807 0.719189 -0.0106007 0.694734 195.999 
0.68231 0.00354374 -0.731054 354.862 0.00296045 0.999967 0.00761033 0.703362 0.731057 -0.00735686 0.682277 196.764 
0.624208 0.000154414 -0.781258 353.125 -8.81513e-05 1 0.000127217 0.670877 0.781258 -1.05411e-05 0.624208 198.177 
0.57511 0.000554151 -0.818076 352.232 -0.00228946 0.999997 -0.00093212 0.654837 0.818073 0.00240902 0.57511 198.782 
0.423976 0.0159313 -0.905533 350.34 -0.00697821 0.999873 0.0143238 0.632793 0.905646 0.000246042 0.424034 199.729 
0.321752 0.0194857 -0.946624 349.349 -0.00783012 0.999809 0.0179191 0.632748 0.946792 0.00164668 0.321843 200.035 
0.262715 0.0166901 -0.964729 348.864 -0.00351129 0.99986 0.0163417 0.63446 0.964867 -0.000905762 0.262737 200.15 
0.131093 0.00649714 -0.991349 347.936 0.0033675 0.99997 0.00699895 0.631746 0.991364 -0.00425588 0.131068 200.249 
-0.00604879 0.00082779 -0.999981 346.958 0.000450108 1 0.000825083 0.631316 0.999982 -0.000445109 -0.00604916 200.19 
-0.142869 0.000132443 -0.989742 345.995 0.00391042 0.999992 -0.000430654 0.625192 0.989734 -0.00393184 -0.142868 200.009 
-0.209836 0.00523467 -0.977723 345.522 0.00439313 0.999981 0.004411 0.621494 0.977727 -0.00336968 -0.209855 199.874 
-0.337643 0.0177987 -0.941106 344.653 0.00628231 0.999842 0.0166556 0.621438 0.941253 -0.000288674 -0.337701 199.524 
-0.394855 0.0239678 -0.918431 344.234 0.00769482 0.999711 0.0227808 0.622624 0.918711 0.00192792 -0.394925 199.313 
-0.446055 0.026975 -0.894599 343.822 0.00620566 0.999615 0.0270473 0.619753 0.894984 0.00651302 -0.446051 199.075 
-0.526199 0.0262841 -0.849955 343.089 -0.00109367 0.9995 0.0315858 0.625163 0.850361 0.01755 -0.525907 198.561 
-0.556849 0.0220843 -0.83032 342.897 -0.00401972 0.999563 0.0292815 0.633755 0.830604 0.019643 -0.556517 198.421 
-0.61423 0.0255775 -0.788712 341.645 0.00519888 0.999584 0.0283672 0.661926 0.78911 0.0133236 -0.614108 197.427 
-0.632003 0.0192708 -0.774726 340.779 -0.00379315 0.999602 0.0279589 0.686903 0.774957 0.0206087 -0.631678 196.67 
-0.631155 -0.00275544 -0.775652 338.125 -0.0116494 0.999915 0.00592708 0.734595 0.77557 0.0127768 -0.631133 194.408 
-0.619569 0.00020889 -0.784942 336.537 -0.0188841 0.999707 0.0151716 0.743515 0.784715 0.0242228 -0.619383 193.076 
-0.610962 0.0149319 -0.791519 334.166 -0.00590111 0.999708 0.0234143 0.777995 0.791638 0.0189761 -0.610696 191.243 
-0.611369 0.0108229 -0.791271 333.625 -0.00353738 0.999859 0.0164091 0.78951 0.791338 0.012831 -0.611245 190.814 
-0.611441 0.00472733 -0.791276 333.223 -0.00440256 0.999946 0.00937596 0.796305 0.791278 0.00921649 -0.611387 190.45 
-0.615362 0.00415472 -0.788234 332.044 -0.00584492 0.999935 0.00983362 0.810521 0.788223 0.0106584 -0.615297 189.495 
-0.621875 0.0056448 -0.783096 329.484 -0.0131109 0.999759 0.0176182 0.834 0.783007 0.0212234 -0.621651 187.41 
-0.627873 0.000454093 -0.778316 328.06 -0.0105725 0.999903 0.00911233 0.85574 0.778244 0.0139502 -0.627807 186.196 
-0.636011 0.0123659 -0.771581 325.408 -0.00182406 0.999845 0.0175278 0.870004 0.771678 0.0125553 -0.63589 183.993 
-0.636061 0.0164325 -0.771463 324.795 0.00340744 0.999823 0.0184873 0.876931 0.771631 0.00913035 -0.636005 183.483 
-0.636241 0.0121642 -0.771395 323.485 -0.00300108 0.999829 0.0182417 0.890621 0.771485 0.0139211 -0.636095 182.37 
-0.630522 -0.00396588 -0.776161 320.8 -0.0260882 0.99953 0.0160858 0.910965 0.775732 0.030391 -0.63033 180.084 
-0.626748 -0.0058064 -0.779201 319.473 -0.0245559 0.999623 0.0123026 0.918283 0.778835 0.0268446 -0.626654 178.972 
-0.623001 0.00316533 -0.782215 316.753 -0.0140339 0.999786 0.0152231 0.918086 0.782095 0.0204615 -0.622823 176.775 
-0.62139 0.00595096 -0.783478 315.412 -0.0220732 0.999441 0.0250979 0.924287 0.78319 0.0328894 -0.620912 175.673 
-0.620126 -0.00426467 -0.784491 313.993 -0.0122458 0.999916 0.00424429 0.925296 0.784407 0.0122387 -0.620126 174.538 
-0.623399 0.0282918 -0.781392 311.145 -0.00518559 0.999174 0.0403141 0.920131 0.781887 0.0291837 -0.622737 172.269 
-0.624961 0.00619251 -0.780631 309.788 -0.0134418 0.999735 0.0186919 0.944832 0.78054 0.0221748 -0.624712 171.131 
-0.632327 0.0036492 -0.774693 307.091 -0.00688043 0.999923 0.0103262 0.949266 0.774671 0.0118597 -0.632254 168.935 
-0.63829 -0.001494 -0.769795 305.772 -0.0126424 0.999884 0.00854213 0.940959 0.769692 0.0151844 -0.638234 167.821 
-0.643402 -0.00017673 -0.765529 303.198 -0.0179414 0.999729 0.0148484 0.933245 0.765318 0.0232882 -0.643231 165.607 
-0.648881 -0.000632221 -0.76089 301.965 -0.0102823 0.999916 0.00793789 0.931071 0.76082 0.0129745 -0.648833 164.561 
-0.658789 0.00462302 -0.752314 300.75 -0.0065667 0.999908 0.0118949 0.930116 0.752299 0.0127764 -0.658698 163.5 
-0.678329 0.00447934 -0.734744 297.738 -0.0119176 0.999783 0.0170976 0.967604 0.734661 0.0203542 -0.678128 160.724 
-0.68772 0.00399764 -0.725965 296.53 -0.00716046 0.999899 0.0122893 0.983202 0.725941 0.0136498 -0.687621 159.583 
-0.712021 -0.0101273 -0.702085 294.149 -0.0196687 0.999791 0.00552544 0.985603 0.701882 0.0177433 -0.712072 157.154 
-0.717714 -0.0085619 -0.696286 293.557 -0.0198365 0.99977 0.00815328 0.986029 0.696056 0.0196636 -0.717718 156.536 
-0.723195 -0.00620605 -0.690616 292.96 -0.0229967 0.999622 0.0150988 0.98328 0.690261 0.0268013 -0.723064 155.895 
-0.734061 -0.00257634 -0.679079 291.798 -0.0255903 0.999387 0.0238708 0.993531 0.678601 0.0349004 -0.733677 154.617 
-0.738327 -0.00199694 -0.674439 291.25 -0.026356 0.999317 0.0258937 1.00035 0.673927 0.0368936 -0.737876 154.004 
-0.746258 -0.0183271 -0.665404 289.574 -0.0351118 0.999313 0.0118543 1.0152 0.66473 0.0322099 -0.746389 152.089 
-0.754213 -0.0100002 -0.656554 287.32 -0.0420814 0.998565 0.0331313 1.03877 0.65528 0.0526167 -0.753551 149.454 
-0.765572 -0.00810964 -0.643299 285.717 -0.0232131 0.999618 0.0150238 1.07259 0.642931 0.0264348 -0.765468 147.581 
-0.774858 -0.00516912 -0.632114 284.667 -0.0249652 0.999437 0.02243 1.0831 0.631642 0.0331609 -0.774551 146.279 
-0.790791 0.0116746 -0.611974 282.581 -0.00286389 0.999737 0.0227727 1.12675 0.612079 0.0197611 -0.79055 143.652 
-0.79898 0.0178609 -0.601093 281.537 0.0161239 0.999836 0.008277 1.14431 0.601142 -0.00307881 -0.799136 142.314 
-0.806148 0.0190077 -0.591408 280.526 0.0025041 0.999585 0.028713 1.15666 0.591709 0.021666 -0.805861 140.905 
-0.811019 0.018215 -0.584737 279.512 -0.00156355 0.999444 0.0333021 1.17726 0.585018 0.0279229 -0.810539 139.469 
-0.816373 0.00224317 -0.57752 277.525 -0.00753791 0.999866 0.0145391 1.20986 0.577475 0.0162226 -0.816247 136.632 
-0.816361 0.00764986 -0.577491 277.057 -0.00709041 0.999704 0.023266 1.21497 0.577498 0.0230881 -0.816065 135.963 
-0.817193 0.00931918 -0.576289 276.06 -0.00833301 0.999574 0.0279805 1.23126 0.576304 0.0276677 -0.816767 134.534 
-0.821121 0.0144068 -0.570572 274.033 0.0121736 0.999896 0.00772796 1.24306 0.570624 -0.000600301 -0.821211 131.668 
-0.823045 0.0122147 -0.567845 272.039 0.00646872 0.999905 0.0121327 1.24864 0.56794 0.00631254 -0.823046 128.748 
-0.823287 0.00640053 -0.567589 271.543 -0.000334868 0.999931 0.0117616 1.25101 0.567625 0.00987328 -0.823228 128.021 
-0.823453 0.00609954 -0.567352 271.042 -0.0027998 0.999886 0.0148133 1.24881 0.567378 0.0137865 -0.823342 127.295 
-0.824048 0.00366422 -0.566507 270.065 -0.00978427 0.999738 0.0206987 1.25418 0.566435 0.0225996 -0.823797 125.852 
-0.824353 0.000877779 -0.566076 269.58 -0.0128141 0.999714 0.0202108 1.2577 0.565931 0.0239146 -0.824105 125.136 
-0.824601 0.00038773 -0.565715 269.095 -0.0109171 0.999803 0.0165983 1.2565 0.56561 0.019863 -0.824434 124.434 
-0.825043 -0.00464615 -0.565051 268.641 -0.0132465 0.99985 0.0111202 1.25926 0.564915 0.0166595 -0.824981 123.769 
-0.827954 0.00714227 -0.560751 267.243 -0.011789 0.999476 0.0301368 1.27008 0.560673 0.0315626 -0.827436 121.696 
-0.828212 0.013211 -0.56026 266.788 -0.00559233 0.999478 0.0318347 1.27313 0.560388 0.0294991 -0.827705 121.037 
-0.828581 0.0103216 -0.559774 266.346 -0.00442577 0.999678 0.024984 1.28058 0.559851 0.0231787 -0.828269 120.384 
-0.828253 0.00593293 -0.560323 265.921 -0.00632117 0.999781 0.0199299 1.28919 0.560319 0.0200489 -0.828034 119.746 
-0.826019 0.00297676 -0.563634 264.692 -0.000478085 0.999982 0.00598192 1.27817 0.563642 0.00521064 -0.826003 117.936 
-0.820565 0.00526649 -0.571529 263.884 -0.000180029 0.999955 0.00947279 1.2769 0.571554 0.00787593 -0.820527 116.769 
-0.813669 0.00504379 -0.581306 263.083 -0.0105174 0.999671 0.0233952 1.26788 0.581233 0.0251498 -0.813348 115.615 
-0.80587 6.54056e-05 -0.592092 262.284 -0.0102432 0.999849 0.014052 1.2669 0.592003 0.017389 -0.805748 114.523 
-0.789173 -0.0039234 -0.614158 260.674 -0.0102125 0.999925 0.00673489 1.25706 0.614086 0.0115871 -0.789154 112.405 
-0.781727 0.0109646 -0.623525 259.847 0.00274099 0.999896 0.0141465 1.24294 0.623615 0.00934966 -0.781676 111.4 
-0.779626 0.0116184 -0.626138 258.213 -0.00220096 0.999771 0.0212918 1.25576 0.626242 0.0179778 -0.779421 109.352 
-0.779472 0.00189302 -0.626434 257.404 -0.0121215 0.999763 0.018104 1.26146 0.62632 0.0217049 -0.779264 108.319 
-0.781088 -0.0110299 -0.624324 256.635 -0.014723 0.999891 0.000754891 1.26046 0.624247 0.00978154 -0.781166 107.334 
-0.790974 0.00732313 -0.611806 254.941 -0.0128685 0.999508 0.0286009 1.26296 0.611714 0.0304956 -0.790491 105.149 
-0.795127 0.0184803 -0.606161 254.112 -0.00411692 0.999348 0.0358679 1.27992 0.606429 0.031015 -0.794533 104.081 
-0.798839 0.00712134 -0.601503 253.287 -0.006885 0.999756 0.0209801 1.30241 0.601506 0.0209011 -0.798595 102.97 
-0.800524 0.019907 -0.59897 252.407 0.00918564 0.999738 0.0209501 1.32822 0.59923 0.0112691 -0.800497 101.835 
-0.803071 0.0341099 -0.594906 250.67 0.0276269 0.999418 0.0200093 1.35398 0.595243 -0.000366487 -0.803546 99.5331 
-0.80333 0.0405265 -0.594153 250.225 0.036401 0.999158 0.018935 1.35968 0.59442 -0.00641669 -0.804129 98.9579 
-0.803873 0.0435303 -0.593206 249.794 0.0379606 0.99904 0.0218692 1.36489 0.593588 -0.00493838 -0.804754 98.3847 
-0.80458 0.047115 -0.591972 248.106 0.0441578 0.998835 0.01948 1.38761 0.5922 -0.010467 -0.805723 96.0956 
-0.804828 0.0383205 -0.59227 247.267 0.0441665 0.999014 0.00461995 1.3935 0.591863 -0.0224402 -0.805727 94.96 
-0.804936 0.0513834 -0.591132 245.646 0.0455255 0.998655 0.0248155 1.3864 0.591612 -0.0069367 -0.806193 92.7469 
-0.806793 0.0559065 -0.588184 244.855 0.0468158 0.998432 0.0306847 1.39395 0.588977 -0.00278013 -0.808145 91.6553 
-0.827984 0.0621904 -0.557292 243.45 0.0619533 0.997892 0.019313 1.40647 0.557319 -0.0185353 -0.830092 89.623 
-0.849982 0.0659433 -0.522669 242.868 0.0675551 0.997587 0.0160016 1.41076 0.522463 -0.0217079 -0.852386 88.6642 
-0.876523 0.0678199 -0.476559 242.383 0.0668314 0.997582 0.0190463 1.40902 0.476699 -0.0151546 -0.878936 87.7339 
-0.940194 0.0551225 -0.336149 241.705 0.0578677 0.998323 0.00185379 1.38763 0.335688 -0.0177093 -0.941807 85.8952 
-0.955431 0.0495706 -0.291022 241.597 0.0521239 0.99864 -0.00102253 1.38482 0.290576 -0.0161462 -0.956716 85.4347 
-0.981154 0.0245428 -0.191665 241.489 0.0261719 0.99964 -0.00597245 1.36201 0.191449 -0.0108761 -0.981442 84.5073 
-0.996631 0.00262812 -0.0819773 241.479 0.00300405 0.999986 -0.00446276 1.34115 0.0819644 -0.00469398 -0.996624 83.597 
-0.999334 -0.00883612 0.0354156 241.578 -0.00865677 0.999949 0.0052141 1.33386 -0.0354599 0.00490404 -0.999359 82.6939 
-0.995541 -0.015276 0.0930826 241.663 -0.0137573 0.999762 0.0169363 1.33299 -0.0933191 0.0155802 -0.995514 82.2527 
-0.988583 -0.0229326 0.148924 241.774 -0.0189726 0.999429 0.0279571 1.33517 -0.14948 0.0248124 -0.988453 81.8277 
-0.965658 -0.0333467 0.257669 242.075 -0.0239202 0.998928 0.0396333 1.34642 -0.258714 0.0321087 -0.96542 81.0011 
-0.949276 -0.0361409 0.312359 242.245 -0.0238013 0.998782 0.0432285 1.35156 -0.313541 0.0336013 -0.94898 80.6244 
-0.90723 -0.0259902 0.419832 242.63 -0.0099919 0.999139 0.0402612 1.37372 -0.420517 0.0323312 -0.906709 79.8971 
-0.881353 -0.018072 0.472112 242.837 -0.00177721 0.999388 0.0349378 1.38882 -0.472454 0.0299535 -0.880846 79.5692 
-0.853042 -0.0149127 0.521629 243.073 0.00078855 0.999554 0.0298654 1.40477 -0.521842 0.0258878 -0.852649 79.2603 
-0.823951 -0.0153023 0.566454 243.105 0.000153749 0.999629 0.0272279 1.41734 -0.566661 0.0225215 -0.823643 79.1258 
-0.763991 -0.0188569 0.644951 243.638 -0.000524291 0.999591 0.0286048 1.43535 -0.645226 0.0215157 -0.763689 78.5042 
-0.682042 -0.0176248 0.7311 244.728 0.00115392 0.999682 0.025176 1.46266 -0.731312 0.0180148 -0.681805 77.5185 
-0.609394 -0.0174578 0.792675 246.409 -0.00596037 0.99983 0.017438 1.49966 -0.792845 0.00590196 -0.609395 76.256 
-0.589969 -0.0191673 0.807198 247.447 -0.0117621 0.999816 0.0151443 1.51758 -0.80734 -0.000559686 -0.590086 75.5421 
-0.580066 -0.0184303 0.814361 249.591 -0.0120785 0.999829 0.0140243 1.54372 -0.81448 -0.0017013 -0.580189 74.0464 
-0.580691 -0.0187938 0.813907 250.676 -0.0118085 0.999823 0.0146618 1.56414 -0.814038 -0.00109702 -0.58081 73.2771 
-0.584323 -0.0112265 0.811443 253.414 -0.00793033 0.999936 0.00812363 1.59288 -0.811482 -0.00168819 -0.584375 71.3314 
-0.588416 -0.00994402 0.808497 255.498 -0.00428528 0.999949 0.00917997 1.60851 -0.808547 0.00193701 -0.588428 69.8341 
-0.589754 -0.00819662 0.807542 256.407 -0.0016666 0.999959 0.00893254 1.61937 -0.807582 0.00392215 -0.589743 69.1644 
-0.592051 -0.0138067 0.805782 259.516 0.00373338 0.999796 0.0198742 1.64723 -0.805892 0.0147748 -0.591879 66.8815 
-0.591404 -0.011693 0.80629 261.116 0.00429692 0.999835 0.0176516 1.6638 -0.806364 0.0139038 -0.591256 65.7064 
-0.58303 -0.0107571 0.81238 264.251 0.0125927 0.999673 0.0222747 1.67738 -0.812353 0.0232168 -0.582703 63.4309 
-0.580186 -0.0123445 0.81439 264.899 0.0151483 0.999549 0.0259431 1.68495 -0.814343 0.0273885 -0.579737 62.9643 
-0.573656 -0.00842282 0.819053 267.195 0.0156845 0.999651 0.0212653 1.71148 -0.818946 0.0250454 -0.573323 61.3591 
-0.569355 -0.00935979 0.822039 269.572 0.00987217 0.999785 0.0182212 1.72722 -0.822033 0.0184897 -0.56914 59.7275 
-0.568657 -0.0092222 0.822523 270.34 0.00557916 0.999871 0.0150678 1.72645 -0.822556 0.0131574 -0.568532 59.2085 
-0.568242 -0.00746699 0.822828 270.963 0.00443031 0.999917 0.0121336 1.74089 -0.822849 0.0105402 -0.568162 58.7979 
-0.568853 -0.00710891 0.822409 271.593 0.00407005 0.999926 0.0114586 1.75445 -0.822429 0.0098655 -0.568782 58.3782 
-0.573424 -0.00657893 0.819232 273.748 0.00703167 0.999891 0.0129516 1.76133 -0.819228 0.0131873 -0.573316 56.8962 
-0.575204 -0.00569133 0.81799 274.387 0.0106495 0.999839 0.0144452 1.77411 -0.817941 0.0170201 -0.575051 56.4555 
-0.57634 -0.00366503 0.817201 275.006 0.0173303 0.99971 0.0167059 1.78697 -0.817026 0.0237906 -0.57611 56.0135 
-0.57786 -4.07997e-05 0.816136 275.675 0.0227144 0.999612 0.0161327 1.78509 -0.815819 0.0278605 -0.577635 55.5386 
-0.581277 0.00189201 0.813703 278.495 0.0277767 0.999461 0.0175187 1.78549 -0.813231 0.0327852 -0.581016 53.5316 
-0.579796 -0.00547957 0.814744 279.9 0.0237368 0.999439 0.0236136 1.78876 -0.814416 0.0330305 -0.57934 52.5486 
-0.569 -0.000396346 0.822338 282.653 0.0198889 0.999701 0.0142436 1.80575 -0.822097 0.02446 -0.568822 50.6498 
-0.564791 -0.000896857 0.825233 283.311 0.0182668 0.999741 0.0135883 1.80809 -0.825032 0.0227489 -0.564628 50.2063 
-0.5571 -0.00536868 0.830428 284.693 0.013752 0.999782 0.0156892 1.81325 -0.830331 0.0201605 -0.556905 49.2943 
-0.545821 -0.0167617 0.837734 287.438 -0.00163838 0.999819 0.0189373 1.82586 -0.8379 0.00896385 -0.545749 47.5418 
-0.543826 -0.0218023 0.838915 288.759 -0.0105487 0.999761 0.0191443 1.83724 -0.839131 0.00156168 -0.543926 46.7128 
-0.543222 -0.0252285 0.83921 290.021 -0.0155012 0.999679 0.0200186 1.84516 -0.839446 -0.00213424 -0.543439 45.9173 
-0.543943 -0.0287694 0.838629 291.236 -0.0211326 0.999565 0.0205836 1.85677 -0.838856 -0.00652613 -0.544314 45.1523 
-0.547073 -0.0318761 0.836478 292.395 -0.0232868 0.999467 0.0228572 1.86818 -0.836761 -0.00697439 -0.547524 44.4097 
-0.551755 -0.0331305 0.833348 293.514 -0.0262606 0.999405 0.0223453 1.88083 -0.833593 -0.00955512 -0.552297 43.6847 
-0.561755 -0.0292742 0.826785 295.607 -0.0223771 0.999546 0.0201871 1.89468 -0.827001 -0.00716086 -0.562155 42.2784 
-0.568421 -0.0308987 0.822158 296.557 -0.0233552 0.999498 0.0214163 1.89612 -0.822406 -0.00702814 -0.568857 41.6312 
-0.576117 -0.0297453 0.816825 297.429 -0.0211067 0.999546 0.0215124 1.89784 -0.817094 -0.00484682 -0.576484 41.016 
-0.586884 -0.0299365 0.809118 298.625 -0.0180649 0.999552 0.0238792 1.90662 -0.80947 -0.000602329 -0.587161 40.1507 
-0.599322 -0.0320629 0.799866 299.686 -0.0171173 0.999482 0.027239 1.90968 -0.800325 0.00263339 -0.599561 39.3615 
-0.613815 -0.0279619 0.788954 300.596 -0.0121343 0.999589 0.0259865 1.91732 -0.789356 0.00637747 -0.613902 38.6428 
-0.626779 -0.0251021 0.778793 301.357 -0.00965571 0.999654 0.0244499 1.92055 -0.779137 0.00780489 -0.626805 38.0239 
-0.639048 -0.017076 0.768977 302.083 -0.00505732 0.999825 0.0179994 1.92171 -0.76915 0.0076135 -0.639022 37.4084 
-0.646141 -0.0101255 0.763151 302.677 -0.00314519 0.999939 0.0106042 1.92443 -0.763212 0.00445156 -0.646133 36.8982 
-0.663094 0.00529002 0.748518 303.274 -0.000904009 0.999969 -0.00786795 1.92031 -0.748536 -0.00589385 -0.663068 36.3606 
-0.689822 0.00482038 0.723963 303.654 -0.0030991 0.999949 -0.00961094 1.92297 -0.723972 -0.00887347 -0.689772 35.9728 
-0.730849 -0.00206276 0.682537 304.141 -0.00229354 0.999997 0.000566303 1.90869 -0.682536 -0.00115154 -0.730851 35.4148 
-0.764853 -0.00101039 0.644204 304.463 -0.000802714 0.999999 0.000615379 1.90096 -0.644204 -4.64369e-05 -0.764854 34.992 
-0.849034 0.00554639 0.52831 305.057 0.0128663 0.999865 0.0101802 1.89153 -0.528182 0.0154408 -0.848991 34.0115 
-0.954755 -0.003691 0.297371 305.614 0.00471824 0.999609 0.0275559 1.89123 -0.297356 0.0277122 -0.954364 32.2453 
-0.970403 0.000144864 0.241491 305.653 0.00695131 0.999602 0.0273334 1.88518 -0.241391 0.0282031 -0.970018 31.8824 
-0.983229 0.00159647 0.182366 305.678 0.00620977 0.999675 0.0247287 1.88658 -0.182267 0.0254464 -0.98292 31.4957 
-0.998488 0.00138792 0.0549447 305.676 0.00229652 0.999862 0.0164769 1.90525 -0.0549143 0.0165782 -0.998353 30.6919 
-0.999943 0.000131417 -0.0107042 305.637 -3.123e-05 0.999885 0.015193 1.91376 0.010705 0.0151925 -0.999827 30.2836 
-0.990539 0.00692992 -0.137058 305.47 0.00426607 0.999796 0.0197201 1.92269 0.137167 0.0189489 -0.990367 29.4392 
-0.980336 0.0121514 -0.196961 305.341 0.00811895 0.999741 0.021268 1.92197 0.197168 0.0192507 -0.980181 29.0196 
-0.967304 0.0151723 -0.253166 305.195 0.0100128 0.999715 0.0216563 1.92179 0.253422 0.0184134 -0.96718 28.6066 
-0.935068 0.0147079 -0.354162 304.813 0.00950424 0.99982 0.0164278 1.94486 0.35434 0.0119951 -0.93504 27.6803 
-0.917401 0.0129349 -0.397754 304.589 0.00770368 0.999862 0.0147471 1.95341 0.39789 0.0104648 -0.917373 27.2271 
-0.883165 0.014367 -0.468842 304.045 0.00729378 0.999831 0.0168989 1.96225 0.469005 0.0115049 -0.88312 26.2564 
-0.841346 0.0203132 -0.540115 303.427 0.012427 0.999756 0.0182421 1.98162 0.540354 0.00863587 -0.841393 25.1946 
-0.814381 0.0225619 -0.579892 301.969 0.0149272 0.999728 0.0179333 2.00688 0.580139 0.00594839 -0.814496 23.0997 
-0.805408 0.0244183 -0.592218 300.289 0.0167741 0.99969 0.0184067 2.03792 0.592483 0.00489099 -0.805568 20.7799 
-0.803809 0.0278697 -0.594234 299.324 0.0180877 0.999585 0.0224139 2.06148 0.594612 0.00726819 -0.80398 19.4214 
-0.80731 0.0221874 -0.589711 297.244 0.0184926 0.999753 0.0122986 2.11003 0.589838 -0.00097652 -0.807521 16.5577 
-0.807593 0.0182402 -0.589458 296.867 0.0165264 0.999829 0.00829651 2.11619 0.589509 -0.00304142 -0.807756 16.0058 
-0.807212 0.0274919 -0.589622 295.559 0.0159902 0.999567 0.024715 2.13594 0.590045 0.0105221 -0.807301 14.1509 
-0.808878 0.0292389 -0.587249 293.251 0.0264465 0.999561 0.0133403 2.19869 0.587381 -0.00474005 -0.809297 10.9789 
-0.809268 0.0266415 -0.586836 292.781 0.0265288 0.999609 0.00879667 2.20787 0.586841 -0.00844916 -0.809658 10.3055 
-0.810053 0.027119 -0.58573 291.041 0.0220894 0.999632 0.0157333 2.21874 0.585941 -0.000193605 -0.810354 7.84808 
-0.81007 0.0305826 -0.585535 290.458 0.0211431 0.999513 0.0229539 2.22737 0.585952 0.00621429 -0.810322 7.02533 
-0.809318 0.0333724 -0.586422 289.865 0.0220856 0.999408 0.0263946 2.24438 0.586955 0.00841015 -0.809576 6.18658 
-0.808893 0.0330342 -0.587027 289.263 0.0232387 0.999437 0.0242203 2.2653 0.587496 0.00594989 -0.809205 5.34021 
-0.809192 0.0303427 -0.58676 288.058 0.0255793 0.999538 0.0164125 2.29836 0.586987 -0.00172808 -0.809594 3.66136 
-0.809382 0.0304889 -0.58649 287.45 0.0268733 0.999528 0.0148744 2.30753 0.586667 -0.00372187 -0.80982 2.81285 
-0.809727 0.030869 -0.585994 286.836 0.0270507 0.999517 0.0152738 2.31378 0.586183 -0.00348392 -0.810171 1.94904 
-0.811501 0.0359071 -0.583247 285.594 0.0288053 0.999355 0.0214461 2.32841 0.583641 0.000602963 -0.812012 0.198851 
-0.812494 0.0360416 -0.581854 284.987 0.0303873 0.999349 0.0194699 2.33397 0.582177 -0.00186185 -0.81306 -0.665262 
-0.81442 0.0312047 -0.579437 283.748 0.031685 0.999455 0.00928973 2.34785 0.579411 -0.0107937 -0.814964 -2.41904 
-0.815193 0.0301027 -0.578407 283.136 0.0312194 0.99948 0.00801719 2.3465 0.578347 -0.011522 -0.815709 -3.29796 
-0.816908 0.0306597 -0.575952 281.901 0.0280427 0.999516 0.0134326 2.34061 0.576086 -0.00517808 -0.817373 -5.07943 
-0.817781 0.0322817 -0.574623 281.298 0.0265006 0.999479 0.018435 2.3417 0.574919 -0.000152084 -0.81821 -5.95781 
-0.819066 0.0314383 -0.572837 280.076 0.0224258 0.999489 0.0227884 2.35149 0.573261 0.0058189 -0.819352 -7.73359 
-0.819088 0.0307586 -0.572842 279.472 0.0223342 0.999514 0.0217336 2.36012 0.573233 0.0050078 -0.819377 -8.61163 
-0.818978 0.0277912 -0.573152 278.265 0.0224977 0.999614 0.0163227 2.37125 0.573384 0.000473327 -0.819287 -10.3567 
-0.819059 0.0267729 -0.573084 277.668 0.023915 0.999636 0.0125206 2.37303 0.57321 -0.00345026 -0.819401 -11.2185 
-0.818803 0.025893 -0.57349 276.469 0.0226721 0.999661 0.0127643 2.37058 0.573626 -0.00255082 -0.819113 -12.9513 
-0.819101 0.0254135 -0.573086 275.813 0.0198946 0.999676 0.0158956 2.36761 0.573304 0.00161874 -0.819341 -13.9004 
-0.819257 0.0237035 -0.572936 274.552 0.0160231 0.999701 0.0184476 2.37098 0.573202 0.00593313 -0.819393 -15.7202 
-0.819564 0.0239075 -0.572488 273.876 0.0135756 0.999659 0.0223119 2.37814 0.572826 0.0105141 -0.819609 -16.6946 
-0.819813 0.0246585 -0.5721 273.209 0.0111014 0.999569 0.0271749 2.38705 0.572524 0.0159272 -0.819734 -17.6583 
-0.819518 0.0172742 -0.572793 272.074 0.005577 0.999739 0.0221706 2.40604 0.573027 0.0149747 -0.8194 -19.3148 
-0.819502 0.0130762 -0.572927 271.529 0.00355517 0.999836 0.0177345 2.41449 0.573065 0.0124966 -0.819414 -20.1049 
-0.819235 0.0102543 -0.573367 270.988 0.00163911 0.999878 0.0155402 2.41741 0.573456 0.0117913 -0.819151 -20.8908 
-0.819084 0.00763221 -0.573623 270.451 -0.00105433 0.99989 0.0148093 2.41581 0.573672 0.0127349 -0.818986 -21.6716 
-0.818929 0.00571288 -0.573866 269.915 -0.00271917 0.999901 0.0138345 2.41647 0.573888 0.0128899 -0.818832 -22.4509 
-0.819003 0.00617343 -0.573756 269.378 -0.00293362 0.999884 0.014946 2.41551 0.573782 0.013924 -0.81889 -23.2252 
-0.81905 0.00807315 -0.573665 268.847 -0.00250317 0.999841 0.0176446 2.41419 0.573716 0.0158878 -0.8189 -23.9892 
-0.819366 0.00979272 -0.573187 268.104 -0.00163447 0.99981 0.0194179 2.42205 0.573268 0.0168472 -0.819195 -25.0487 
-0.819388 0.00896135 -0.573169 267.537 -0.00272658 0.999806 0.0195295 2.42502 0.573233 0.0175651 -0.819204 -25.8577 
-0.818641 0.00734368 -0.574258 266.36 -0.00437807 0.999809 0.0190269 2.44007 0.574288 0.0180904 -0.818453 -27.5508 
-0.818131 0.00600991 -0.575001 265.78 -0.0056703 0.999812 0.0185179 2.44417 0.575004 0.0184105 -0.817943 -28.3746 
-0.817629 0.00475983 -0.575726 265.205 -0.00653084 0.999825 0.017541 2.44666 0.575709 0.018102 -0.817454 -29.1833 
-0.817017 0.00375403 -0.576601 263.994 -0.00842242 0.999794 0.0184435 2.45935 0.576551 0.019925 -0.816818 -30.9084 
-0.816507 0.00444033 -0.577318 263.34 -0.00648215 0.999837 0.0168578 2.4711 0.577299 0.0175068 -0.816345 -31.8297 
-0.816336 -0.000927042 -0.577576 262.074 -0.00738405 0.999934 0.00883155 2.48576 0.57753 0.0114744 -0.816289 -33.6338 
-0.816454 0.00209658 -0.577406 261.458 -0.00572171 0.999915 0.0117212 2.48519 0.577382 0.0128736 -0.816373 -34.5024 
-0.816209 0.006059 -0.577726 260.214 -0.00649824 0.999785 0.0196661 2.49074 0.577721 0.0198058 -0.815994 -36.2767 
-0.816016 0.00798706 -0.577974 259.602 -0.00560769 0.999748 0.0217328 2.49865 0.578002 0.0209754 -0.815765 -37.1445 
-0.815892 0.00839113 -0.578144 258.991 -0.00646313 0.9997 0.0236305 2.50657 0.578169 0.0230165 -0.815593 -38.012 
-0.815884 0.0104359 -0.578122 258.381 -0.00419539 0.999704 0.0239668 2.51412 0.578201 0.0219796 -0.815598 -38.8751 
-0.816205 0.0107993 -0.577662 257.147 -0.000470534 0.999813 0.0193561 2.52896 0.577763 0.0160704 -0.816047 -40.6195 
-0.816418 0.0118846 -0.577339 256.546 0.0017149 0.999834 0.0181567 2.53432 0.577458 0.0138334 -0.816303 -41.4685 
-0.81667 0.0137451 -0.576941 255.944 0.00306766 0.999806 0.0194772 2.53887 0.577096 0.0141366 -0.816554 -42.3163 
-0.816739 0.01764 -0.576738 255.346 0.00570033 0.99973 0.0225051 2.54377 0.576979 0.0150932 -0.816619 -43.1594 
-0.816953 0.0218198 -0.576292 254.752 0.00822111 0.999623 0.0261939 2.55083 0.576646 0.0166614 -0.816824 -43.9942 
-0.817187 0.0251852 -0.575822 254.162 0.0112871 0.999553 0.0276999 2.55824 0.576262 0.0161366 -0.817105 -44.8225 
-0.817471 0.0253878 -0.57541 253.581 0.0136044 0.9996 0.0247762 2.56581 0.575809 0.0124257 -0.81749 -45.6389 
-0.817629 0.0261903 -0.57515 252.982 0.0176083 0.999635 0.0204881 2.58166 0.575476 0.00662427 -0.817792 -46.4886 
-0.818745 0.0315898 -0.573288 251.191 0.0227361 0.999486 0.0226039 2.60238 0.573708 0.00547248 -0.819042 -49.044 
-0.820756 0.0406513 -0.569831 248.932 0.0300872 0.999157 0.027943 2.63318 0.570486 0.00578974 -0.821287 -52.2855 
-0.821335 0.0405699 -0.569002 248.426 0.0311401 0.999169 0.0262912 2.64134 0.569595 0.00387514 -0.821916 -53.0106 
-0.822512 0.0375708 -0.567505 247.362 0.0291548 0.999289 0.023901 2.65626 0.568 0.0031134 -0.823023 -54.5649 
-0.823666 0.0365752 -0.565894 245.796 0.0264812 0.99931 0.0260444 2.67396 0.566456 0.00646633 -0.824066 -56.8654 
-0.824026 0.0344118 -0.565506 245.264 0.0249227 0.999389 0.0244981 2.67385 0.566004 0.00609314 -0.82438 -57.6454 
-0.824079 0.0328778 -0.56552 244.757 0.0245228 0.999449 0.0223703 2.68094 0.565944 0.00456677 -0.824431 -58.3911 
-0.823631 0.0327801 -0.566178 244.254 0.0252592 0.999458 0.0211208 2.68815 0.566563 0.00309456 -0.824012 -59.123 
-0.820849 0.0349803 -0.570072 242.788 0.026029 0.999377 0.0238436 2.69874 0.570551 0.00473357 -0.821248 -61.2542 
-0.818864 0.0379571 -0.572732 241.852 0.0286082 0.99927 0.0253228 2.70824 0.573275 0.00435113 -0.819352 -62.5917 
-0.814786 0.0429547 -0.578168 240.152 0.0306362 0.999048 0.0310494 2.73305 0.578952 0.00758577 -0.815327 -65.0024 
-0.813521 0.0379089 -0.580299 239.346 0.0305972 0.999281 0.0223852 2.74003 0.580731 0.000455312 -0.814096 -66.1345 
-0.813539 0.041186 -0.58005 237.603 0.0303784 0.999137 0.0283361 2.75323 0.580717 0.00543149 -0.814088 -68.596 
-0.824168 0.0333132 -0.565365 236.761 0.0270183 0.999445 0.0195044 2.7628 0.565701 0.00079968 -0.82461 -69.8448 
-0.849683 0.0303419 -0.526421 236.058 0.0257896 0.99954 0.0159852 2.76435 0.526663 6.20261e-06 -0.850074 -71.0156 
-0.873819 0.0276638 -0.485465 235.673 0.0214986 0.999602 0.0182647 2.76023 0.485777 0.00552326 -0.874066 -71.8113 
-0.903377 0.0321216 -0.427643 235.335 0.0248688 0.999437 0.0225365 2.76225 0.428126 0.00972398 -0.903667 -72.6145 
-0.964353 0.0270586 -0.263231 234.913 0.0201779 0.999381 0.0288083 2.77579 0.263847 0.02247 -0.964303 -74.2319 
-0.976044 0.0286139 -0.215685 234.82 0.0221384 0.99923 0.0323801 2.78712 0.216445 0.0268295 -0.975926 -74.6497 
-0.99216 0.020251 0.123326 235.007 0.0264307 0.998465 0.0486802 2.84803 -0.122151 0.0515581 -0.991172 -77.2412 
-0.982396 0.0244088 0.185207 235.123 0.0344834 0.998084 0.0513709 2.86001 -0.183599 0.0568532 -0.981356 -77.7086 
-0.950025 0.0320166 0.310528 235.465 0.0492801 0.997635 0.047907 2.90101 -0.30826 0.0608156 -0.949356 -78.6434 
-0.926333 0.037709 0.374814 235.674 0.0577723 0.997428 0.0424327 2.92091 -0.37225 0.0609607 -0.926128 -79.0963 
-0.89868 0.0373613 0.437011 235.933 0.0586921 0.997648 0.0354043 2.93318 -0.43466 0.0574662 -0.898759 -79.5407 
-0.829579 0.0400598 0.55695 236.558 0.0627973 0.997789 0.0217687 2.94989 -0.554847 0.0530338 -0.83026 -80.3946 
-0.789154 0.0492436 0.612218 236.897 0.0748737 0.99706 0.0163145 2.96205 -0.609614 0.0587137 -0.790521 -80.8067 
-0.747191 0.0466666 0.662969 237.28 0.0766813 0.996923 0.016249 2.96922 -0.660171 0.0629784 -0.748471 -81.2011 
-0.707 0.0337061 0.70641 237.292 0.0678439 0.997489 0.0203058 2.95583 -0.703952 0.0622818 -0.707512 -81.2925 
-0.667632 0.0193137 0.744241 237.583 0.0565506 0.998091 0.0248282 2.94741 -0.742341 0.0586634 -0.66745 -81.5372 
-0.631711 0.00913163 0.77515 237.899 0.0461515 0.9986 0.0258474 2.94918 -0.773829 0.0521024 -0.631248 -81.77 
-0.559876 -0.0097478 0.828519 239.384 0.0361196 0.998693 0.0361579 2.9877 -0.827789 0.0501697 -0.558792 -82.7327 
-0.530999 0.0049536 0.847358 241.667 0.0247739 0.999646 0.00968077 3.03639 -0.84701 0.0261328 -0.530934 -84.1315 
-0.534935 0.00319184 0.844887 244.938 0.0298453 0.99944 0.0151207 3.05825 -0.844366 0.0333045 -0.534731 -86.2026 
-0.535998 0.00170226 0.844218 245.457 0.0264904 0.999539 0.0148034 3.06799 -0.843804 0.0302982 -0.535796 -86.5289 
-0.538691 0.00127294 0.842502 246.067 0.0230043 0.999648 0.0131985 3.07716 -0.842189 0.0264911 -0.538531 -86.9166 
-0.546324 -0.000939812 0.837573 247.232 0.0178837 0.999758 0.0127868 3.09106 -0.837383 0.0219646 -0.546175 -87.663 
