1.041815e-01 5.688816e-02 -9.929300e-01 9.288647e+01 -6.081904e-02 9.968587e-01 5.073193e-02 -7.539571e+00 9.926970e-01 5.510371e-02 1.073141e-01 1.653259e+02
1.061034e-01 5.692616e-02 -9.927243e-01 9.191835e+01 -6.274834e-02 9.967534e-01 5.045061e-02 -7.510417e+00 9.923733e-01 5.693881e-02 1.093309e-01 1.654274e+02
1.082547e-01 5.678987e-02 -9.924998e-01 9.095214e+01 -6.350731e-02 9.967228e-01 5.010460e-02 -7.480226e+00 9.920926e-01 5.760692e-02 1.115065e-01 1.655302e+02
1.098515e-01 5.476449e-02 -9.924381e-01 8.997192e+01 -6.419284e-02 9.967873e-01 4.789909e-02 -7.451480e+00 9.918730e-01 5.844563e-02 1.130140e-01 1.656374e+02
1.117552e-01 5.092152e-02 -9.924302e-01 8.902823e+01 -6.366019e-02 9.970017e-01 4.398747e-02 -7.424901e+00 9.916946e-01 5.826246e-02 1.146618e-01 1.657432e+02
1.126116e-01 4.839162e-02 -9.924600e-01 8.806538e+01 -6.409094e-02 9.970872e-01 4.134503e-02 -7.399685e+00 9.915700e-01 5.895176e-02 1.153851e-01 1.658512e+02
1.133351e-01 4.766750e-02 -9.924127e-01 8.709607e+01 -6.367389e-02 9.971436e-01 4.062309e-02 -7.380274e+00 9.915144e-01 5.858675e-02 1.160465e-01 1.659632e+02
1.134882e-01 4.941651e-02 -9.923096e-01 8.612617e+01 -6.318024e-02 9.970998e-01 4.242929e-02 -7.361033e+00 9.915285e-01 5.787913e-02 1.162812e-01 1.660746e+02
1.139765e-01 5.146586e-02 -9.921495e-01 8.515047e+01 -5.993470e-02 9.971945e-01 4.484238e-02 -7.341209e+00 9.916740e-01 5.435320e-02 1.167414e-01 1.661916e+02
1.136868e-01 5.135253e-02 -9.921886e-01 8.418412e+01 -5.764645e-02 9.973217e-01 4.501298e-02 -7.317668e+00 9.918429e-01 5.207877e-02 1.163426e-01 1.663055e+02
1.131856e-01 5.055762e-02 -9.922867e-01 8.321610e+01 -5.677313e-02 9.974019e-01 4.434240e-02 -7.293431e+00 9.919505e-01 5.131629e-02 1.157619e-01 1.664184e+02
1.119347e-01 5.125816e-02 -9.923927e-01 8.224261e+01 -5.568172e-02 9.974232e-01 4.523751e-02 -7.267431e+00 9.921543e-01 5.019448e-02 1.145004e-01 1.665315e+02
1.109191e-01 5.441103e-02 -9.923388e-01 8.126555e+01 -5.365575e-02 9.973717e-01 4.868961e-02 -7.240322e+00 9.923800e-01 4.784408e-02 1.135470e-01 1.666460e+02
1.100869e-01 5.942134e-02 -9.921441e-01 8.028691e+01 -5.519025e-02 9.970366e-01 5.359054e-02 -7.211469e+00 9.923885e-01 4.885706e-02 1.130402e-01 1.667540e+02
1.106046e-01 6.112154e-02 -9.919832e-01 7.931183e+01 -5.530860e-02 9.969389e-01 5.526008e-02 -7.181974e+00 9.923244e-01 4.875318e-02 1.136466e-01 1.668626e+02
1.111544e-01 5.623192e-02 -9.922110e-01 7.833892e+01 -5.463148e-02 9.972340e-01 5.039641e-02 -7.153796e+00 9.923004e-01 4.860417e-02 1.139190e-01 1.669738e+02
1.120495e-01 4.888660e-02 -9.924994e-01 7.736723e+01 -5.274679e-02 9.976736e-01 4.318657e-02 -7.127829e+00 9.923017e-01 4.751212e-02 1.143674e-01 1.670870e+02
1.126959e-01 4.490989e-02 -9.926141e-01 7.639326e+01 -5.138845e-02 9.979046e-01 3.931491e-02 -7.104477e+00 9.922998e-01 4.657826e-02 1.147676e-01 1.672019e+02
1.133072e-01 4.754658e-02 -9.924217e-01 7.540969e+01 -5.015329e-02 9.978546e-01 4.208076e-02 -7.083141e+00 9.922934e-01 4.500516e-02 1.154487e-01 1.673142e+02
1.129118e-01 5.261815e-02 -9.922108e-01 7.442483e+01 -4.968523e-02 9.976465e-01 4.725233e-02 -7.061818e+00 9.923620e-01 4.396287e-02 1.152604e-01 1.674265e+02
1.118953e-01 5.419679e-02 -9.922410e-01 7.343870e+01 -4.883268e-02 9.976051e-01 4.898292e-02 -7.037860e+00 9.925195e-01 4.297282e-02 1.142740e-01 1.675389e+02
1.105890e-01 5.380875e-02 -9.924085e-01 7.245612e+01 -4.852186e-02 9.976349e-01 4.868510e-02 -7.009383e+00 9.926811e-01 4.276946e-02 1.129384e-01 1.676483e+02
1.091027e-01 5.397384e-02 -9.925641e-01 7.147256e+01 -4.851606e-02 9.976239e-01 4.891611e-02 -6.982627e+00 9.928458e-01 4.281841e-02 1.114620e-01 1.677550e+02
1.068224e-01 5.456378e-02 -9.927798e-01 7.048515e+01 -4.744759e-02 9.976352e-01 4.972533e-02 -6.956324e+00 9.931454e-01 4.179322e-02 1.091588e-01 1.678634e+02
1.035536e-01 5.489837e-02 -9.931076e-01 6.949760e+01 -4.528329e-02 9.977004e-01 5.043048e-02 -6.928865e+00 9.935925e-01 3.974892e-02 1.058014e-01 1.679681e+02
1.002521e-01 5.520621e-02 -9.934293e-01 6.850825e+01 -4.321653e-02 9.977588e-01 5.108561e-02 -6.902407e+00 9.940231e-01 3.781113e-02 1.024133e-01 1.680701e+02
9.720146e-02 5.393726e-02 -9.938021e-01 6.751984e+01 -4.200995e-02 9.978628e-01 5.004877e-02 -6.876903e+00 9.943777e-01 3.688476e-02 9.925963e-02 1.681677e+02
9.444052e-02 5.308277e-02 -9.941143e-01 6.652966e+01 -4.175556e-02 9.979099e-01 4.931869e-02 -6.849228e+00 9.946545e-01 3.685211e-02 9.645963e-02 1.682622e+02
9.218087e-02 5.278076e-02 -9.943424e-01 6.553633e+01 -4.171846e-02 9.979220e-01 4.910325e-02 -6.822546e+00 9.948680e-01 3.695605e-02 9.419126e-02 1.683543e+02
9.016400e-02 5.260268e-02 -9.945368e-01 6.454085e+01 -4.300995e-02 9.978782e-01 4.888018e-02 -6.796390e+00 9.949978e-01 3.836774e-02 9.223513e-02 1.684419e+02
8.838344e-02 5.185421e-02 -9.947359e-01 6.354367e+01 -4.261793e-02 9.979264e-01 4.823389e-02 -6.768485e+00 9.951744e-01 3.813050e-02 9.041010e-02 1.685295e+02
8.614914e-02 5.368951e-02 -9.948345e-01 6.254205e+01 -4.363177e-02 9.977921e-01 5.007079e-02 -6.740162e+00 9.953264e-01 3.909283e-02 8.830151e-02 1.686151e+02
8.487163e-02 5.571687e-02 -9.948329e-01 6.154040e+01 -4.496258e-02 9.976324e-01 5.203780e-02 -6.714259e+00 9.953769e-01 4.031371e-02 8.717586e-02 1.686972e+02
8.382030e-02 5.575487e-02 -9.949199e-01 6.053894e+01 -4.647351e-02 9.975658e-01 5.198785e-02 -6.686894e+00 9.953966e-01 4.187977e-02 8.620739e-02 1.687777e+02
8.353113e-02 5.489677e-02 -9.949919e-01 5.953933e+01 -4.689459e-02 9.975917e-01 5.110335e-02 -6.658607e+00 9.954012e-01 4.239101e-02 8.590433e-02 1.688593e+02
8.336753e-02 5.411814e-02 -9.950483e-01 5.853719e+01 -4.698183e-02 9.976274e-01 5.032217e-02 -6.630508e+00 9.954108e-01 4.255395e-02 8.571230e-02 1.689414e+02
8.279885e-02 5.347158e-02 -9.951307e-01 5.753603e+01 -4.723969e-02 9.976475e-01 4.967630e-02 -6.604353e+00 9.954460e-01 4.289652e-02 8.513005e-02 1.690211e+02
8.230406e-02 5.319369e-02 -9.951866e-01 5.653409e+01 -4.585416e-02 9.977191e-01 4.953683e-02 -6.576718e+00 9.955519e-01 4.155636e-02 8.455549e-02 1.691030e+02
8.110063e-02 5.442569e-02 -9.952188e-01 5.553393e+01 -4.576313e-02 9.976583e-01 5.082986e-02 -6.548982e+00 9.956548e-01 4.142200e-02 8.340140e-02 1.691850e+02
7.992681e-02 5.546805e-02 -9.952562e-01 5.453419e+01 -4.540825e-02 9.976166e-01 5.195298e-02 -6.521493e+00 9.957660e-01 4.104040e-02 8.225503e-02 1.692648e+02
7.838363e-02 5.594360e-02 -9.953523e-01 5.353630e+01 -4.488628e-02 9.976097e-01 5.253571e-02 -6.494630e+00 9.959123e-01 4.055972e-02 8.070737e-02 1.693432e+02
7.712824e-02 5.490713e-02 -9.955081e-01 5.254333e+01 -4.327253e-02 9.977259e-01 5.167687e-02 -6.467507e+00 9.960817e-01 3.909241e-02 7.932881e-02 1.694202e+02
7.571156e-02 5.420676e-02 -9.956552e-01 5.154988e+01 -4.330526e-02 9.977578e-01 5.102823e-02 -6.441651e+00 9.961890e-01 3.925368e-02 7.788924e-02 1.694950e+02
7.421353e-02 5.420251e-02 -9.957682e-01 5.056160e+01 -4.300168e-02 9.977670e-01 5.110646e-02 -6.413829e+00 9.963148e-01 3.902692e-02 7.637861e-02 1.695670e+02
7.243793e-02 5.331380e-02 -9.959470e-01 4.957187e+01 -4.150333e-02 9.978665e-01 5.039792e-02 -6.389179e+00 9.965091e-01 3.768439e-02 7.449608e-02 1.696402e+02
7.019359e-02 5.041907e-02 -9.962584e-01 4.858770e+01 -4.125677e-02 9.980140e-01 4.760109e-02 -6.365828e+00 9.966799e-01 3.776110e-02 7.213432e-02 1.697083e+02
6.800837e-02 4.523318e-02 -9.966588e-01 4.761182e+01 -3.866073e-02 9.983408e-01 4.267146e-02 -6.344237e+00 9.969354e-01 3.562954e-02 6.964428e-02 1.697763e+02
6.548812e-02 4.304444e-02 -9.969245e-01 4.663550e+01 -3.859644e-02 9.984308e-01 4.057408e-02 -6.324209e+00 9.971067e-01 3.582061e-02 6.704672e-02 1.698396e+02
6.365355e-02 4.287461e-02 -9.970506e-01 4.566087e+01 -3.788466e-02 9.984604e-01 4.051662e-02 -6.305321e+00 9.972527e-01 3.519390e-02 6.517984e-02 1.699006e+02
6.091850e-02 4.731922e-02 -9.970205e-01 4.468182e+01 -3.681538e-02 9.983025e-01 4.513064e-02 -6.287617e+00 9.974636e-01 3.395640e-02 6.255717e-02 1.699586e+02
5.890474e-02 4.949878e-02 -9.970356e-01 4.371013e+01 -3.546363e-02 9.982432e-01 4.746356e-02 -6.268908e+00 9.976335e-01 3.256267e-02 6.055667e-02 1.700171e+02
5.783970e-02 5.111024e-02 -9.970167e-01 4.274416e+01 -3.637571e-02 9.981333e-01 4.905724e-02 -6.249479e+00 9.976630e-01 3.342973e-02 5.959091e-02 1.700723e+02
5.757792e-02 5.061736e-02 -9.970570e-01 4.178176e+01 -3.737531e-02 9.981230e-01 4.851315e-02 -6.228328e+00 9.976412e-01 3.447203e-02 5.936169e-02 1.701248e+02
5.771386e-02 5.059196e-02 -9.970504e-01 4.082336e+01 -3.817192e-02 9.980966e-01 4.843549e-02 -6.202703e+00 9.976032e-01 3.526392e-02 5.953520e-02 1.701766e+02
5.786598e-02 5.157459e-02 -9.969913e-01 3.986470e+01 -3.943703e-02 9.980032e-01 4.933801e-02 -6.175146e+00 9.975451e-01 3.646338e-02 5.978439e-02 1.702280e+02
5.800658e-02 5.504314e-02 -9.967976e-01 3.890723e+01 -4.140682e-02 9.977523e-01 5.268629e-02 -6.146854e+00 9.974572e-01 3.821806e-02 6.015537e-02 1.702780e+02
5.789332e-02 5.620071e-02 -9.967396e-01 3.795304e+01 -4.210314e-02 9.976633e-01 5.380735e-02 -6.116530e+00 9.974346e-01 3.885078e-02 6.012427e-02 1.703283e+02
5.788577e-02 5.519813e-02 -9.967961e-01 3.700423e+01 -4.236087e-02 9.977068e-01 5.278860e-02 -6.084618e+00 9.974241e-01 3.916944e-02 6.009127e-02 1.703775e+02
5.741449e-02 5.457212e-02 -9.968578e-01 3.606880e+01 -4.273685e-02 9.977239e-01 5.215810e-02 -6.054520e+00 9.974353e-01 3.960793e-02 5.961606e-02 1.704262e+02
5.593824e-02 5.456659e-02 -9.969420e-01 3.513286e+01 -4.319133e-02 9.977030e-01 5.218479e-02 -6.023869e+00 9.974996e-01 4.014012e-02 5.816655e-02 1.704735e+02
5.412318e-02 5.573722e-02 -9.969774e-01 3.420793e+01 -4.435678e-02 9.975895e-01 5.336345e-02 -5.994786e+00 9.975486e-01 4.133450e-02 5.646504e-02 1.705188e+02
5.246166e-02 5.692426e-02 -9.969992e-01 3.329000e+01 -4.489274e-02 9.974991e-01 5.459058e-02 -5.964224e+00 9.976134e-01 4.189410e-02 5.488595e-02 1.705614e+02
5.065391e-02 5.773827e-02 -9.970459e-01 3.238526e+01 -4.559514e-02 9.974202e-01 5.544354e-02 -5.934340e+00 9.976750e-01 4.265201e-02 5.315582e-02 1.706028e+02
4.869586e-02 5.731991e-02 -9.971675e-01 3.148447e+01 -4.668680e-02 9.973913e-01 5.505288e-02 -5.904040e+00 9.977220e-01 4.387371e-02 5.124491e-02 1.706422e+02
4.645898e-02 5.683115e-02 -9.973022e-01 3.058176e+01 -4.671814e-02 9.974114e-01 5.466104e-02 -5.872975e+00 9.978272e-01 4.405261e-02 4.899377e-02 1.706794e+02
4.400409e-02 5.631493e-02 -9.974428e-01 2.970436e+01 -4.699707e-02 9.974213e-01 5.424036e-02 -5.841817e+00 9.979253e-01 4.449009e-02 4.653726e-02 1.707134e+02
4.208114e-02 5.593677e-02 -9.975471e-01 2.882594e+01 -4.705233e-02 9.974347e-01 5.394559e-02 -5.812160e+00 9.980057e-01 4.466682e-02 4.460515e-02 1.707461e+02
4.047260e-02 5.586884e-02 -9.976175e-01 2.795477e+01 -4.724367e-02 9.974258e-01 5.394149e-02 -5.782162e+00 9.980632e-01 4.494795e-02 4.300787e-02 1.707773e+02
3.908881e-02 5.602373e-02 -9.976640e-01 2.709342e+01 -4.713165e-02 9.974191e-01 5.416336e-02 -5.753892e+00 9.981236e-01 4.490437e-02 4.162842e-02 1.708071e+02
3.758059e-02 5.625856e-02 -9.977087e-01 2.624437e+01 -4.771097e-02 9.973764e-01 5.444271e-02 -5.725102e+00 9.981540e-01 4.555566e-02 4.016614e-02 1.708337e+02
3.608180e-02 5.745935e-02 -9.976956e-01 2.540547e+01 -4.825849e-02 9.972811e-01 5.569022e-02 -5.695381e+00 9.981830e-01 4.613788e-02 3.875661e-02 1.708574e+02
3.524163e-02 5.809231e-02 -9.976890e-01 2.458317e+01 -4.977686e-02 9.971720e-01 5.630394e-02 -5.666829e+00 9.981384e-01 4.767758e-02 3.803362e-02 1.708773e+02
3.543049e-02 5.854111e-02 -9.976560e-01 2.377585e+01 -5.129047e-02 9.970737e-01 5.668543e-02 -5.638788e+00 9.980551e-01 4.916185e-02 3.832941e-02 1.708968e+02
3.686562e-02 5.810791e-02 -9.976294e-01 2.298624e+01 -5.261516e-02 9.970362e-01 5.612907e-02 -5.610987e+00 9.979342e-01 5.042119e-02 3.981371e-02 1.709164e+02
3.921312e-02 5.679216e-02 -9.976156e-01 2.220933e+01 -5.394901e-02 9.970476e-01 5.463927e-02 -5.584114e+00 9.977735e-01 5.167780e-02 4.216123e-02 1.709378e+02
4.211040e-02 5.584768e-02 -9.975509e-01 2.144560e+01 -5.394437e-02 9.971072e-01 5.354566e-02 -5.559904e+00 9.976556e-01 5.155742e-02 4.500126e-02 1.709645e+02
4.475473e-02 5.500375e-02 -9.974826e-01 2.069094e+01 -5.474365e-02 9.971178e-01 5.252743e-02 -5.536829e+00 9.974970e-01 5.225498e-02 4.763685e-02 1.709942e+02
4.765837e-02 5.461661e-02 -9.973694e-01 1.994428e+01 -5.387815e-02 9.971909e-01 5.203233e-02 -5.515388e+00 9.974096e-01 5.125663e-02 5.046714e-02 1.710278e+02
5.043237e-02 5.374455e-02 -9.972803e-01 1.920611e+01 -5.317505e-02 9.972792e-01 5.105544e-02 -5.494749e+00 9.973109e-01 5.045558e-02 5.315303e-02 1.710651e+02
5.298732e-02 5.342684e-02 -9.971649e-01 1.847268e+01 -5.267936e-02 9.973268e-01 5.063625e-02 -5.472781e+00 9.972047e-01 4.984693e-02 5.566017e-02 1.711029e+02
5.582100e-02 5.224370e-02 -9.970730e-01 1.774801e+01 -5.240799e-02 9.974067e-01 4.932715e-02 -5.451042e+00 9.970644e-01 4.950109e-02 5.841424e-02 1.711422e+02
5.813500e-02 5.217133e-02 -9.969446e-01 1.702821e+01 -5.206672e-02 9.974328e-01 4.916072e-02 -5.430247e+00 9.969501e-01 4.904967e-02 6.070215e-02 1.711833e+02
6.019500e-02 5.333519e-02 -9.967607e-01 1.631412e+01 -5.081970e-02 9.974402e-01 5.030253e-02 -5.408170e+00 9.968922e-01 4.762712e-02 6.275139e-02 1.712284e+02
6.178304e-02 5.446574e-02 -9.966024e-01 1.560676e+01 -4.972252e-02 9.974381e-01 5.142894e-02 -5.386891e+00 9.968503e-01 4.637615e-02 6.433293e-02 1.712731e+02
6.293180e-02 5.498065e-02 -9.965022e-01 1.489954e+01 -5.005529e-02 9.973986e-01 5.186900e-02 -5.366543e+00 9.967618e-01 4.661599e-02 6.552016e-02 1.713168e+02
6.419123e-02 5.448434e-02 -9.964492e-01 1.422320e+01 -4.891363e-02 9.974801e-01 5.138971e-02 -5.347370e+00 9.967382e-01 4.544118e-02 6.669450e-02 1.713599e+02
6.546924e-02 5.435605e-02 -9.963730e-01 1.354546e+01 -4.877465e-02 9.974960e-01 5.121247e-02 -5.327205e+00 9.966619e-01 4.524490e-02 6.795651e-02 1.714036e+02
6.668679e-02 5.451153e-02 -9.962838e-01 1.287576e+01 -4.895698e-02 9.974826e-01 5.130017e-02 -5.307366e+00 9.965722e-01 4.535400e-02 6.918763e-02 1.714470e+02
6.827265e-02 5.516068e-02 -9.961406e-01 1.221623e+01 -4.864904e-02 9.974666e-01 5.189985e-02 -5.289372e+00 9.964799e-01 4.491794e-02 7.078321e-02 1.714921e+02
6.999007e-02 5.701908e-02 -9.959168e-01 1.156807e+01 -4.823867e-02 9.973905e-01 5.371340e-02 -5.273013e+00 9.963807e-01 4.428229e-02 7.255796e-02 1.715402e+02
7.214937e-02 5.832535e-02 -9.956870e-01 1.093393e+01 -4.759737e-02 9.973526e-01 5.497394e-02 -5.255371e+00 9.962575e-01 4.342574e-02 7.473451e-02 1.715884e+02
7.487500e-02 5.830263e-02 -9.954871e-01 1.031366e+01 -4.701719e-02 9.973855e-01 5.487745e-02 -5.238926e+00 9.960839e-01 4.269605e-02 7.742047e-02 1.716384e+02
7.757817e-02 5.850369e-02 -9.952683e-01 9.709170e+00 -4.708538e-02 9.973779e-01 5.495755e-02 -5.222309e+00 9.958738e-01 4.259908e-02 8.012943e-02 1.716873e+02
8.073868e-02 5.865069e-02 -9.950082e-01 9.120530e+00 -4.712102e-02 9.973757e-01 5.496668e-02 -5.204828e+00 9.956209e-01 4.244786e-02 8.329048e-02 1.717402e+02
8.430579e-02 5.853112e-02 -9.947194e-01 8.551464e+00 -4.529484e-02 9.974665e-01 5.485389e-02 -5.188571e+00 9.954100e-01 4.043115e-02 8.674336e-02 1.717957e+02
8.769143e-02 5.889985e-02 -9.944048e-01 7.998637e+00 -4.342748e-02 9.975274e-01 5.525517e-02 -5.175534e+00 9.952006e-01 3.833909e-02 9.003248e-02 1.718537e+02
9.172422e-02 6.049456e-02 -9.939452e-01 7.461749e+00 -4.347633e-02 9.974444e-01 5.669542e-02 -5.161644e+00 9.948349e-01 3.801275e-02 9.411989e-02 1.719086e+02
9.661879e-02 6.137221e-02 -9.934275e-01 6.938515e+00 -4.414769e-02 9.973791e-01 5.732263e-02 -5.148935e+00 9.943419e-01 3.831908e-02 9.907500e-02 1.719658e+02
1.023099e-01 6.166268e-02 -9.928396e-01 6.432635e+00 -4.377380e-02 9.973891e-01 5.743446e-02 -5.135935e+00 9.937890e-01 3.758425e-02 1.047420e-01 1.720241e+02
1.089841e-01 6.111423e-02 -9.921630e-01 5.941199e+00 -4.263808e-02 9.974771e-01 5.675800e-02 -5.122506e+00 9.931287e-01 3.611821e-02 1.113149e-01 1.720898e+02
1.169274e-01 6.057407e-02 -9.912914e-01 5.461638e+00 -4.132223e-02 9.975706e-01 5.608363e-02 -5.108901e+00 9.922805e-01 3.440465e-02 1.191464e-01 1.721564e+02
1.262524e-01 5.909773e-02 -9.902362e-01 4.995356e+00 -4.064851e-02 9.976936e-01 5.436023e-02 -5.097142e+00 9.911650e-01 3.338851e-02 1.283635e-01 1.722277e+02
1.368663e-01 5.647881e-02 -9.889781e-01 4.541988e+00 -4.066335e-02 9.978521e-01 5.135813e-02 -5.086635e+00 9.897546e-01 3.318597e-02 1.388690e-01 1.722989e+02
1.483073e-01 5.463267e-02 -9.874311e-01 4.101101e+00 -4.132657e-02 9.979431e-01 4.900724e-02 -5.078800e+00 9.880775e-01 3.353901e-02 1.502600e-01 1.723765e+02
1.609493e-01 5.355798e-02 -9.855084e-01 3.674361e+00 -4.047478e-02 9.980447e-01 4.762910e-02 -5.068751e+00 9.861324e-01 3.222236e-02 1.628024e-01 1.724608e+02
1.741381e-01 5.230879e-02 -9.833309e-01 3.262747e+00 -3.862625e-02 9.981824e-01 4.625852e-02 -5.058377e+00 9.839634e-01 2.992701e-02 1.758420e-01 1.725489e+02
1.881524e-01 5.069556e-02 -9.808306e-01 2.864576e+00 -3.628761e-02 9.983439e-01 4.463973e-02 -5.050116e+00 9.814693e-01 2.719292e-02 1.896804e-01 1.726439e+02
2.027713e-01 4.931927e-02 -9.779833e-01 2.475555e+00 -3.600769e-02 9.984309e-01 4.288475e-02 -5.044008e+00 9.785639e-01 2.651912e-02 2.042290e-01 1.727387e+02
2.188958e-01 4.962084e-02 -9.744857e-01 2.100150e+00 -3.584792e-02 9.984408e-01 4.278824e-02 -5.038510e+00 9.750896e-01 2.556712e-02 2.203333e-01 1.728401e+02
2.367568e-01 5.087957e-02 -9.702358e-01 1.737145e+00 -3.595746e-02 9.984025e-01 4.358233e-02 -5.033886e+00 9.709034e-01 2.456880e-02 2.382081e-01 1.729439e+02
2.565280e-01 5.027894e-02 -9.652281e-01 1.394096e+00 -3.388556e-02 9.985000e-01 4.300635e-02 -5.030678e+00 9.659427e-01 2.167496e-02 2.578469e-01 1.730607e+02
2.778254e-01 4.679540e-02 -9.594911e-01 1.066699e+00 -3.073780e-02 9.987344e-01 3.980907e-02 -5.029479e+00 9.601397e-01 1.843268e-02 2.789121e-01 1.731860e+02
3.001504e-01 4.201991e-02 -9.529659e-01 7.490336e-01 -2.732319e-02 9.989981e-01 3.544382e-02 -5.026746e+00 9.535005e-01 1.539959e-02 3.009978e-01 1.733127e+02
3.225095e-01 3.856940e-02 -9.457801e-01 4.352868e-01 -2.543680e-02 9.991618e-01 3.207244e-02 -5.023796e+00 9.462244e-01 1.371396e-02 3.232203e-01 1.734488e+02
3.459339e-01 3.816217e-02 -9.374825e-01 1.244878e-01 -2.545913e-02 9.991864e-01 3.127948e-02 -5.020538e+00 9.379134e-01 1.304686e-02 3.466240e-01 1.735851e+02
3.727942e-01 3.920693e-02 -9.270854e-01 -1.940023e-01 -2.427276e-02 9.991771e-01 3.249531e-02 -5.015397e+00 9.275966e-01 1.038886e-02 3.734391e-01 1.737434e+02
3.990570e-01 4.191117e-02 -9.159678e-01 -4.819953e-01 -2.310408e-02 9.990972e-01 3.564919e-02 -5.010263e+00 9.166350e-01 6.936536e-03 3.996650e-01 1.739051e+02
4.276772e-01 4.525584e-02 -9.027979e-01 -7.744074e-01 -2.459891e-02 9.989587e-01 3.842314e-02 -5.005880e+00 9.035968e-01 5.775152e-03 4.283451e-01 1.740816e+02
4.568425e-01 4.567010e-02 -8.883744e-01 -1.056277e+00 -2.419818e-02 9.989496e-01 3.891082e-02 -5.004071e+00 8.892184e-01 3.720932e-03 4.574678e-01 1.742600e+02
4.863599e-01 4.409116e-02 -8.726454e-01 -1.324858e+00 -2.227971e-02 9.990271e-01 3.805935e-02 -5.006267e+00 8.734745e-01 9.317462e-04 4.868691e-01 1.744569e+02
5.169949e-01 4.155228e-02 -8.549794e-01 -1.580990e+00 -2.092947e-02 9.991361e-01 3.590258e-02 -5.013190e+00 8.557326e-01 -6.671821e-04 5.174179e-01 1.746662e+02
5.483961e-01 3.838887e-02 -8.353370e-01 -1.827053e+00 -2.038283e-02 9.992625e-01 3.254100e-02 -5.016426e+00 8.359703e-01 -8.188259e-04 5.487742e-01 1.748661e+02
5.800242e-01 3.440062e-02 -8.138726e-01 -2.065394e+00 -2.135248e-02 9.994066e-01 2.702545e-02 -5.020977e+00 8.143194e-01 1.702786e-03 5.804146e-01 1.750917e+02
6.118833e-01 2.898209e-02 -7.904169e-01 -2.298974e+00 -2.230108e-02 9.995633e-01 1.938696e-02 -5.020260e+00 7.906336e-01 5.764602e-03 6.122624e-01 1.753083e+02
6.438658e-01 2.625421e-02 -7.646879e-01 -2.533159e+00 -2.636547e-02 9.995789e-01 1.211912e-02 -5.021905e+00 7.646841e-01 1.235827e-02 6.442869e-01 1.755567e+02
6.750462e-01 2.340756e-02 -7.374040e-01 -2.762100e+00 -2.682441e-02 9.996144e-01 7.174931e-03 -5.019984e+00 7.372877e-01 1.493702e-02 6.754138e-01 1.758085e+02
7.059129e-01 2.010396e-02 -7.080132e-01 -2.984000e+00 -2.313954e-02 9.997181e-01 5.315989e-03 -5.021561e+00 7.079206e-01 1.263048e-02 7.061792e-01 1.761020e+02
7.359936e-01 1.679065e-02 -6.767802e-01 -3.197645e+00 -1.723848e-02 9.998330e-01 6.058743e-03 -5.027380e+00 6.767690e-01 7.207467e-03 7.361602e-01 1.764144e+02
7.651932e-01 1.636950e-02 -6.435925e-01 -3.408457e+00 -1.525951e-02 9.998570e-01 7.288299e-03 -5.035163e+00 6.436198e-01 4.243949e-03 7.653336e-01 1.767201e+02
7.931081e-01 1.697889e-02 -6.088441e-01 -3.613633e+00 -1.572486e-02 9.998490e-01 7.398971e-03 -5.041623e+00 6.088778e-01 3.705804e-03 7.932554e-01 1.770559e+02
8.196019e-01 1.628017e-02 -5.727021e-01 -3.809310e+00 -1.536331e-02 9.998612e-01 6.436351e-03 -5.049114e+00 5.727275e-01 3.523358e-03 8.197383e-01 1.773923e+02
8.445118e-01 1.511006e-02 -5.353238e-01 -3.994755e+00 -1.420518e-02 9.998822e-01 5.813003e-03 -5.059470e+00 5.353486e-01 2.695225e-03 8.446269e-01 1.777639e+02
8.674333e-01 1.406022e-02 -4.973548e-01 -4.172515e+00 -1.394673e-02 9.998949e-01 3.942639e-03 -5.069239e+00 4.973580e-01 3.516497e-03 8.675383e-01 1.781345e+02
8.879012e-01 1.304774e-02 -4.598491e-01 -4.341951e+00 -1.514047e-02 9.998850e-01 -8.633173e-04 -5.077813e+00 4.597850e-01 7.728871e-03 8.879967e-01 1.785380e+02
9.069298e-01 1.303923e-02 -4.210800e-01 -4.506015e+00 -1.670855e-02 9.998477e-01 -5.025739e-03 -5.085500e+00 4.209504e-01 1.159363e-02 9.070096e-01 1.789515e+02
9.238324e-01 1.559732e-02 -3.824794e-01 -4.658887e+00 -1.961452e-02 9.997858e-01 -6.605700e-03 -5.093131e+00 3.822944e-01 1.360471e-02 9.239404e-01 1.793984e+02
9.390440e-01 1.898508e-02 -3.432725e-01 -4.802666e+00 -2.273743e-02 9.997176e-01 -6.909158e-03 -5.103184e+00 3.430444e-01 1.429314e-02 9.392104e-01 1.798726e+02
9.531963e-01 2.100738e-02 -3.016216e-01 -4.930925e+00 -2.425866e-02 9.996809e-01 -7.037227e-03 -5.118399e+00 3.013775e-01 1.402479e-02 9.534018e-01 1.803670e+02
9.653074e-01 2.050261e-02 -2.603099e-01 -5.037119e+00 -2.301586e-02 9.997132e-01 -6.610011e-03 -5.132442e+00 2.600997e-01 1.237195e-02 9.655025e-01 1.808790e+02
9.753302e-01 2.255942e-02 -2.195953e-01 -5.132379e+00 -2.448329e-02 9.996819e-01 -6.043104e-03 -5.148414e+00 2.193892e-01 1.127044e-02 9.755723e-01 1.813966e+02
9.833107e-01 2.330433e-02 -1.804356e-01 -5.212692e+00 -2.545109e-02 9.996300e-01 -9.591319e-03 -5.159578e+00 1.801454e-01 1.402353e-02 9.835400e-01 1.819529e+02
9.892527e-01 2.280164e-02 -1.444271e-01 -5.273350e+00 -2.534147e-02 9.995544e-01 -1.577010e-02 -5.167765e+00 1.440031e-01 1.926061e-02 9.893898e-01 1.825240e+02
9.935798e-01 2.054114e-02 -1.112533e-01 -5.319340e+00 -2.258486e-02 9.995980e-01 -1.714083e-02 -5.180870e+00 1.108565e-01 1.954342e-02 9.936443e-01 1.831051e+02
9.964030e-01 1.871693e-02 -8.264782e-02 -5.351521e+00 -2.021265e-02 9.996460e-01 -1.729789e-02 -5.198453e+00 8.229481e-02 1.890620e-02 9.964287e-01 1.837146e+02
9.981732e-01 1.614988e-02 -5.821879e-02 -5.374392e+00 -1.725040e-02 9.996809e-01 -1.845024e-02 -5.217370e+00 5.790225e-02 1.942083e-02 9.981333e-01 1.843315e+02
9.991252e-01 1.173249e-02 -4.013878e-02 -5.386215e+00 -1.251382e-02 9.997360e-01 -1.927011e-02 -5.239606e+00 3.990209e-02 1.975554e-02 9.990083e-01 1.849722e+02
9.995994e-01 8.430127e-03 -2.701699e-02 -5.392321e+00 -8.964415e-03 9.997654e-01 -1.971619e-02 -5.261747e+00 2.684444e-02 1.995048e-02 9.994405e-01 1.856255e+02
9.998640e-01 6.271695e-03 -1.525371e-02 -5.394182e+00 -6.570313e-03 9.997862e-01 -1.960594e-02 -5.283043e+00 1.512749e-02 1.970349e-02 9.996914e-01 1.862935e+02
9.999733e-01 3.881571e-03 -6.199658e-03 -5.392487e+00 -3.997804e-03 9.998144e-01 -1.884706e-02 -5.306439e+00 6.125352e-03 1.887134e-02 9.998032e-01 1.869806e+02
9.999992e-01 1.204301e-03 -3.079879e-04 -5.387940e+00 -1.209419e-03 9.998514e-01 -1.719764e-02 -5.330977e+00 2.872314e-04 1.719800e-02 9.998521e-01 1.876829e+02
9.999950e-01 -1.059369e-03 2.990562e-03 -5.380740e+00 1.109956e-03 9.998554e-01 -1.696481e-02 -5.355984e+00 -2.972157e-03 1.696804e-02 9.998516e-01 1.884002e+02
9.999821e-01 -4.759329e-03 3.632076e-03 -5.373899e+00 4.822227e-03 9.998350e-01 -1.750921e-02 -5.378798e+00 -3.548145e-03 1.752641e-02 9.998401e-01 1.891282e+02
9.999739e-01 -6.753497e-03 2.557785e-03 -5.372151e+00 6.796866e-03 9.998265e-01 -1.734416e-02 -5.400566e+00 -2.440207e-03 1.736109e-02 9.998463e-01 1.898719e+02
9.999816e-01 -6.054259e-03 3.093587e-04 -5.376082e+00 6.058572e-03 9.998430e-01 -1.664754e-02 -5.423205e+00 -2.085212e-04 1.664910e-02 9.998614e-01 1.906327e+02
9.999850e-01 -4.794839e-03 -2.667404e-03 -5.383511e+00 4.752790e-03 9.998677e-01 -1.555358e-02 -5.448214e+00 2.741628e-03 1.554067e-02 9.998755e-01 1.914074e+02
9.999568e-01 -7.272713e-03 -5.796759e-03 -5.386586e+00 7.178335e-03 9.998440e-01 -1.613937e-02 -5.475289e+00 5.913233e-03 1.609706e-02 9.998530e-01 1.921934e+02
9.999173e-01 -9.407388e-03 -8.768298e-03 -5.388556e+00 9.240851e-03 9.997797e-01 -1.884405e-02 -5.503892e+00 8.943641e-03 1.876146e-02 9.997840e-01 1.929838e+02
9.999075e-01 -8.183848e-03 -1.086111e-02 -5.397395e+00 7.948261e-03 9.997359e-01 -2.155975e-02 -5.530975e+00 1.103469e-02 2.147143e-02 9.997086e-01 1.937820e+02
9.998986e-01 -6.621636e-03 -1.260828e-02 -5.406023e+00 6.335015e-03 9.997236e-01 -2.263872e-02 -5.557396e+00 1.275470e-02 2.255654e-02 9.996642e-01 1.945852e+02
9.998738e-01 -7.069049e-03 -1.422653e-02 -5.414875e+00 6.795976e-03 9.997935e-01 -1.915242e-02 -5.584706e+00 1.435899e-02 1.905332e-02 9.997154e-01 1.953954e+02
9.998662e-01 -6.933941e-03 -1.481947e-02 -5.425124e+00 6.734354e-03 9.998865e-01 -1.347575e-02 -5.615779e+00 1.491123e-02 1.337415e-02 9.997994e-01 1.962071e+02
9.998681e-01 -4.756510e-03 -1.553228e-02 -5.440439e+00 4.594362e-03 9.999347e-01 -1.045854e-02 -5.644544e+00 1.558102e-02 1.038580e-02 9.998247e-01 1.970176e+02
9.998676e-01 -3.513851e-03 -1.588671e-02 -5.450700e+00 3.341933e-03 9.999357e-01 -1.083522e-02 -5.671587e+00 1.592376e-02 1.078069e-02 9.998151e-01 1.978279e+02
9.998657e-01 -7.525534e-04 -1.637318e-02 -5.463791e+00 5.378513e-04 9.999138e-01 -1.311350e-02 -5.697731e+00 1.638164e-02 1.310293e-02 9.997800e-01 1.986388e+02
9.998562e-01 1.107699e-03 -1.692076e-02 -5.475977e+00 -1.357370e-03 9.998903e-01 -1.475090e-02 -5.721685e+00 1.690257e-02 1.477175e-02 9.997480e-01 1.994565e+02
9.998435e-01 2.434521e-03 -1.752467e-02 -5.489710e+00 -2.691777e-03 9.998887e-01 -1.467106e-02 -5.746165e+00 1.748700e-02 1.471593e-02 9.997388e-01 2.002799e+02
9.998362e-01 2.231574e-03 -1.796355e-02 -5.502826e+00 -2.461515e-03 9.999152e-01 -1.278849e-02 -5.772032e+00 1.793349e-02 1.283061e-02 9.997569e-01 2.011081e+02
9.998298e-01 1.612409e-03 -1.838033e-02 -5.514842e+00 -1.820111e-03 9.999346e-01 -1.128905e-02 -5.797070e+00 1.836093e-02 1.132058e-02 9.997673e-01 2.019342e+02
9.998040e-01 1.540550e-03 -1.973770e-02 -5.530315e+00 -1.750155e-03 9.999422e-01 -1.060663e-02 -5.821917e+00 1.972022e-02 1.063910e-02 9.997489e-01 2.027596e+02
9.997665e-01 1.211167e-03 -2.157669e-02 -5.546064e+00 -1.414409e-03 9.999547e-01 -9.406703e-03 -5.847719e+00 2.156432e-02 9.435023e-03 9.997230e-01 2.035844e+02
9.997258e-01 -7.497970e-04 -2.340625e-02 -5.560062e+00 5.578209e-04 9.999661e-01 -8.207378e-03 -5.875323e+00 2.341162e-02 8.192070e-03 9.996924e-01 2.044067e+02
9.996831e-01 -1.729434e-03 -2.511272e-02 -5.574640e+00 1.568256e-03 9.999780e-01 -6.436466e-03 -5.904682e+00 2.512330e-02 6.395043e-03 9.996639e-01 2.052297e+02
9.996473e-01 -1.397277e-03 -2.651990e-02 -5.595924e+00 1.287144e-03 9.999905e-01 -4.169471e-03 -5.931834e+00 2.652547e-02 4.133865e-03 9.996396e-01 2.060488e+02
9.995962e-01 -1.251767e-03 -2.838667e-02 -5.616804e+00 1.158281e-03 9.999938e-01 -3.309499e-03 -5.960396e+00 2.839064e-02 3.275283e-03 9.995915e-01 2.068636e+02
9.995341e-01 -2.577919e-03 -3.041298e-02 -5.638403e+00 2.461743e-03 9.999895e-01 -3.856798e-03 -5.984917e+00 3.042261e-02 3.780133e-03 9.995300e-01 2.076764e+02
9.994773e-01 -3.004838e-03 -3.218924e-02 -5.663364e+00 2.900528e-03 9.999904e-01 -3.286756e-03 -6.010137e+00 3.219881e-02 3.191672e-03 9.994764e-01 2.084877e+02
9.994259e-01 -1.886876e-03 -3.382741e-02 -5.692115e+00 1.788130e-03 9.999940e-01 -2.949148e-03 -6.032806e+00 3.383278e-02 2.886968e-03 9.994233e-01 2.092941e+02
9.993857e-01 -2.258554e-03 -3.497271e-02 -5.719704e+00 2.098839e-03 9.999872e-01 -4.602896e-03 -6.058511e+00 3.498266e-02 4.526667e-03 9.993777e-01 2.100950e+02
9.993329e-01 -2.313309e-03 -3.644815e-02 -5.746621e+00 2.022964e-03 9.999659e-01 -8.000854e-03 -6.085702e+00 3.646542e-02 7.921782e-03 9.993035e-01 2.108881e+02
9.993183e-01 -1.518766e-03 -3.688692e-02 -5.775682e+00 1.151910e-03 9.999497e-01 -9.964643e-03 -6.110646e+00 3.690020e-02 9.915359e-03 9.992698e-01 2.116782e+02
9.993235e-01 9.648325e-05 -3.677582e-02 -5.807043e+00 -4.056208e-04 9.999646e-01 -8.398633e-03 -6.136861e+00 3.677371e-02 8.407868e-03 9.992883e-01 2.124599e+02
9.993372e-01 1.575280e-03 -3.637026e-02 -5.836098e+00 -1.729393e-03 9.999896e-01 -4.206233e-03 -6.163417e+00 3.636326e-02 4.266343e-03 9.993295e-01 2.132324e+02
9.993654e-01 5.140906e-04 -3.561767e-02 -5.860771e+00 -6.054338e-04 9.999965e-01 -2.553805e-03 -6.187611e+00 3.561624e-02 2.573749e-03 9.993622e-01 2.139901e+02
9.993757e-01 -4.287961e-04 -3.532795e-02 -5.885490e+00 3.312989e-04 9.999961e-01 -2.765587e-03 -6.210951e+00 3.532900e-02 2.752156e-03 9.993720e-01 2.147321e+02
9.993775e-01 1.054298e-03 -3.526259e-02 -5.912330e+00 -1.213851e-03 9.999891e-01 -4.503614e-03 -6.234236e+00 3.525746e-02 4.543614e-03 9.993679e-01 2.154543e+02
9.993550e-01 2.339040e-03 -3.583582e-02 -5.940900e+00 -2.587183e-03 9.999730e-01 -6.879616e-03 -6.258073e+00 3.581876e-02 6.967892e-03 9.993340e-01 2.161593e+02
9.992983e-01 3.559158e-03 -3.728601e-02 -5.970022e+00 -3.836434e-03 9.999655e-01 -7.367539e-03 -6.279269e+00 3.725851e-02 7.505414e-03 9.992775e-01 2.168473e+02
9.992477e-01 3.192129e-03 -3.864985e-02 -5.996305e+00 -3.426945e-03 9.999760e-01 -6.010719e-03 -6.299130e+00 3.862974e-02 6.138648e-03 9.992347e-01 2.175160e+02
9.991684e-01 2.778936e-03 -4.067947e-02 -6.023283e+00 -2.961530e-03 9.999858e-01 -4.429027e-03 -6.319943e+00 4.066659e-02 4.545817e-03 9.991624e-01 2.181694e+02
9.990597e-01 3.726701e-03 -4.319524e-02 -6.053756e+00 -3.735056e-03 9.999930e-01 -1.126907e-04 -6.341411e+00 4.319452e-02 2.739222e-04 9.990667e-01 2.188036e+02
9.989175e-01 3.294398e-03 -4.640034e-02 -6.084272e+00 -3.386144e-03 9.999924e-01 -1.898801e-03 -6.361896e+00 4.639374e-02 2.053864e-03 9.989211e-01 2.194120e+02
9.987749e-01 3.221400e-03 -4.937899e-02 -6.114588e+00 -3.414353e-03 9.999868e-01 -3.823739e-03 -6.382430e+00 4.936603e-02 3.987652e-03 9.987728e-01 2.200006e+02
9.986301e-01 2.657253e-03 -5.225863e-02 -6.145730e+00 -2.871338e-03 9.999878e-01 -4.021980e-03 -6.399955e+00 5.224731e-02 4.166522e-03 9.986255e-01 2.205667e+02
9.984705e-01 3.049348e-03 -5.520395e-02 -6.178103e+00 -3.291518e-03 9.999853e-01 -4.296436e-03 -6.417342e+00 5.519004e-02 4.471569e-03 9.984659e-01 2.211145e+02
9.983342e-01 2.712696e-03 -5.763223e-02 -6.209081e+00 -2.962519e-03 9.999866e-01 -4.249765e-03 -6.433514e+00 5.761993e-02 4.413422e-03 9.983288e-01 2.216411e+02
9.982741e-01 3.146344e-03 -5.864252e-02 -6.239666e+00 -3.403201e-03 9.999850e-01 -4.280670e-03 -6.450142e+00 5.862818e-02 4.472854e-03 9.982699e-01 2.221470e+02
9.983637e-01 4.164692e-03 -5.703133e-02 -6.267700e+00 -4.391932e-03 9.999829e-01 -3.859697e-03 -6.466547e+00 5.701428e-02 4.103859e-03 9.983649e-01 2.226311e+02
9.985621e-01 4.805887e-03 -5.339142e-02 -6.290085e+00 -5.031177e-03 9.999790e-01 -4.085962e-03 -6.480811e+00 5.337067e-02 4.348709e-03 9.985653e-01 2.230947e+02
9.988733e-01 5.715830e-03 -4.711204e-02 -6.308435e+00 -5.916812e-03 9.999740e-01 -4.127670e-03 -6.492847e+00 4.708723e-02 4.401772e-03 9.988811e-01 2.235450e+02
9.992492e-01 6.108434e-03 -3.825765e-02 -6.319855e+00 -6.305379e-03 9.999674e-01 -5.029281e-03 -6.503769e+00 3.822568e-02 5.266734e-03 9.992553e-01 2.239880e+02
9.996261e-01 7.222803e-03 -2.637389e-02 -6.323739e+00 -7.378092e-03 9.999560e-01 -5.795380e-03 -6.516463e+00 2.633087e-02 5.987801e-03 9.996354e-01 2.244270e+02
9.999002e-01 9.405535e-03 -1.054559e-02 -6.319417e+00 -9.470762e-03 9.999362e-01 -6.152322e-03 -6.533002e+00 1.048705e-02 6.251582e-03 9.999255e-01 2.248666e+02
9.999251e-01 9.737424e-03 7.416027e-03 -6.304389e+00 -9.692387e-03 9.999345e-01 -6.085106e-03 -6.549425e+00 -7.474794e-03 6.012771e-03 9.999540e-01 2.252989e+02
9.995929e-01 7.713466e-03 2.746768e-02 -6.274326e+00 -7.533312e-03 9.999494e-01 -6.656274e-03 -6.565498e+00 -2.751763e-02 6.446641e-03 9.996005e-01 2.257323e+02
9.987205e-01 7.694413e-03 4.998102e-02 -6.236169e+00 -7.204369e-03 9.999242e-01 -9.977390e-03 -6.583319e+00 -5.005401e-02 9.604542e-03 9.987003e-01 2.261516e+02
9.970770e-01 9.919845e-03 7.575654e-02 -6.190860e+00 -8.813711e-03 9.998498e-01 -1.492160e-02 -6.600756e+00 -7.589318e-02 1.421028e-02 9.970147e-01 2.265688e+02
9.943564e-01 1.196295e-02 1.054144e-01 -6.132258e+00 -1.005446e-02 9.997761e-01 -1.861749e-02 -6.618486e+00 -1.056136e-01 1.745254e-02 9.942541e-01 2.269850e+02
9.903613e-01 1.159904e-02 1.380216e-01 -6.055339e+00 -8.825498e-03 9.997470e-01 -2.069007e-02 -6.633282e+00 -1.382267e-01 1.927253e-02 9.902131e-01 2.273826e+02
9.848996e-01 9.735628e-03 1.728527e-01 -5.959133e+00 -6.268523e-03 9.997683e-01 -2.059273e-02 -6.650140e+00 -1.730132e-01 1.919823e-02 9.847324e-01 2.277868e+02
9.778350e-01 4.975564e-03 2.093179e-01 -5.842543e+00 -7.181557e-04 9.997914e-01 -2.041053e-02 -6.664783e+00 -2.093758e-01 1.980781e-02 9.776346e-01 2.281672e+02
9.690343e-01 -2.293725e-03 2.469157e-01 -5.705406e+00 7.302014e-03 9.997857e-01 -1.936964e-02 -6.678846e+00 -2.468184e-01 2.057282e-02 9.688434e-01 2.285521e+02
9.585253e-01 -8.380910e-03 2.848843e-01 -5.557346e+00 1.436855e-02 9.997175e-01 -1.893426e-02 -6.689134e+00 -2.846452e-01 2.224234e-02 9.583749e-01 2.289096e+02
9.461325e-01 -1.580062e-02 3.233939e-01 -5.392446e+00 2.217590e-02 9.996254e-01 -1.603816e-02 -6.706019e+00 -3.230194e-01 2.234577e-02 9.461285e-01 2.292783e+02
9.317321e-01 -2.044521e-02 3.625703e-01 -5.215271e+00 2.695410e-02 9.995534e-01 -1.290208e-02 -6.722386e+00 -3.621446e-01 2.179404e-02 9.318671e-01 2.296207e+02
9.151334e-01 -1.980153e-02 4.026646e-01 -5.034004e+00 2.717180e-02 9.995514e-01 -1.259901e-02 -6.739810e+00 -4.022344e-01 2.247089e-02 9.152609e-01 2.299627e+02
8.962972e-01 -1.590963e-02 4.431684e-01 -4.842747e+00 2.487939e-02 9.995862e-01 -1.443308e-02 -6.754313e+00 -4.427555e-01 2.396208e-02 8.963222e-01 2.302757e+02
8.751766e-01 -9.686530e-03 4.837066e-01 -4.639218e+00 2.138561e-02 9.995968e-01 -1.867570e-02 -6.765090e+00 -4.833307e-01 2.668890e-02 8.750309e-01 2.305991e+02
8.514087e-01 -7.020569e-03 5.244559e-01 -4.412698e+00 2.367511e-02 9.994056e-01 -2.505606e-02 -6.769151e+00 -5.239683e-01 3.374949e-02 8.510689e-01 2.309131e+02
8.258672e-01 -8.221376e-03 5.638047e-01 -4.162700e+00 2.904803e-02 9.991863e-01 -2.797977e-02 -6.774005e+00 -5.631160e-01 3.948498e-02 8.254340e-01 2.311927e+02
7.981035e-01 -1.126572e-02 6.024150e-01 -3.894204e+00 3.645269e-02 9.988965e-01 -2.961368e-02 -6.779934e+00 -6.014167e-01 4.559442e-02 7.976335e-01 2.314860e+02
7.682926e-01 -9.167882e-03 6.400332e-01 -3.617048e+00 3.947514e-02 9.986728e-01 -3.308069e-02 -6.788129e+00 -6.388805e-01 5.068104e-02 7.676348e-01 2.317428e+02
7.345317e-01 4.667377e-04 6.785743e-01 -3.339169e+00 3.108228e-02 9.989270e-01 -3.433250e-02 -6.795933e+00 -6.778622e-01 4.630993e-02 7.337290e-01 2.320322e+02
6.984955e-01 1.258017e-02 7.155038e-01 -3.051125e+00 1.408269e-02 9.994102e-01 -3.131982e-02 -6.818114e+00 -7.154759e-01 3.195297e-02 6.979064e-01 2.322922e+02
6.625626e-01 1.694674e-02 7.488148e-01 -2.738112e+00 6.632107e-03 9.995721e-01 -2.848993e-02 -6.839842e+00 -7.489772e-01 2.384257e-02 6.621666e-01 2.325583e+02
6.239315e-01 1.438844e-02 7.813466e-01 -2.397566e+00 1.138131e-02 9.995571e-01 -2.749514e-02 -6.858248e+00 -7.813962e-01 2.604782e-02 6.234914e-01 2.327950e+02
5.829205e-01 1.340639e-02 8.124186e-01 -2.039294e+00 2.108744e-02 9.992774e-01 -3.162041e-02 -6.866185e+00 -8.122555e-01 3.556401e-02 5.822166e-01 2.329743e+02
5.398147e-01 1.429386e-02 8.416625e-01 -1.663556e+00 2.833651e-02 9.989806e-01 -3.513969e-02 -6.872959e+00 -8.413068e-01 4.281869e-02 5.388594e-01 2.331743e+02
4.939656e-01 1.987853e-02 8.692542e-01 -1.278517e+00 2.408659e-02 9.990421e-01 -3.653413e-02 -6.884328e+00 -8.691478e-01 3.898397e-02 4.930136e-01 2.333450e+02
4.470718e-01 2.738507e-02 8.940788e-01 -8.747580e-01 1.358667e-02 9.992080e-01 -3.739895e-02 -6.899401e+00 -8.943949e-01 2.886756e-02 4.463456e-01 2.335417e+02
3.989222e-01 2.734975e-02 9.165768e-01 -4.359517e-01 5.899116e-03 9.994579e-01 -3.239032e-02 -6.921993e+00 -9.169658e-01 1.832821e-02 3.985446e-01 2.337034e+02
3.541510e-01 2.417983e-02 9.348756e-01 2.398074e-03 2.934527e-03 9.996320e-01 -2.696638e-02 -6.948447e+00 -9.351837e-01 1.229358e-02 3.539498e-01 2.338494e+02
3.099683e-01 2.152458e-02 9.505032e-01 4.703487e-01 5.845726e-03 9.996816e-01 -2.454460e-02 -6.970534e+00 -9.507289e-01 1.316443e-02 3.097438e-01 2.339807e+02
2.695044e-01 2.329231e-02 9.627174e-01 9.528231e-01 1.069455e-02 9.995734e-01 -2.717786e-02 -6.986025e+00 -9.629398e-01 1.762038e-02 2.691403e-01 2.340717e+02
2.323884e-01 2.503989e-02 9.723007e-01 1.451824e+00 1.651327e-02 9.994229e-01 -2.968520e-02 -6.997554e+00 -9.724829e-01 2.295436e-02 2.318408e-01 2.341673e+02
1.985050e-01 2.814951e-02 9.796955e-01 1.968174e+00 1.730718e-02 9.993309e-01 -3.222046e-02 -7.010695e+00 -9.799471e-01 2.335169e-02 1.978850e-01 2.342460e+02
1.692025e-01 2.765065e-02 9.851933e-01 2.504059e+00 1.758485e-02 9.993625e-01 -3.106846e-02 -7.027529e+00 -9.854244e-01 2.258133e-02 1.686084e-01 2.343265e+02
1.421873e-01 2.179806e-02 9.895997e-01 3.063341e+00 1.872301e-02 9.995194e-01 -2.470673e-02 -7.050404e+00 -9.896627e-01 2.204126e-02 1.417109e-01 2.343947e+02
1.158573e-01 1.914685e-02 9.930813e-01 3.633148e+00 1.575043e-02 9.996530e-01 -2.111107e-02 -7.071477e+00 -9.931410e-01 1.808732e-02 1.155155e-01 2.344468e+02
8.958020e-02 1.800668e-02 9.958168e-01 4.219494e+00 1.562049e-02 9.996882e-01 -1.948186e-02 -7.090984e+00 -9.958571e-01 1.730033e-02 8.927099e-02 2.344924e+02
6.563363e-02 2.004910e-02 9.976423e-01 4.818404e+00 1.136514e-02 9.997182e-01 -2.083852e-02 -7.109578e+00 -9.977791e-01 1.270605e-02 6.538727e-02 2.345217e+02
4.419906e-02 2.301062e-02 9.987577e-01 5.432449e+00 1.520433e-02 9.996034e-01 -2.370297e-02 -7.126868e+00 -9.989071e-01 1.623309e-02 4.383167e-02 2.345364e+02
2.421135e-02 2.362745e-02 9.994276e-01 6.068743e+00 2.122245e-02 9.994832e-01 -2.414289e-02 -7.144350e+00 -9.994816e-01 2.179483e-02 2.369740e-02 2.345358e+02
5.946476e-03 2.161416e-02 9.997487e-01 6.718857e+00 2.284085e-02 9.995026e-01 -2.174470e-02 -7.163757e+00 -9.997215e-01 2.296441e-02 5.449831e-03 2.345295e+02
-1.019614e-02 1.738479e-02 9.997969e-01 7.389986e+00 2.132028e-02 9.996253e-01 -1.716439e-02 -7.187767e+00 -9.997207e-01 2.114094e-02 -1.056297e-02 2.345223e+02
-2.499359e-02 1.391890e-02 9.995907e-01 8.074205e+00 1.858722e-02 9.997367e-01 -1.345619e-02 -7.215715e+00 -9.995148e-01 1.824329e-02 -2.524572e-02 2.345065e+02
-3.558532e-02 1.235990e-02 9.992902e-01 8.771869e+00 2.061880e-02 9.997197e-01 -1.163097e-02 -7.240419e+00 -9.991540e-01 2.019027e-02 -3.583019e-02 2.344769e+02
-4.263985e-02 1.519762e-02 9.989749e-01 9.482224e+00 2.590498e-02 9.995649e-01 -1.410088e-02 -7.257341e+00 -9.987546e-01 2.527716e-02 -4.301499e-02 2.344371e+02
-4.731971e-02 1.762077e-02 9.987243e-01 1.020631e+01 3.197400e-02 9.993587e-01 -1.611704e-02 -7.273022e+00 -9.983680e-01 3.117055e-02 -4.785277e-02 2.343929e+02
-5.073158e-02 1.613994e-02 9.985819e-01 1.095005e+01 3.262043e-02 9.993627e-01 -1.449533e-02 -7.292063e+00 -9.981795e-01 3.183879e-02 -5.122574e-02 2.343535e+02
-5.331793e-02 1.209160e-02 9.985044e-01 1.171401e+01 2.966212e-02 9.995046e-01 -1.051983e-02 -7.311668e+00 -9.981370e-01 2.905686e-02 -5.365018e-02 2.343193e+02
