-9.891688e-01 3.114376e-02 -1.434410e-01 1.594958e+02 3.084833e-02 9.995149e-01 4.283720e-03 -3.528041e+01 1.435048e-01 -1.875910e-04 -9.896495e-01 5.972734e+02
-9.892355e-01 3.189179e-02 -1.428152e-01 1.592760e+02 3.128757e-02 9.994894e-01 6.475113e-03 -3.533458e+01 1.429488e-01 1.937071e-03 -9.897281e-01 5.959715e+02
-9.892531e-01 3.217070e-02 -1.426302e-01 1.590560e+02 3.138172e-02 9.994772e-01 7.778343e-03 -3.538523e+01 1.428058e-01 3.218771e-03 -9.897454e-01 5.946721e+02
-9.893383e-01 3.129400e-02 -1.422341e-01 1.588403e+02 3.050832e-02 9.995048e-01 7.701863e-03 -3.542530e+01 1.424047e-01 3.280426e-03 -9.898030e-01 5.933660e+02
-9.893677e-01 3.173206e-02 -1.419319e-01 1.586240e+02 3.092718e-02 9.994906e-01 7.873879e-03 -3.546968e+01 1.421094e-01 3.400611e-03 -9.898451e-01 5.920622e+02
-9.894598e-01 3.039036e-02 -1.415832e-01 1.584180e+02 2.953638e-02 9.995306e-01 8.129816e-03 -3.550339e+01 1.417638e-01 3.862272e-03 -9.898929e-01 5.907562e+02
-9.894191e-01 3.086796e-02 -1.417644e-01 1.582086e+02 3.006340e-02 9.995174e-01 7.814173e-03 -3.554247e+01 1.419372e-01 3.469573e-03 -9.898695e-01 5.894470e+02
-9.894800e-01 2.872157e-02 -1.417906e-01 1.580013e+02 2.838158e-02 9.995874e-01 4.420137e-03 -3.557643e+01 1.418590e-01 3.493982e-04 -9.898868e-01 5.881377e+02
-9.894630e-01 2.870598e-02 -1.419123e-01 1.577910e+02 2.890913e-02 9.995818e-01 6.304763e-04 -3.561069e+01 1.418710e-01 -3.478726e-03 -9.898790e-01 5.868299e+02
-9.894693e-01 2.807420e-02 -1.419947e-01 1.575808e+02 2.818727e-02 9.996019e-01 1.215540e-03 -3.564336e+01 1.419723e-01 -2.799700e-03 -9.898666e-01 5.855154e+02
-9.894370e-01 2.827249e-02 -1.421800e-01 1.573689e+02 2.798828e-02 9.996002e-01 3.998909e-03 -3.567613e+01 1.422362e-01 -2.270186e-05 -9.898327e-01 5.841943e+02
-9.894492e-01 2.827246e-02 -1.420954e-01 1.571565e+02 2.790361e-02 9.996001e-01 4.588203e-03 -3.570596e+01 1.421683e-01 5.748207e-04 -9.898423e-01 5.828767e+02
-9.894261e-01 2.868950e-02 -1.421722e-01 1.569429e+02 2.830346e-02 9.995881e-01 4.737365e-03 -3.573307e+01 1.422495e-01 6.633104e-04 -9.898306e-01 5.815584e+02
-9.894567e-01 2.818467e-02 -1.420600e-01 1.567312e+02 2.775425e-02 9.996022e-01 5.010891e-03 -3.576023e+01 1.421448e-01 1.015293e-03 -9.898453e-01 5.802348e+02
-9.894759e-01 2.746116e-02 -1.420683e-01 1.565222e+02 2.701661e-02 9.996222e-01 5.057534e-03 -3.578467e+01 1.421535e-01 1.166107e-03 -9.898439e-01 5.789130e+02
-9.894743e-01 2.649337e-02 -1.422633e-01 1.563151e+02 2.587631e-02 9.996460e-01 6.186161e-03 -3.580915e+01 1.423768e-01 2.439800e-03 -9.898095e-01 5.775847e+02
-9.894943e-01 2.606238e-02 -1.422037e-01 1.561060e+02 2.521333e-02 9.996519e-01 7.769646e-03 -3.583041e+01 1.423567e-01 4.102592e-03 -9.898069e-01 5.762572e+02
-9.895325e-01 2.575901e-02 -1.419926e-01 1.558981e+02 2.485791e-02 9.996580e-01 8.116630e-03 -3.585115e+01 1.421532e-01 4.502031e-03 -9.898344e-01 5.749281e+02
-9.895775e-01 2.507234e-02 -1.418019e-01 1.556931e+02 2.413002e-02 9.996738e-01 8.361289e-03 -3.586969e+01 1.419653e-01 4.852461e-03 -9.898597e-01 5.736022e+02
-9.896689e-01 2.381033e-02 -1.413810e-01 1.554936e+02 2.292070e-02 9.997059e-01 7.917832e-03 -3.588441e+01 1.415279e-01 4.595483e-03 -9.899235e-01 5.722717e+02
-9.897676e-01 2.135687e-02 -1.410817e-01 1.552930e+02 2.053615e-02 9.997626e-01 7.270926e-03 -3.590371e+01 1.412035e-01 4.299253e-03 -9.899712e-01 5.709394e+02
-9.898449e-01 1.861005e-02 -1.409288e-01 1.550979e+02 1.774289e-02 9.998151e-01 7.407363e-03 -3.593006e+01 1.410406e-01 4.831657e-03 -9.899920e-01 5.696121e+02
-9.898628e-01 1.616583e-02 -1.411040e-01 1.549006e+02 1.522467e-02 9.998541e-01 7.747100e-03 -3.595794e+01 1.412086e-01 5.520306e-03 -9.899644e-01 5.682830e+02
-9.898333e-01 1.461382e-02 -1.414799e-01 1.546990e+02 1.373124e-02 9.998797e-01 7.212587e-03 -3.598424e+01 1.415682e-01 5.196567e-03 -9.899148e-01 5.669550e+02
-9.898177e-01 1.343568e-02 -1.417059e-01 1.544946e+02 1.264068e-02 9.998989e-01 6.509001e-03 -3.600791e+01 1.417790e-01 4.651466e-03 -9.898873e-01 5.656317e+02
-9.897754e-01 1.531810e-02 -1.418100e-01 1.542914e+02 1.432438e-02 9.998652e-01 8.025758e-03 -3.602675e+01 1.419138e-01 5.912359e-03 -9.898613e-01 5.642982e+02
-9.896886e-01 1.792051e-02 -1.421105e-01 1.540917e+02 1.652289e-02 9.998029e-01 1.100879e-02 -3.604319e+01 1.422798e-01 8.547199e-03 -9.897895e-01 5.629643e+02
-9.895629e-01 2.177468e-02 -1.424472e-01 1.538829e+02 2.023419e-02 9.997201e-01 1.225431e-02 -3.605732e+01 1.426741e-01 9.244106e-03 -9.897265e-01 5.616358e+02
-9.894512e-01 2.515623e-02 -1.426658e-01 1.536849e+02 2.377037e-02 9.996523e-01 1.141041e-02 -3.606846e+01 1.429033e-01 7.898822e-03 -9.897051e-01 5.603082e+02
-9.893240e-01 2.837350e-02 -1.429440e-01 1.534817e+02 2.731888e-02 9.995832e-01 9.335543e-03 -3.608014e+01 1.431493e-01 5.330807e-03 -9.896867e-01 5.589838e+02
-9.892833e-01 2.838595e-02 -1.432234e-01 1.532754e+02 2.747625e-02 9.995878e-01 8.325935e-03 -3.609139e+01 1.434007e-01 4.301467e-03 -9.896553e-01 5.576617e+02
-9.891867e-01 2.801666e-02 -1.439612e-01 1.530669e+02 2.703779e-02 9.995961e-01 8.751914e-03 -3.610579e+01 1.441482e-01 4.764887e-03 -9.895446e-01 5.563377e+02
-9.891645e-01 2.490008e-02 -1.446846e-01 1.528621e+02 2.407938e-02 9.996825e-01 7.421109e-03 -3.612050e+01 1.448235e-01 3.856782e-03 -9.894499e-01 5.550162e+02
-9.891403e-01 2.181469e-02 -1.453467e-01 1.526571e+02 2.125590e-02 9.997595e-01 5.396670e-03 -3.613785e+01 1.454294e-01 2.248591e-03 -9.893660e-01 5.536995e+02
-9.890958e-01 1.855939e-02 -1.460997e-01 1.524519e+02 1.801347e-02 9.998249e-01 5.058916e-03 -3.615574e+01 1.461680e-01 2.371991e-03 -9.892569e-01 5.523778e+02
-9.890226e-01 1.610433e-02 -1.468841e-01 1.522297e+02 1.532234e-02 9.998618e-01 6.453933e-03 -3.617512e+01 1.469677e-01 4.132480e-03 -9.891326e-01 5.510578e+02
-9.889143e-01 1.509144e-02 -1.477186e-01 1.520070e+02 1.410253e-02 9.998706e-01 7.739785e-03 -3.619361e+01 1.478163e-01 5.570779e-03 -9.889991e-01 5.497361e+02
-9.888462e-01 1.486770e-02 -1.481969e-01 1.517816e+02 1.378119e-02 9.998701e-01 8.355794e-03 -3.621094e+01 1.483018e-01 6.220267e-03 -9.889225e-01 5.484183e+02
-9.888477e-01 1.551270e-02 -1.481205e-01 1.515568e+02 1.462116e-02 9.998678e-01 7.106107e-03 -3.622887e+01 1.482112e-01 4.861164e-03 -9.889437e-01 5.471003e+02
-9.889139e-01 1.696409e-02 -1.475179e-01 1.513355e+02 1.618452e-02 9.998480e-01 6.483446e-03 -3.624426e+01 1.476054e-01 4.024065e-03 -9.890381e-01 5.457807e+02
-9.890381e-01 1.707966e-02 -1.466695e-01 1.511231e+02 1.624732e-02 9.998444e-01 6.871223e-03 -3.626111e+01 1.467641e-01 4.412916e-03 -9.891616e-01 5.444675e+02
-9.891123e-01 1.707504e-02 -1.461688e-01 1.509147e+02 1.612423e-02 9.998404e-01 7.687363e-03 -3.628456e+01 1.462767e-01 5.246808e-03 -9.892297e-01 5.431458e+02
-9.892205e-01 1.679567e-02 -1.454676e-01 1.507023e+02 1.577951e-02 9.998424e-01 8.136612e-03 -3.631054e+01 1.455813e-01 5.753497e-03 -9.893295e-01 5.418300e+02
-9.893164e-01 1.751741e-02 -1.447281e-01 1.504989e+02 1.651996e-02 9.998308e-01 8.090979e-03 -3.633671e+01 1.448454e-01 5.613637e-03 -9.894383e-01 5.405167e+02
-9.894167e-01 1.767754e-02 -1.440212e-01 1.503028e+02 1.698730e-02 9.998376e-01 6.021044e-03 -3.635943e+01 1.441042e-01 3.510792e-03 -9.895562e-01 5.391902e+02
-9.895127e-01 2.088679e-02 -1.429281e-01 1.501111e+02 2.022566e-02 9.997769e-01 6.077145e-03 -3.638092e+01 1.430232e-01 3.122597e-03 -9.897144e-01 5.378632e+02
-9.896377e-01 2.278073e-02 -1.417685e-01 1.499274e+02 2.201541e-02 9.997333e-01 6.964738e-03 -3.640180e+01 1.418894e-01 3.771476e-03 -9.898753e-01 5.365334e+02
-9.897121e-01 2.733818e-02 -1.404371e-01 1.497390e+02 2.656933e-02 9.996200e-01 7.347183e-03 -3.641925e+01 1.405845e-01 3.540280e-03 -9.900623e-01 5.352059e+02
-9.898079e-01 2.796837e-02 -1.396360e-01 1.495658e+02 2.733205e-02 9.996054e-01 6.472998e-03 -3.643762e+01 1.397619e-01 2.590488e-03 -9.901817e-01 5.338780e+02
-9.899198e-01 2.730970e-02 -1.389714e-01 1.493900e+02 2.712272e-02 9.996268e-01 3.239530e-03 -3.645568e+01 1.390080e-01 -5.624045e-04 -9.902910e-01 5.325525e+02
-9.900610e-01 2.560378e-02 -1.382887e-01 1.492373e+02 2.556514e-02 9.996710e-01 2.055982e-03 -3.647314e+01 1.382959e-01 -1.499820e-03 -9.903898e-01 5.312173e+02
-9.901479e-01 2.538756e-02 -1.377048e-01 1.490707e+02 2.522498e-02 9.996775e-01 2.925985e-03 -3.649414e+01 1.377346e-01 -5.764402e-04 -9.904689e-01 5.298864e+02
-9.902720e-01 2.580938e-02 -1.367309e-01 1.489178e+02 2.548331e-02 9.996667e-01 4.134965e-03 -3.651605e+01 1.367920e-01 6.103862e-04 -9.905995e-01 5.285526e+02
-9.903953e-01 2.581926e-02 -1.358327e-01 1.487465e+02 2.551535e-02 9.996665e-01 3.978238e-03 -3.654081e+01 1.358901e-01 4.742121e-04 -9.907237e-01 5.272240e+02
-9.905290e-01 2.482172e-02 -1.350416e-01 1.485833e+02 2.447550e-02 9.996915e-01 4.223692e-03 -3.656521e+01 1.351047e-01 8.784809e-04 -9.908309e-01 5.258922e+02
-9.906518e-01 2.259473e-02 -1.345309e-01 1.484166e+02 2.211673e-02 9.997426e-01 5.046782e-03 -3.659225e+01 1.346103e-01 2.024222e-03 -9.908965e-01 5.245616e+02
-9.907610e-01 2.084877e-02 -1.340075e-01 1.482552e+02 2.019689e-02 9.997766e-01 6.222269e-03 -3.662280e+01 1.341073e-01 3.458247e-03 -9.909607e-01 5.232315e+02
-9.908682e-01 1.789627e-02 -1.336415e-01 1.480981e+02 1.727698e-02 9.998339e-01 5.792347e-03 -3.665937e+01 1.337230e-01 3.430532e-03 -9.910128e-01 5.218996e+02
-9.909207e-01 1.402886e-02 -1.337141e-01 1.479370e+02 1.378034e-02 9.999011e-01 2.783986e-03 -3.669287e+01 1.337400e-01 9.160851e-04 -9.910160e-01 5.205729e+02
-9.908402e-01 1.247592e-02 -1.344621e-01 1.477813e+02 1.244741e-02 9.999220e-01 1.052740e-03 -3.672369e+01 1.344647e-01 -6.306056e-04 -9.909181e-01 5.192436e+02
-9.907356e-01 1.084154e-02 -1.353718e-01 1.476152e+02 1.025655e-02 9.999348e-01 5.018104e-03 -3.675185e+01 1.354174e-01 3.583167e-03 -9.907821e-01 5.179060e+02
-9.904870e-01 1.608944e-02 -1.366631e-01 1.474333e+02 1.519173e-02 9.998556e-01 7.609397e-03 -3.678077e+01 1.367658e-01 5.460860e-03 -9.905883e-01 5.165776e+02
-9.904065e-01 1.648536e-02 -1.371981e-01 1.472478e+02 1.589963e-02 9.998592e-01 5.364137e-03 -3.680604e+01 1.372672e-01 3.131279e-03 -9.905291e-01 5.152502e+02
-9.902494e-01 1.933657e-02 -1.379579e-01 1.470786e+02 1.924575e-02 9.998128e-01 1.992384e-03 -3.682222e+01 1.379706e-01 -6.821457e-04 -9.904360e-01 5.139248e+02
-9.900981e-01 2.012919e-02 -1.389265e-01 1.469088e+02 1.981695e-02 9.997970e-01 3.630583e-03 -3.684045e+01 1.389714e-01 8.415348e-04 -9.902960e-01 5.125940e+02
-9.898938e-01 2.061069e-02 -1.403053e-01 1.467361e+02 1.990936e-02 9.997813e-01 6.400626e-03 -3.685922e+01 1.404066e-01 3.542551e-03 -9.900875e-01 5.112597e+02
-9.897705e-01 2.041724e-02 -1.412005e-01 1.465574e+02 1.979263e-02 9.997871e-01 5.826822e-03 -3.687345e+01 1.412894e-01 2.972489e-03 -9.899638e-01 5.099280e+02
-9.896218e-01 2.120126e-02 -1.421243e-01 1.463705e+02 2.071960e-02 9.997735e-01 4.868285e-03 -3.689043e+01 1.421953e-01 1.873005e-03 -9.898368e-01 5.086073e+02
-9.895002e-01 2.080302e-02 -1.430267e-01 1.461806e+02 2.019674e-02 9.997798e-01 5.689680e-03 -3.690734e+01 1.431136e-01 2.741267e-03 -9.897024e-01 5.072768e+02
-9.893663e-01 1.895284e-02 -1.442054e-01 1.459908e+02 1.790779e-02 9.998031e-01 8.541667e-03 -3.692472e+01 1.443389e-01 5.868438e-03 -9.895109e-01 5.059474e+02
-9.892472e-01 1.625619e-02 -1.453474e-01 1.458011e+02 1.490777e-02 9.998352e-01 1.036172e-02 -3.694071e+01 1.454919e-01 8.083492e-03 -9.893264e-01 5.046207e+02
-9.890915e-01 1.367614e-02 -1.466662e-01 1.456051e+02 1.246398e-02 9.998802e-01 9.180645e-03 -3.696090e+01 1.467742e-01 7.252454e-03 -9.891434e-01 5.032985e+02
-9.890117e-01 7.412294e-03 -1.476518e-01 1.454142e+02 6.796777e-03 9.999660e-01 4.672883e-03 -3.699136e+01 1.476814e-01 3.617981e-03 -9.890283e-01 5.019839e+02
-9.888651e-01 4.661564e-03 -1.487417e-01 1.452222e+02 4.769768e-03 9.999885e-01 -3.706894e-04 -3.701873e+01 1.487383e-01 -1.076023e-03 -9.888760e-01 5.006689e+02
-9.887266e-01 1.062241e-03 -1.497287e-01 1.450362e+02 1.123970e-03 9.999993e-01 -3.275931e-04 -3.705073e+01 1.497282e-01 -4.921884e-04 -9.887270e-01 4.993461e+02
-9.885977e-01 -1.510089e-03 -1.505736e-01 1.448394e+02 -1.479113e-03 9.999988e-01 -3.176579e-04 -3.708251e+01 1.505739e-01 -9.131850e-05 -9.885987e-01 4.980232e+02
-9.884821e-01 2.772805e-04 -1.513378e-01 1.446322e+02 4.923741e-04 9.999989e-01 -1.383754e-03 -3.711944e+01 1.513372e-01 -1.442328e-03 -9.884811e-01 4.967093e+02
-9.884474e-01 2.892154e-03 -1.515371e-01 1.444285e+02 3.527065e-03 9.999861e-01 -3.921123e-03 -3.715595e+01 1.515236e-01 -4.410302e-03 -9.884437e-01 4.953908e+02
-9.884848e-01 6.963640e-03 -1.511604e-01 1.442370e+02 7.835751e-03 9.999559e-01 -5.174494e-03 -3.719331e+01 1.511177e-01 -6.299360e-03 -9.884957e-01 4.940666e+02
-9.884697e-01 1.316380e-02 -1.508458e-01 1.440382e+02 1.366591e-02 9.999040e-01 -2.292356e-03 -3.723224e+01 1.508011e-01 -4.327367e-03 -9.885546e-01 4.927343e+02
-9.884697e-01 1.597739e-02 -1.505739e-01 1.438385e+02 1.598087e-02 9.998716e-01 1.187115e-03 -3.727609e+01 1.505736e-01 -1.232873e-03 -9.885980e-01 4.914146e+02
-9.884543e-01 1.786660e-02 -1.504624e-01 1.436422e+02 1.816528e-02 9.998348e-01 -6.106626e-04 -3.731896e+01 1.504266e-01 -3.336800e-03 -9.886155e-01 4.900867e+02
-9.884250e-01 1.464000e-02 -1.510024e-01 1.434585e+02 1.562783e-02 9.998635e-01 -5.357043e-03 -3.735422e+01 1.509033e-01 -7.654872e-03 -9.885188e-01 4.887606e+02
-9.883920e-01 9.786322e-03 -1.516098e-01 1.432828e+02 1.133988e-02 9.998916e-01 -9.385777e-03 -3.739562e+01 1.515015e-01 -1.099606e-02 -9.883958e-01 4.874301e+02
-9.883985e-01 7.265608e-03 -1.517093e-01 1.430936e+02 9.012648e-03 9.999007e-01 -1.083119e-02 -3.744017e+01 1.516155e-01 -1.207283e-02 -9.883658e-01 4.861006e+02
-9.884641e-01 6.952625e-03 -1.512962e-01 1.429060e+02 8.664382e-03 9.999056e-01 -1.065758e-02 -3.748631e+01 1.512078e-01 -1.184552e-02 -9.884310e-01 4.847698e+02
-9.885801e-01 7.641888e-03 -1.505029e-01 1.427088e+02 9.350996e-03 9.998995e-01 -1.065148e-02 -3.753118e+01 1.504063e-01 -1.193719e-02 -9.885521e-01 4.834425e+02
-9.887594e-01 8.052690e-03 -1.492989e-01 1.425200e+02 9.689837e-03 9.999006e-01 -1.024132e-02 -3.757513e+01 1.492016e-01 -1.157288e-02 -9.887390e-01 4.821095e+02
-9.889554e-01 7.505745e-03 -1.480237e-01 1.423295e+02 9.063445e-03 9.999104e-01 -9.851530e-03 -3.761820e+01 1.479365e-01 -1.108432e-02 -9.889347e-01 4.807796e+02
-9.891311e-01 6.056063e-03 -1.469118e-01 1.421423e+02 7.544195e-03 9.999257e-01 -9.574285e-03 -3.766075e+01 1.468429e-01 -1.057855e-02 -9.891032e-01 4.794505e+02
-9.892652e-01 4.500837e-03 -1.460621e-01 1.419536e+02 6.085667e-03 9.999273e-01 -1.040530e-02 -3.770401e+01 1.460046e-01 -1.118248e-02 -9.892207e-01 4.781200e+02
-9.893713e-01 2.469803e-03 -1.453906e-01 1.417705e+02 4.228998e-03 9.999215e-01 -1.179190e-02 -3.774107e+01 1.453501e-01 -1.228142e-02 -9.893040e-01 4.767885e+02
-9.894656e-01 2.014267e-04 -1.447681e-01 1.415915e+02 2.146838e-03 9.999095e-01 -1.328197e-02 -3.777811e+01 1.447523e-01 -1.345284e-02 -9.893764e-01 4.754542e+02
-9.895241e-01 -1.434674e-03 -1.443610e-01 1.414092e+02 5.632007e-04 9.999046e-01 -1.379756e-02 -3.781888e+01 1.443670e-01 -1.373432e-02 -9.894288e-01 4.741207e+02
-9.896031e-01 -3.489448e-03 -1.437830e-01 1.412299e+02 -1.672752e-03 9.999172e-01 -1.275388e-02 -3.785877e+01 1.438156e-01 -1.238077e-02 -9.895270e-01 4.727832e+02
-9.896326e-01 -4.978814e-03 -1.435358e-01 1.410454e+02 -3.303298e-03 9.999236e-01 -1.190905e-02 -3.790188e+01 1.435841e-01 -1.131144e-02 -9.895734e-01 4.714476e+02
-9.896408e-01 -7.388927e-03 -1.433759e-01 1.408662e+02 -5.638714e-03 9.999046e-01 -1.260960e-02 -3.794403e+01 1.434554e-01 -1.167052e-02 -9.895879e-01 4.701168e+02
-9.896452e-01 -9.763442e-03 -1.432028e-01 1.406838e+02 -7.828657e-03 9.998704e-01 -1.406800e-02 -3.798848e+01 1.433216e-01 -1.280124e-02 -9.895933e-01 4.687861e+02
-9.896865e-01 -1.057343e-02 -1.428600e-01 1.405054e+02 -8.623215e-03 9.998611e-01 -1.426347e-02 -3.803096e+01 1.429910e-01 -1.288444e-02 -9.896401e-01 4.674554e+02
-9.897391e-01 -1.172907e-02 -1.424044e-01 1.403299e+02 -9.578747e-03 9.998296e-01 -1.577622e-02 -3.807021e+01 1.425652e-01 -1.425028e-02 -9.896828e-01 4.661290e+02
-9.897902e-01 -1.350495e-02 -1.418914e-01 1.401531e+02 -1.097678e-02 9.997670e-01 -1.858528e-02 -3.810772e+01 1.421093e-01 -1.683801e-02 -9.897077e-01 4.648054e+02
-9.898135e-01 -1.590797e-02 -1.414787e-01 1.399768e+02 -1.325915e-02 9.997191e-01 -1.964543e-02 -3.815253e+01 1.417515e-01 -1.756942e-02 -9.897463e-01 4.634873e+02
-9.898150e-01 -1.824911e-02 -1.411855e-01 1.398029e+02 -1.578401e-02 9.997031e-01 -1.856023e-02 -3.819948e+01 1.414823e-01 -1.614272e-02 -9.898091e-01 4.621702e+02
-9.897959e-01 -2.021324e-02 -1.410519e-01 1.396312e+02 -1.766552e-02 9.996578e-01 -1.929123e-02 -3.824579e+01 1.413935e-01 -1.660262e-02 -9.898142e-01 4.608614e+02
-9.898625e-01 -2.132800e-02 -1.404191e-01 1.394572e+02 -1.876096e-02 9.996322e-01 -1.957978e-02 -3.829285e+01 1.407850e-01 -1.674689e-02 -9.898985e-01 4.595579e+02
-9.899337e-01 -2.258126e-02 -1.397191e-01 1.392852e+02 -1.988461e-02 9.995886e-01 -2.066663e-02 -3.834326e+01 1.401283e-01 -1.768033e-02 -9.899754e-01 4.582594e+02
-9.900199e-01 -2.207425e-02 -1.391886e-01 1.391113e+02 -1.926936e-02 9.995838e-01 -2.146733e-02 -3.839462e+01 1.396045e-01 -1.857101e-02 -9.900331e-01 4.569649e+02
-9.901115e-01 -2.170054e-02 -1.385943e-01 1.389402e+02 -1.899122e-02 9.996024e-01 -2.084126e-02 -3.844393e+01 1.389915e-01 -1.800309e-02 -9.901299e-01 4.556713e+02
-9.902170e-01 -2.149674e-02 -1.378701e-01 1.387674e+02 -1.897685e-02 9.996284e-01 -1.956586e-02 -3.849641e+01 1.382395e-01 -1.675810e-02 -9.902570e-01 4.543808e+02
-9.903802e-01 -1.984853e-02 -1.369426e-01 1.386009e+02 -1.731748e-02 9.996569e-01 -1.964936e-02 -3.853840e+01 1.372856e-01 -1.708883e-02 -9.903840e-01 4.530896e+02
-9.905411e-01 -1.952684e-02 -1.358200e-01 1.384296e+02 -1.661017e-02 9.996071e-01 -2.257476e-02 -3.859054e+01 1.362075e-01 -2.010523e-02 -9.904762e-01 4.518114e+02
-9.907544e-01 -1.986211e-02 -1.342062e-01 1.382652e+02 -1.651366e-02 9.995251e-01 -2.601737e-02 -3.863673e+01 1.346592e-01 -2.356058e-02 -9.906118e-01 4.505371e+02
-9.909842e-01 -1.778254e-02 -1.327935e-01 1.381021e+02 -1.451858e-02 9.995692e-01 -2.550721e-02 -3.867953e+01 1.331899e-01 -2.334926e-02 -9.908154e-01 4.492604e+02
-9.911949e-01 -1.666766e-02 -1.313583e-01 1.379417e+02 -1.390015e-02 9.996623e-01 -2.195720e-02 -3.872791e+01 1.316799e-01 -1.993795e-02 -9.910917e-01 4.479831e+02
-9.914602e-01 -1.559707e-02 -1.294740e-01 1.377819e+02 -1.277429e-02 9.996629e-01 -2.260381e-02 -3.877963e+01 1.297829e-01 -2.075683e-02 -9.913251e-01 4.467035e+02
-9.917445e-01 -1.483499e-02 -1.273692e-01 1.376244e+02 -1.173365e-02 9.996169e-01 -2.506509e-02 -3.883459e+01 1.276923e-01 -2.336365e-02 -9.915386e-01 4.454404e+02
-9.920028e-01 -1.493145e-02 -1.253303e-01 1.374746e+02 -1.184273e-02 9.996084e-01 -2.535355e-02 -3.888771e+01 1.256597e-01 -2.366653e-02 -9.917910e-01 4.441661e+02
-9.922160e-01 -1.578859e-02 -1.235245e-01 1.373267e+02 -1.280119e-02 9.996069e-01 -2.494101e-02 -3.894477e+01 1.238697e-01 -2.316560e-02 -9.920280e-01 4.428900e+02
-9.924324e-01 -1.646546e-02 -1.216836e-01 1.371814e+02 -1.362245e-02 9.996153e-01 -2.415910e-02 -3.899490e+01 1.220346e-01 -2.231864e-02 -9.922748e-01 4.416177e+02
-9.926322e-01 -1.870153e-02 -1.197151e-01 1.370410e+02 -1.628782e-02 9.996445e-01 -2.110890e-02 -3.905025e+01 1.200673e-01 -1.900347e-02 -9.925838e-01 4.403381e+02
-9.928354e-01 -2.056616e-02 -1.177076e-01 1.369051e+02 -1.855595e-02 9.996631e-01 -1.814857e-02 -3.910228e+01 1.180411e-01 -1.583436e-02 -9.928824e-01 4.390647e+02
-9.929955e-01 -2.344252e-02 -1.158033e-01 1.367740e+02 -2.155891e-02 9.996145e-01 -1.749153e-02 -3.915010e+01 1.161687e-01 -1.487241e-02 -9.931181e-01 4.377872e+02
-9.932197e-01 -2.535236e-02 -1.134543e-01 1.366461e+02 -2.315104e-02 9.995181e-01 -2.067857e-02 -3.919901e+01 1.139238e-01 -1.791177e-02 -9.933280e-01 4.365142e+02
-9.935228e-01 -2.534966e-02 -1.107699e-01 1.365181e+02 -2.290488e-02 9.994664e-01 -2.328804e-02 -3.924495e+01 1.113011e-01 -2.060002e-02 -9.935731e-01 4.352373e+02
-9.938398e-01 -2.457168e-02 -1.080685e-01 1.363912e+02 -2.222516e-02 9.994915e-01 -2.286448e-02 -3.928684e+01 1.085754e-01 -2.032178e-02 -9.938804e-01 4.339654e+02
-9.941889e-01 -2.303180e-02 -1.051572e-01 1.362644e+02 -2.074498e-02 9.995250e-01 -2.278896e-02 -3.933188e+01 1.056322e-01 -2.047504e-02 -9.941944e-01 4.326922e+02
-9.945031e-01 -2.230111e-02 -1.023048e-01 1.361432e+02 -1.991357e-02 9.995063e-01 -2.429977e-02 -3.938072e+01 1.027962e-01 -2.212894e-02 -9.944562e-01 4.314142e+02
-9.947993e-01 -2.273008e-02 -9.928615e-02 1.360298e+02 -2.018601e-02 9.994435e-01 -2.655351e-02 -3.943242e+01 9.983446e-02 -2.441122e-02 -9.947045e-01 4.301404e+02
-9.951314e-01 -2.450791e-02 -9.546170e-02 1.359258e+02 -2.195945e-02 9.993762e-01 -2.765594e-02 -3.948564e+01 9.607994e-02 -2.542500e-02 -9.950488e-01 4.288635e+02
-9.954804e-01 -2.772214e-02 -9.083102e-02 1.358254e+02 -2.500217e-02 9.992082e-01 -3.094778e-02 -3.954136e+01 9.161704e-02 -2.853693e-02 -9.953853e-01 4.275922e+02
-9.958169e-01 -3.010832e-02 -8.626886e-02 1.357266e+02 -2.767522e-02 9.991885e-01 -2.926234e-02 -3.960010e+01 8.707989e-02 -2.675241e-02 -9.958420e-01 4.263140e+02
-9.960700e-01 -3.320997e-02 -8.210783e-02 1.356323e+02 -3.163163e-02 9.992904e-01 -2.044969e-02 -3.966444e+01 8.272869e-02 -1.777211e-02 -9.964136e-01 4.250231e+02
-9.962749e-01 -3.655098e-02 -7.810498e-02 1.355432e+02 -3.517015e-02 9.992010e-01 -1.898261e-02 -3.972587e+01 7.873641e-02 -1.616493e-02 -9.967643e-01 4.237373e+02
-9.966623e-01 -3.482630e-02 -7.383469e-02 1.354491e+02 -3.324397e-02 9.991928e-01 -2.255274e-02 -3.978588e+01 7.456051e-02 -2.002290e-02 -9.970154e-01 4.224548e+02
-9.969776e-01 -3.465749e-02 -6.953201e-02 1.353585e+02 -3.274986e-02 9.990603e-01 -2.839042e-02 -3.985114e+01 7.045060e-02 -2.602744e-02 -9.971756e-01 4.211841e+02
-9.972853e-01 -3.443056e-02 -6.508957e-02 1.352701e+02 -3.232483e-02 9.989281e-01 -3.313235e-02 -3.992522e+01 6.616056e-02 -3.093839e-02 -9.973292e-01 4.199081e+02
-9.975705e-01 -3.362669e-02 -6.101187e-02 1.351884e+02 -3.172885e-02 9.989901e-01 -3.181280e-02 -4.000274e+01 6.202001e-02 -2.979966e-02 -9.976299e-01 4.186176e+02
-9.977731e-01 -3.365362e-02 -5.758803e-02 1.351107e+02 -3.213298e-02 9.991153e-01 -2.713099e-02 -4.008164e+01 5.845013e-02 -2.522009e-02 -9.979717e-01 4.173250e+02
-9.979483e-01 -3.388952e-02 -5.432035e-02 1.350359e+02 -3.268660e-02 9.992036e-01 -2.288256e-02 -4.015777e+01 5.505257e-02 -2.106006e-02 -9.982613e-01 4.160312e+02
-9.981659e-01 -3.289015e-02 -5.082390e-02 1.349704e+02 -3.176216e-02 9.992343e-01 -2.284464e-02 -4.022041e+01 5.153635e-02 -2.118845e-02 -9.984463e-01 4.147415e+02
-9.983467e-01 -3.291632e-02 -4.712158e-02 1.349129e+02 -3.178415e-02 9.991925e-01 -2.457752e-02 -4.027725e+01 4.789253e-02 -2.303916e-02 -9.985867e-01 4.134553e+02
-9.985198e-01 -3.290336e-02 -4.330922e-02 1.348604e+02 -3.181997e-02 9.991690e-01 -2.547132e-02 -4.033625e+01 4.411132e-02 -2.405551e-02 -9.987369e-01 4.121672e+02
-9.986687e-01 -3.292346e-02 -3.971183e-02 1.348092e+02 -3.191748e-02 9.991599e-01 -2.570563e-02 -4.039977e+01 4.052479e-02 -2.440390e-02 -9.988804e-01 4.108802e+02
-9.987678e-01 -3.399490e-02 -3.615621e-02 1.347665e+02 -3.304133e-02 9.990985e-01 -2.665207e-02 -4.046812e+01 3.702965e-02 -2.542457e-02 -9.989906e-01 4.095954e+02
-9.988065e-01 -3.636268e-02 -3.260948e-02 1.347296e+02 -3.546561e-02 9.989875e-01 -2.767822e-02 -4.053259e+01 3.358292e-02 -2.648867e-02 -9.990848e-01 4.083192e+02
-9.988125e-01 -3.902856e-02 -2.916112e-02 1.347040e+02 -3.821760e-02 9.988807e-01 -2.786789e-02 -4.059131e+01 3.021612e-02 -2.672033e-02 -9.991861e-01 4.070461e+02
-9.987669e-01 -4.229038e-02 -2.600402e-02 1.346779e+02 -4.158285e-02 9.987655e-01 -2.717257e-02 -4.065667e+01 2.712106e-02 -2.605773e-02 -9.992924e-01 4.057783e+02
-9.986335e-01 -4.686355e-02 -2.313127e-02 1.346575e+02 -4.624595e-02 9.985772e-01 -2.654919e-02 -4.072310e+01 2.434254e-02 -2.544317e-02 -9.993798e-01 4.045156e+02
-9.984842e-01 -5.120144e-02 -2.019415e-02 1.346428e+02 -5.064503e-02 9.983472e-01 -2.716399e-02 -4.078707e+01 2.155161e-02 -2.610007e-02 -9.994269e-01 4.032567e+02
-9.984896e-01 -5.213734e-02 -1.732867e-02 1.346307e+02 -5.159634e-02 9.982075e-01 -3.032376e-02 -4.084851e+01 1.887861e-02 -2.938386e-02 -9.993899e-01 4.020090e+02
-9.985724e-01 -5.140837e-02 -1.450273e-02 1.346228e+02 -5.089854e-02 9.981395e-01 -3.356889e-02 -4.090735e+01 1.620147e-02 -3.278279e-02 -9.993311e-01 4.007687e+02
-9.987514e-01 -4.871881e-02 -1.105402e-02 1.346122e+02 -4.831418e-02 9.982425e-01 -3.431616e-02 -4.096407e+01 1.270643e-02 -3.373924e-02 -9.993498e-01 3.995327e+02
-9.989693e-01 -4.478248e-02 -7.416628e-03 1.346026e+02 -4.451842e-02 9.984767e-01 -3.259296e-02 -4.102615e+01 8.864923e-03 -3.222918e-02 -9.994411e-01 3.983021e+02
-9.990799e-01 -4.268478e-02 -4.166739e-03 1.345964e+02 -4.252768e-02 9.985687e-01 -3.243211e-02 -4.108453e+01 5.545132e-03 -3.222506e-02 -9.994652e-01 3.970796e+02
-9.990888e-01 -4.266517e-02 -1.159432e-03 1.346004e+02 -4.260324e-02 9.985406e-01 -3.319127e-02 -4.114517e+01 2.573851e-03 -3.311163e-02 -9.994483e-01 3.958656e+02
-9.990253e-01 -4.411011e-02 1.687880e-03 1.346097e+02 -4.414180e-02 9.984793e-01 -3.302423e-02 -4.120807e+01 -2.286110e-04 -3.306654e-02 -9.994531e-01 3.946601e+02
-9.989705e-01 -4.515270e-02 4.395510e-03 1.346230e+02 -4.526712e-02 9.984982e-01 -3.085714e-02 -4.126979e+01 -2.995626e-03 -3.102434e-02 -9.995141e-01 3.934603e+02
-9.989857e-01 -4.447763e-02 7.032118e-03 1.346335e+02 -4.466395e-02 9.985800e-01 -2.903455e-02 -4.132810e+01 -5.730745e-03 -2.931917e-02 -9.995536e-01 3.922676e+02
-9.990457e-01 -4.266422e-02 9.354649e-03 1.346464e+02 -4.291500e-02 9.986726e-01 -2.848444e-02 -4.138698e+01 -8.126965e-03 -2.885870e-02 -9.995504e-01 3.910822e+02
-9.990464e-01 -4.204100e-02 1.178434e-02 1.346647e+02 -4.237258e-02 9.986673e-01 -2.946303e-02 -4.144977e+01 -1.052998e-02 -2.993427e-02 -9.994963e-01 3.899037e+02
-9.990585e-01 -4.093979e-02 1.435958e-02 1.346860e+02 -4.137376e-02 9.986517e-01 -3.135346e-02 -4.152012e+01 -1.305662e-02 -3.191804e-02 -9.994051e-01 3.887277e+02
-9.990315e-01 -4.070468e-02 1.671250e-02 1.347122e+02 -4.122467e-02 9.986358e-01 -3.204762e-02 -4.158853e+01 -1.538521e-02 -3.270555e-02 -9.993466e-01 3.875583e+02
-9.989479e-01 -4.183400e-02 1.879031e-02 1.347429e+02 -4.241622e-02 9.985958e-01 -3.173669e-02 -4.165899e+01 -1.743625e-02 -3.250031e-02 -9.993196e-01 3.863954e+02
-9.988691e-01 -4.251690e-02 2.128265e-02 1.347770e+02 -4.318723e-02 9.985513e-01 -3.209603e-02 -4.172782e+01 -1.988719e-02 -3.297887e-02 -9.992581e-01 3.852386e+02
-9.988239e-01 -4.222861e-02 2.382599e-02 1.348122e+02 -4.297033e-02 9.985787e-01 -3.152893e-02 -4.179540e+01 -2.246070e-02 -3.251566e-02 -9.992188e-01 3.840904e+02
-9.988114e-01 -4.106020e-02 2.626490e-02 1.348491e+02 -4.181590e-02 9.987072e-01 -2.890078e-02 -4.186002e+01 -2.504428e-02 -2.996471e-02 -9.992371e-01 3.829455e+02
-9.988299e-01 -3.891707e-02 2.871361e-02 1.348868e+02 -3.972612e-02 9.988135e-01 -2.816586e-02 -4.192533e+01 -2.758341e-02 -2.927357e-02 -9.991907e-01 3.818090e+02
-9.988049e-01 -3.719207e-02 3.171191e-02 1.349285e+02 -3.818349e-02 9.987819e-01 -3.125308e-02 -4.198672e+01 -3.051091e-02 -3.242659e-02 -9.990083e-01 3.806844e+02
-9.988505e-01 -3.325352e-02 3.452620e-02 1.349720e+02 -3.444494e-02 9.988107e-01 -3.450661e-02 -4.203830e+01 -3.333767e-02 -3.565619e-02 -9.988079e-01 3.795654e+02
-9.988036e-01 -3.179741e-02 3.715446e-02 1.350210e+02 -3.303355e-02 9.989045e-01 -3.314435e-02 -4.208977e+01 -3.605985e-02 -3.433203e-02 -9.987597e-01 3.784539e+02
-9.987208e-01 -3.097444e-02 3.996872e-02 1.350748e+02 -3.212926e-02 9.990749e-01 -2.858164e-02 -4.214031e+01 -3.904645e-02 -2.982924e-02 -9.987920e-01 3.773415e+02
-9.985900e-01 -3.002133e-02 4.378189e-02 1.351318e+02 -3.120459e-02 9.991590e-01 -2.659806e-02 -4.219082e+01 -4.294656e-02 -2.792675e-02 -9.986869e-01 3.762447e+02
-9.983973e-01 -3.051968e-02 4.766089e-02 1.351949e+02 -3.186749e-02 9.991059e-01 -2.778008e-02 -4.224163e+01 -4.677044e-02 -2.925438e-02 -9.984771e-01 3.751579e+02
-9.981968e-01 -3.132185e-02 5.120672e-02 1.352628e+02 -3.293343e-02 9.989786e-01 -3.093722e-02 -4.229196e+01 -5.018541e-02 -3.256784e-02 -9.982087e-01 3.740859e+02
-9.979418e-01 -3.285817e-02 5.506865e-02 1.353339e+02 -3.471131e-02 9.988511e-01 -3.303980e-02 -4.234697e+01 -5.391975e-02 -3.488329e-02 -9.979357e-01 3.730182e+02
-9.976677e-01 -3.364979e-02 5.938756e-02 1.354040e+02 -3.564062e-02 9.988266e-01 -3.278804e-02 -4.241066e+01 -5.821456e-02 -3.482817e-02 -9.976963e-01 3.719591e+02
-9.973708e-01 -3.305511e-02 6.449045e-02 1.354781e+02 -3.515919e-02 9.988766e-01 -3.176857e-02 -4.247425e+01 -6.336789e-02 -3.395246e-02 -9.974125e-01 3.709063e+02
-9.970192e-01 -3.131187e-02 7.051488e-02 1.355565e+02 -3.349732e-02 9.989876e-01 -3.002638e-02 -4.253526e+01 -6.950331e-02 -3.229893e-02 -9.970587e-01 3.698612e+02
-9.965750e-01 -2.828222e-02 7.770713e-02 1.356408e+02 -3.045395e-02 9.991739e-01 -2.690603e-02 -4.259402e+01 -7.688197e-02 -2.918036e-02 -9.966130e-01 3.688247e+02
-9.959153e-01 -2.641617e-02 8.634248e-02 1.357337e+02 -2.857139e-02 9.993078e-01 -2.382139e-02 -4.265109e+01 -8.565345e-02 -2.619100e-02 -9.959806e-01 3.677918e+02
-9.950236e-01 -2.505597e-02 9.643857e-02 1.358389e+02 -2.744048e-02 9.993476e-01 -2.347923e-02 -4.270492e+01 -9.578735e-02 -2.600870e-02 -9.950619e-01 3.667771e+02
-9.938939e-01 -2.323086e-02 1.078669e-01 1.359528e+02 -2.605948e-02 9.993505e-01 -2.488804e-02 -4.275607e+01 -1.072186e-01 -2.754702e-02 -9.938537e-01 3.657691e+02
-9.925083e-01 -2.236155e-02 1.201140e-01 1.360817e+02 -2.562355e-02 9.993417e-01 -2.568193e-02 -4.280692e+01 -1.194606e-01 -2.856727e-02 -9.924278e-01 3.647747e+02
-9.907779e-01 -2.273296e-02 1.335758e-01 1.362257e+02 -2.648241e-02 9.993016e-01 -2.636031e-02 -4.285887e+01 -1.328833e-01 -2.965461e-02 -9.906879e-01 3.637919e+02
-9.886976e-01 -2.203929e-02 1.482950e-01 1.363812e+02 -2.639532e-02 9.992740e-01 -2.747026e-02 -4.291143e+01 -1.475819e-01 -3.107406e-02 -9.885615e-01 3.628127e+02
-9.861656e-01 -2.147542e-02 1.643661e-01 1.365524e+02 -2.639141e-02 9.992655e-01 -2.778346e-02 -4.296355e+01 -1.636487e-01 -3.173694e-02 -9.860080e-01 3.618493e+02
-9.833273e-01 -2.075788e-02 1.806560e-01 1.367387e+02 -2.613278e-02 9.992823e-01 -2.742286e-02 -4.301361e+01 -1.799570e-01 -3.168668e-02 -9.831639e-01 3.608913e+02
-9.802383e-01 -2.153407e-02 1.966450e-01 1.369304e+02 -2.742311e-02 9.992518e-01 -2.727367e-02 -4.304889e+01 -1.959105e-01 -3.212730e-02 -9.800953e-01 3.599464e+02
-9.770346e-01 -2.140700e-02 2.120029e-01 1.371350e+02 -2.783413e-02 9.992375e-01 -2.737809e-02 -4.307963e+01 -2.112552e-01 -3.265025e-02 -9.768854e-01 3.590175e+02
-9.736052e-01 -2.323869e-02 2.270529e-01 1.373590e+02 -3.052928e-02 9.991232e-01 -2.865041e-02 -4.311813e+01 -2.261880e-01 -3.482594e-02 -9.734609e-01 3.580810e+02
-9.702920e-01 -2.422898e-02 2.407205e-01 1.375953e+02 -3.216251e-02 9.990594e-01 -2.908289e-02 -4.315233e+01 -2.397895e-01 -3.596106e-02 -9.701586e-01 3.571547e+02
-9.670913e-01 -2.703674e-02 2.529890e-01 1.378494e+02 -3.553308e-02 9.989455e-01 -2.907444e-02 -4.319146e+01 -2.519361e-01 -3.710711e-02 -9.670321e-01 3.562281e+02
-9.640404e-01 -3.012193e-02 2.640432e-01 1.381124e+02 -3.930398e-02 9.987899e-01 -2.956009e-02 -4.323185e+01 -2.628333e-01 -3.887507e-02 -9.640577e-01 3.553032e+02
-9.611077e-01 -3.294715e-02 2.742018e-01 1.383888e+02 -4.258910e-02 9.986634e-01 -2.928354e-02 -4.327333e+01 -2.728705e-01 -3.982264e-02 -9.612262e-01 3.543803e+02
-9.583115e-01 -3.517993e-02 2.835518e-01 1.386741e+02 -4.506384e-02 9.985801e-01 -2.840829e-02 -4.331579e+01 -2.821497e-01 -4.000192e-02 -9.585360e-01 3.534552e+02
-9.555097e-01 -3.773355e-02 2.925363e-01 1.389662e+02 -4.769825e-02 9.984967e-01 -2.700288e-02 -4.335762e+01 -2.910776e-01 -3.975497e-02 -9.558730e-01 3.525348e+02
-9.526000e-01 -3.949267e-02 3.016515e-01 1.392679e+02 -4.962571e-02 9.984294e-01 -2.599958e-02 -4.340005e+01 -3.001510e-01 -3.973687e-02 -9.530636e-01 3.516183e+02
-9.494330e-01 -4.166113e-02 3.111937e-01 1.395763e+02 -5.168073e-02 9.983748e-01 -2.401710e-02 -4.344123e+01 -3.096873e-01 -3.888533e-02 -9.500429e-01 3.507073e+02
-9.459009e-01 -4.218062e-02 3.217023e-01 1.398936e+02 -5.224014e-02 9.983766e-01 -2.269755e-02 -4.348337e+01 -3.202226e-01 -3.827540e-02 -9.465687e-01 3.498059e+02
-9.419771e-01 -4.280918e-02 3.329362e-01 1.402185e+02 -5.294695e-02 9.983673e-01 -2.143214e-02 -4.352373e+01 -3.314751e-01 -3.781653e-02 -9.427057e-01 3.489157e+02
-9.380827e-01 -4.376883e-02 3.436354e-01 1.405525e+02 -5.393073e-02 9.983430e-01 -2.006539e-02 -4.356256e+01 -3.421878e-01 -3.735549e-02 -9.388887e-01 3.480314e+02
-9.341100e-01 -4.521089e-02 3.541111e-01 1.408960e+02 -5.502845e-02 9.983279e-01 -1.769879e-02 -4.359990e+01 -3.527187e-01 -3.601879e-02 -9.350358e-01 3.471572e+02
-9.301217e-01 -4.552345e-02 3.644191e-01 1.412462e+02 -5.470387e-02 9.983914e-01 -1.490328e-02 -4.363662e+01 -3.631544e-01 -3.379700e-02 -9.311157e-01 3.462915e+02
-9.257875e-01 -4.525567e-02 3.753259e-01 1.416036e+02 -5.398673e-02 9.984599e-01 -1.277361e-02 -4.367145e+01 -3.741697e-01 -3.208826e-02 -9.268049e-01 3.454288e+02
-9.209888e-01 -4.508979e-02 3.869710e-01 1.419714e+02 -5.337835e-02 9.985171e-01 -1.069315e-02 -4.370268e+01 -3.859150e-01 -3.050414e-02 -9.220298e-01 3.445790e+02
-9.156804e-01 -4.416023e-02 3.994739e-01 1.423460e+02 -5.157368e-02 9.986385e-01 -7.822551e-03 -4.373204e+01 -3.985845e-01 -2.776529e-02 -9.167112e-01 3.437338e+02
-9.097740e-01 -4.290360e-02 4.128809e-01 1.427332e+02 -4.992335e-02 9.987336e-01 -6.223813e-03 -4.376025e+01 -4.120910e-01 -2.627465e-02 -9.107637e-01 3.429018e+02
-9.033419e-01 -4.078687e-02 4.269777e-01 1.431305e+02 -4.859768e-02 9.987909e-01 -7.407327e-03 -4.378886e+01 -4.261594e-01 -2.744147e-02 -9.042318e-01 3.420845e+02
-8.963805e-01 -3.741949e-02 4.417033e-01 1.435364e+02 -4.618390e-02 9.988915e-01 -9.101907e-03 -4.381474e+01 -4.408731e-01 -2.855835e-02 -8.971150e-01 3.412705e+02
-8.887867e-01 -3.361418e-02 4.570868e-01 1.439568e+02 -4.296639e-02 9.990257e-01 -1.007801e-02 -4.384095e+01 -4.563027e-01 -2.859656e-02 -8.893649e-01 3.404686e+02
-8.804717e-01 -3.103901e-02 4.730816e-01 1.443923e+02 -3.944690e-02 9.991907e-01 -7.859089e-03 -4.386832e+01 -4.724548e-01 -2.558130e-02 -8.809835e-01 3.396745e+02
-8.712648e-01 -2.689703e-02 4.900758e-01 1.448357e+02 -3.406123e-02 9.994034e-01 -5.703959e-03 -4.389466e+01 -4.896300e-01 -2.166224e-02 -8.716611e-01 3.388817e+02
-8.608393e-01 -2.343074e-02 5.083372e-01 1.453016e+02 -2.991629e-02 9.995418e-01 -4.589719e-03 -4.391913e+01 -5.079968e-01 -1.915857e-02 -8.611458e-01 3.381059e+02
-8.498156e-01 -1.831528e-02 5.267618e-01 1.457774e+02 -2.447819e-02 9.996891e-01 -4.731497e-03 -4.394261e+01 -5.265114e-01 -1.691508e-02 -8.499997e-01 3.373321e+02
-8.381986e-01 -1.460291e-02 5.451697e-01 1.462767e+02 -2.009968e-02 9.997895e-01 -4.122938e-03 -4.396579e+01 -5.449947e-01 -1.441358e-02 -8.383155e-01 3.365741e+02
-8.263181e-01 -1.147028e-02 5.630869e-01 1.467945e+02 -1.570603e-02 9.998730e-01 -2.680509e-03 -4.398590e+01 -5.629847e-01 -1.105882e-02 -8.263933e-01 3.358250e+02
-8.138252e-01 -1.200719e-02 5.809857e-01 1.473315e+02 -1.411222e-02 9.999000e-01 8.969181e-04 -4.400497e+01 -5.809383e-01 -7.469066e-03 -8.139132e-01 3.350739e+02
-8.010310e-01 -1.087501e-02 5.985242e-01 1.478886e+02 -1.088894e-02 9.999342e-01 3.595356e-03 -4.402366e+01 -5.985239e-01 -3.637303e-03 -8.010966e-01 3.343415e+02
-7.876181e-01 -8.560244e-03 6.161044e-01 1.484661e+02 -7.775000e-03 9.999619e-01 3.954169e-03 -4.404059e+01 -6.161147e-01 -1.675837e-03 -7.876546e-01 3.336147e+02
-7.739078e-01 -6.061150e-03 6.332694e-01 1.490574e+02 -5.854750e-03 9.999799e-01 2.416010e-03 -4.405316e+01 -6.332713e-01 -1.837866e-03 -7.739277e-01 3.328931e+02
-7.594121e-01 -4.392650e-03 6.505952e-01 1.496762e+02 -3.369916e-03 9.999903e-01 2.818105e-03 -4.406463e+01 -6.506012e-01 -5.234999e-05 -7.594195e-01 3.321825e+02
-7.439020e-01 -3.156518e-03 6.682813e-01 1.503161e+02 6.254456e-05 9.999885e-01 4.792894e-03 -4.407741e+01 -6.682887e-01 3.607239e-03 -7.438932e-01 3.314768e+02
-7.272593e-01 -1.986735e-03 6.863600e-01 1.509670e+02 3.570261e-03 9.999713e-01 6.677510e-03 -4.408767e+01 -6.863535e-01 7.306762e-03 -7.272313e-01 3.307720e+02
-7.100664e-01 -5.202105e-04 7.041346e-01 1.516443e+02 8.007256e-03 9.999291e-01 8.813441e-03 -4.409067e+01 -7.040892e-01 1.189631e-02 -7.100118e-01 3.300879e+02
-6.927017e-01 -1.281434e-03 7.212231e-01 1.523391e+02 1.053167e-02 9.998738e-01 1.189170e-02 -4.409280e+01 -7.211473e-01 1.583309e-02 -6.926007e-01 3.294124e+02
-6.756426e-01 -1.543437e-03 7.372278e-01 1.530500e+02 1.104115e-02 9.998644e-01 1.221209e-02 -4.409609e+01 -7.371466e-01 1.639084e-02 -6.755339e-01 3.287628e+02
-6.583589e-01 1.985936e-03 7.527016e-01 1.537753e+02 1.435410e-02 9.998478e-01 9.916952e-03 -4.409534e+01 -7.525673e-01 1.733326e-02 -6.582871e-01 3.281329e+02
-6.406593e-01 2.566990e-03 7.678211e-01 1.545167e+02 1.417751e-02 9.998635e-01 8.486753e-03 -4.409622e+01 -7.676944e-01 1.632290e-02 -6.406081e-01 3.275124e+02
-6.223735e-01 -4.276146e-04 7.827204e-01 1.552869e+02 1.372634e-02 9.998401e-01 1.146060e-02 -4.409799e+01 -7.826001e-01 1.787665e-02 -6.222680e-01 3.269134e+02
-6.031933e-01 -3.749655e-03 7.975863e-01 1.560768e+02 1.332112e-02 9.998021e-01 1.477473e-02 -4.409909e+01 -7.974838e-01 1.953676e-02 -6.030239e-01 3.263296e+02
-5.830076e-01 -6.221830e-03 8.124429e-01 1.568761e+02 1.345778e-02 9.997595e-01 1.731361e-02 -4.409889e+01 -8.123552e-01 2.102764e-02 -5.827837e-01 3.257539e+02
-5.616841e-01 -7.984336e-03 8.273133e-01 1.576960e+02 1.258015e-02 9.997554e-01 1.818954e-02 -4.409794e+01 -8.272561e-01 2.062449e-02 -5.614462e-01 3.252107e+02
-5.390019e-01 -8.837217e-03 8.422582e-01 1.585263e+02 1.050226e-02 9.997967e-01 1.721106e-02 -4.409811e+01 -8.422390e-01 1.812240e-02 -5.387995e-01 3.246792e+02
-5.146880e-01 -1.061154e-02 8.573119e-01 1.593818e+02 1.320643e-02 9.997066e-01 2.030254e-02 -4.409252e+01 -8.572758e-01 2.177150e-02 -5.143969e-01 3.241753e+02
-4.883259e-01 -1.694400e-02 8.724969e-01 1.602581e+02 1.451720e-02 9.995154e-01 2.753581e-02 -4.408359e+01 -8.725406e-01 2.611265e-02 -4.878432e-01 3.236964e+02
-4.609807e-01 -2.412913e-02 8.870821e-01 1.611470e+02 1.600341e-02 9.992416e-01 3.549625e-02 -4.407601e+01 -8.872658e-01 3.055942e-02 -4.602450e-01 3.232249e+02
-4.327368e-01 -2.316704e-02 9.012226e-01 1.620488e+02 2.056967e-02 9.991558e-01 3.556139e-02 -4.405969e+01 -9.012856e-01 3.392656e-02 -4.318949e-01 3.227972e+02
-4.048483e-01 -2.217811e-02 9.141149e-01 1.629731e+02 2.318422e-02 9.991354e-01 3.450882e-02 -4.404114e+01 -9.140899e-01 3.516387e-02 -4.039841e-01 3.223953e+02
-3.782904e-01 -2.382056e-02 9.253805e-01 1.639062e+02 2.348247e-02 9.991002e-01 3.531771e-02 -4.402247e+01 -9.253890e-01 3.509056e-02 -3.773906e-01 3.220068e+02
-3.527553e-01 -2.739794e-02 9.353145e-01 1.648653e+02 2.394973e-02 9.989794e-01 3.829553e-02 -4.400358e+01 -9.354090e-01 3.590947e-02 -3.517391e-01 3.216553e+02
-3.273991e-01 -3.146528e-02 9.443621e-01 1.658328e+02 2.431055e-02 9.988340e-01 4.170841e-02 -4.398417e+01 -9.445733e-01 3.661324e-02 -3.262524e-01 3.213146e+02
-3.025365e-01 -3.431253e-02 9.525200e-01 1.668283e+02 2.447188e-02 9.987427e-01 4.375029e-02 -4.396075e+01 -9.528236e-01 3.654600e-02 -3.013164e-01 3.210086e+02
-2.795922e-01 -3.574502e-02 9.594533e-01 1.678170e+02 2.421347e-02 9.987264e-01 4.426415e-02 -4.393771e+01 -9.598135e-01 3.560759e-02 -2.783705e-01 3.207267e+02
-2.589373e-01 -3.672004e-02 9.651959e-01 1.688230e+02 2.441080e-02 9.987091e-01 4.454381e-02 -4.391142e+01 -9.655856e-01 3.509525e-02 -2.577067e-01 3.204555e+02
-2.403943e-01 -3.703450e-02 9.699686e-01 1.698433e+02 2.388430e-02 9.987436e-01 4.405258e-02 -4.388523e+01 -9.703814e-01 3.375701e-02 -2.392078e-01 3.202085e+02
-2.240015e-01 -3.787891e-02 9.738524e-01 1.708769e+02 2.369271e-02 9.987374e-01 4.429653e-02 -4.385777e+01 -9.743007e-01 3.299568e-02 -2.228212e-01 3.199754e+02
