1 0.000351845 0.000580008 0.000223769 -0.00035184 1 -8.65593e-06 0.00012329 -0.000580011 8.45186e-06 1 -0.00124416 0 0 0 1 
0.99998 7.1811e-06 -0.00638731 -0.00483269 7.59043e-06 0.999997 0.00231261 -0.00457059 0.00638731 -0.00231261 0.999977 0.0684471 0 0 0 1 
0.999654 -0.000450411 -0.0262993 -0.0222423 0.000465118 1 0.000553106 -0.0141045 0.026299 -0.000565147 0.999654 0.243799 0 0 0 1 
0.997807 -0.000616477 -0.0661859 -0.0729952 0.000496646 0.999998 -0.00182696 -0.0434908 0.0661869 0.00179008 0.997806 0.758707 0 0 0 1 
0.996256 4.16558e-05 -0.0864547 -0.110006 -0.00064625 0.999976 -0.00696522 -0.0610736 0.0864523 0.00699501 0.996231 1.07474 0 0 0 1 
0.993174 0.00453753 -0.116551 -0.201858 -0.00387373 0.999975 0.00592122 -0.0919529 0.116575 -0.00542931 0.993167 1.79536 0 0 0 1 
0.990542 0.00258118 -0.137184 -0.313337 -0.00269542 0.999996 -0.000647053 -0.137717 0.137182 0.0010107 0.990545 2.64497 0 0 0 1 
0.988722 0.00298802 -0.149731 -0.390804 -0.00352437 0.999988 -0.00331682 -0.165311 0.14972 0.00380712 0.988721 3.14244 0 0 0 1 
0.99513 0.00658511 -0.0983472 -0.54902 -0.00677981 0.999976 -0.0016456 -0.250408 0.0983339 0.00230436 0.995151 4.79448 0 0 0 1 
0.998935 0.000199344 -0.0461456 -0.558157 -0.000400882 0.99999 -0.00435821 -0.30152 0.0461443 0.00437207 0.998925 5.58158 0 0 0 1 
0.999479 -0.00114407 0.0322618 -0.720982 0.00149289 0.999941 -0.0107902 -0.353454 -0.0322475 0.0108328 0.999421 6.98475 0 0 0 1 
0.994231 -0.00378573 0.107193 -1.05971 0.00433737 0.999979 -0.00491362 -0.39784 -0.107172 0.00535021 0.994226 8.92115 0 0 0 1 
0.991713 -0.00655584 0.128304 -1.19456 0.00522689 0.999929 0.0106917 -0.404347 -0.128365 -0.00993248 0.991677 9.45109 0 0 0 1 
0.989144 -0.00817032 0.146723 -1.33579 0.00480098 0.999717 0.0233033 -0.413741 -0.146872 -0.0223459 0.988903 10.134 0 0 0 1 
0.983375 -0.0136404 0.181076 -1.66417 0.0105882 0.999785 0.0178122 -0.41004 -0.18128 -0.0155988 0.983308 11.7242 0 0 0 1 
0.97689 -0.0086819 0.213565 -1.84883 0.00707694 0.999941 0.00827846 -0.439849 -0.213624 -0.00657576 0.976894 13.4634 0 0 0 1 
0.972721 -0.0115738 0.231688 -1.83404 0.00944898 0.999903 0.0102789 -0.468868 -0.231784 -0.00780927 0.972736 13.9134 0 0 0 1 
0.955237 -0.0202061 0.295151 -1.75841 0.01926 0.999796 0.00611235 -0.533705 -0.295214 -0.000154125 0.955431 15.0907 0 0 0 1 
0.945042 -0.0192392 0.326383 -1.65857 0.0194098 0.999808 0.00273427 -0.559651 -0.326373 0.00375104 0.945234 15.6671 0 0 0 1 
0.936861 -0.0191282 0.349178 -1.54658 0.0216675 0.99976 -0.00336748 -0.586044 -0.34903 0.0107207 0.93705 16.1043 0 0 0 1 
0.92517 -0.0328349 0.37813 -1.39597 0.0315833 0.999456 0.00951291 -0.605676 -0.378237 0.00314155 0.925704 16.6341 0 0 0 1 
0.91845 -0.0277469 0.394563 -1.26737 0.029335 0.999568 0.00200782 -0.632642 -0.394448 0.00973042 0.918867 16.9617 0 0 0 1 
0.909684 -0.0373491 0.413619 -1.13114 0.0389219 0.999232 0.00462681 -0.652169 -0.413474 0.0118899 0.910438 17.2814 0 0 0 1 
0.875367 -0.034545 0.482223 -0.762364 0.0347522 0.99936 0.00850634 -0.673708 -0.482208 0.00931211 0.876007 18.0394 0 0 0 1 
0.85685 -0.0332455 0.514493 -0.597531 0.033774 0.999395 0.00833075 -0.684461 -0.514458 0.0102383 0.857454 18.2669 0 0 0 1 
0.829588 -0.0327978 0.557412 -0.401101 0.0350002 0.999365 0.00671172 -0.700125 -0.557278 0.0139416 0.830209 18.4955 0 0 0 1 
0.800904 -0.0319308 0.597941 -0.195595 0.0375305 0.999291 0.00309368 -0.708411 -0.597616 0.0199633 0.801534 18.7004 0 0 0 1 
0.771712 -0.0310068 0.635216 0.0177567 0.0384187 0.99926 0.00210265 -0.718856 -0.634811 0.0227815 0.772332 18.8945 0 0 0 1 
0.746242 -0.0357302 0.664715 0.197996 0.0435285 0.99904 0.00483385 -0.727002 -0.66425 0.0253268 0.747082 19.0418 0 0 0 1 
0.719707 -0.037676 0.693255 0.3831 0.0425594 0.999043 0.0101112 -0.731392 -0.692972 0.0222274 0.720622 19.1897 0 0 0 1 
0.654681 -0.0352881 0.755081 0.820305 0.0462242 0.998909 0.00660523 -0.755566 -0.754491 0.0305787 0.655598 19.5058 0 0 0 1 
0.610954 -0.0387806 0.790716 1.10662 0.05118 0.998645 0.00943369 -0.766709 -0.79001 0.0347053 0.612111 19.6775 0 0 0 1 
0.563999 -0.0429814 0.824656 1.41077 0.0573264 0.998273 0.0128237 -0.778529 -0.823783 0.0400421 0.565489 19.8306 0 0 0 1 
0.516503 -0.0444826 0.855129 1.71038 0.0612502 0.998011 0.0149196 -0.792006 -0.854092 0.0446708 0.518201 19.9593 0 0 0 1 
0.471729 -0.0443972 0.880625 2.01065 0.0658457 0.997717 0.0150285 -0.806568 -0.879281 0.050896 0.473576 20.072 0 0 0 1 
0.427547 -0.0394269 0.903133 2.30603 0.0675553 0.997648 0.0115721 -0.821146 -0.901465 0.0560638 0.429205 20.1692 0 0 0 1 
0.38055 -0.0448365 0.923673 2.6038 0.069397 0.997392 0.0198236 -0.827206 -0.922153 0.0565562 0.382669 20.2514 0 0 0 1 
0.31555 -0.0415067 0.948001 3.17389 0.0670491 0.997521 0.021357 -0.845781 -0.946537 0.0568234 0.317551 20.3917 0 0 0 1 
0.291413 -0.0455105 0.955514 3.46538 0.0693969 0.997242 0.0263332 -0.855614 -0.954077 0.0586359 0.293768 20.4575 0 0 0 1 
0.271477 -0.0448016 0.961402 3.80376 0.0672 0.99736 0.0275016 -0.865024 -0.960096 0.0571401 0.273771 20.5356 0 0 0 1 
0.231269 -0.0492748 0.971641 4.58629 0.0722259 0.99683 0.0333611 -0.878516 -0.970205 0.0624622 0.234095 20.6851 0 0 0 1 
0.222769 -0.0488233 0.973648 5.0499 0.067159 0.997141 0.0346355 -0.887577 -0.972555 0.0576735 0.225411 20.7775 0 0 0 1 
0.226843 -0.0404555 0.973091 5.52817 0.0702739 0.997212 0.0250764 -0.905201 -0.971393 0.0626945 0.229053 20.8801 0 0 0 1 
0.232573 -0.0447835 0.971547 6.38645 0.0722357 0.996976 0.0286635 -0.931705 -0.969893 0.063514 0.235105 21.0708 0 0 0 1 
0.236566 -0.0425967 0.970681 6.78388 0.0662719 0.997419 0.0276189 -0.94383 -0.969353 0.0577952 0.238778 21.1666 0 0 0 1 
0.29546 -0.048153 0.954141 7.60058 0.068708 0.997214 0.0290506 -0.96374 -0.952881 0.0569739 0.297946 21.4134 0 0 0 1 
0.350484 -0.0416886 0.93564 7.86312 0.0701283 0.997372 0.0181696 -0.978108 -0.933939 0.0592467 0.352487 21.5453 0 0 0 1 
0.398726 -0.0457597 0.915928 8.06726 0.0611319 0.997859 0.0232407 -0.980723 -0.91503 0.0467258 0.400669 21.6761 0 0 0 1 
0.443683 -0.0468089 0.89496 8.25654 0.0664174 0.997606 0.0192506 -0.994228 -0.893719 0.0508998 0.44573 21.8077 0 0 0 1 
0.491568 -0.0543781 0.86914 8.47548 0.0623667 0.997684 0.0271472 -0.997868 -0.868603 0.0408607 0.493821 21.9791 0 0 0 1 
0.536248 -0.04167 0.843031 8.69316 0.0553782 0.998366 0.0141222 -1.01157 -0.842242 0.0391126 0.537679 22.1571 0 0 0 1 
0.572223 -0.0445046 0.81889 8.96798 0.0600172 0.998121 0.0123067 -1.02156 -0.817899 0.0421053 0.573819 22.3704 0 0 0 1 
0.588473 -0.0458421 0.807217 9.27582 0.0549235 0.998352 0.0166567 -1.03407 -0.80665 0.0345331 0.59002 22.5959 0 0 0 1 
0.58829 -0.041343 0.807592 9.89227 0.0553412 0.998409 0.0107981 -1.06929 -0.806754 0.0383407 0.589642 23.0339 0 0 0 1 
0.583367 -0.0381321 0.811313 10.2041 0.0530471 0.998553 0.00878956 -1.08527 -0.810475 0.0379102 0.584546 23.2547 0 0 0 1 
0.580018 -0.0419707 0.813521 10.4594 0.0575847 0.998286 0.0104466 -1.09792 -0.812565 0.0407872 0.581441 23.424 0 0 0 1 
0.576177 -0.045148 0.816077 10.7905 0.0587034 0.99818 0.013776 -1.11327 -0.815214 0.039969 0.577779 23.651 0 0 0 1 
0.583321 -0.0465313 0.810908 11.092 0.0558496 0.998293 0.0171087 -1.13204 -0.810319 0.0353091 0.584924 23.8633 0 0 0 1 
0.601032 -0.0427892 0.798079 11.3445 0.0567523 0.99833 0.0107856 -1.15517 -0.797207 0.0388103 0.602457 24.0718 0 0 0 1 
0.649844 -0.0406975 0.758977 11.9394 0.0534746 0.998539 0.00775766 -1.1948 -0.758184 0.0355447 0.651071 24.5964 0 0 0 1 
0.679646 -0.0399216 0.732453 12.3052 0.0537701 0.998543 0.00453103 -1.21798 -0.731567 0.0363046 0.680802 24.9622 0 0 0 1 
0.701019 -0.0382273 0.712117 12.5465 0.0500484 0.998737 0.00434501 -1.23855 -0.711384 0.0325944 0.702047 25.2277 0 0 0 1 
0.725562 -0.0383758 0.687086 12.8334 0.0514728 0.998673 0.00142366 -1.26354 -0.686229 0.0343333 0.726575 25.548 0 0 0 1 
0.7735 -0.0394177 0.632569 13.3882 0.0465734 0.998901 0.00529562 -1.30344 -0.632083 0.0253647 0.774486 26.2344 0 0 0 1 
0.791111 -0.0349822 0.610672 13.6002 0.043653 0.999047 0.000678837 -1.31853 -0.610113 0.0261206 0.791884 26.5255 0 0 0 1 
0.812719 -0.037998 0.581416 13.8413 0.0447032 0.998996 0.00280137 -1.339 -0.580939 0.0237144 0.813602 26.8913 0 0 0 1 
0.829618 -0.0333577 0.557334 14.0402 0.0405479 0.999177 -0.00055437 -1.36224 -0.556857 0.0230586 0.830288 27.2179 0 0 0 1 
0.845652 -0.0338168 0.532662 14.2297 0.0426611 0.99908 -0.00430061 -1.3844 -0.532027 0.0263608 0.846317 27.5422 0 0 0 1 
0.87587 -0.0327369 0.481436 14.6971 0.0384941 0.999257 -0.00208397 -1.43858 -0.48101 0.0203577 0.876479 28.3963 0 0 0 1 
0.887145 -0.0294955 0.460547 14.9098 0.0365728 0.99931 -0.00644928 -1.46614 -0.460039 0.0225649 0.887612 28.814 0 0 0 1 
0.896287 -0.0273825 0.442628 15.0802 0.0328295 0.99945 -0.00464775 -1.49057 -0.442257 0.018697 0.896693 29.1757 0 0 0 1 
0.906172 -0.0270182 0.422046 15.2698 0.0284582 0.999591 0.00288859 -1.51377 -0.421951 0.00939311 0.90657 29.595 0 0 0 1 
0.914782 -0.0283992 0.402948 15.4464 0.0299541 0.999548 0.00244428 -1.53881 -0.402835 0.00983396 0.91522 29.9957 0 0 0 1 
0.92954 -0.0245538 0.367902 15.7499 0.0275668 0.999616 -0.00293581 -1.5874 -0.367688 0.0128708 0.92986 30.7584 0 0 0 1 
0.936413 -0.0214142 0.350245 15.9082 0.0260378 0.999625 -0.00849707 -1.6174 -0.349931 0.0170764 0.93662 31.1903 0 0 0 1 
0.949057 -0.0199027 0.314474 16.1918 0.023907 0.999675 -0.00888142 -1.67365 -0.314195 0.0159471 0.949225 32.0478 0 0 0 1 
0.953983 -0.021352 0.299099 16.3047 0.0234826 0.999718 -0.00353061 -1.69547 -0.29894 0.0103918 0.954215 32.4148 0 0 0 1 
0.958364 -0.018886 0.284923 16.4393 0.0214785 0.999751 -0.00597656 -1.72815 -0.284739 0.0118474 0.958532 32.8734 0 0 0 1 
0.965834 -0.0199646 0.25839 16.7072 0.0250867 0.999548 -0.0165409 -1.79535 -0.257944 0.0224579 0.965899 33.8342 0 0 0 1 
0.969485 -0.0196698 0.24436 16.8492 0.022363 0.999716 -0.00825182 -1.82893 -0.244128 0.0134646 0.969649 34.3847 0 0 0 1 
0.972397 -0.0204719 0.232432 16.9595 0.0215938 0.999764 -0.00228301 -1.8607 -0.232331 0.00723909 0.97261 34.8364 0 0 0 1 
0.982375 -0.0215332 0.185676 17.2619 0.0224658 0.999743 -0.00291974 -1.94629 -0.185566 0.00703964 0.982607 36.2554 0 0 0 1 
0.986865 -0.0167479 0.160678 17.3653 0.0187367 0.999765 -0.0108701 -1.98443 -0.160459 0.0137379 0.986947 36.9223 0 0 0 1 
0.990247 -0.0166705 0.138322 17.445 0.0180075 0.999802 -0.00842013 -2.01407 -0.138154 0.0108288 0.990352 37.5206 0 0 0 1 
0.991161 -0.0143778 0.13188 17.5082 0.0148769 0.999885 -0.0028001 -2.04066 -0.131825 0.00473733 0.991262 38.0311 0 0 0 1 
0.992073 -0.0166234 0.124559 17.6834 0.0158843 0.99985 0.00692458 -2.10775 -0.124655 -0.00489117 0.992188 39.2393 0 0 0 1 
0.992366 -0.0166799 0.122193 17.915 0.0170827 0.999852 -0.00224977 -2.19987 -0.122138 0.00431999 0.992504 40.847 0 0 0 1 
0.991953 -0.0153932 0.125668 18.1174 0.0153881 0.999881 0.00101139 -2.27269 -0.125668 0.000930536 0.992072 42.1819 0 0 0 1 
0.990855 -0.0153661 0.13405 18.2375 0.0156952 0.999876 -0.00139875 -2.31317 -0.134012 0.0034899 0.990974 42.926 0 0 0 1 
0.98823 -0.0153784 0.152202 18.37 0.0154137 0.999881 0.000947902 -2.35297 -0.152198 0.00140925 0.988349 43.6077 0 0 0 1 
0.985375 -0.0169438 0.169555 18.5104 0.0176392 0.999841 -0.00259587 -2.39076 -0.169485 0.00554873 0.985517 44.2796 0 0 0 1 
0.982735 -0.0190127 0.18404 18.6692 0.0186974 0.999819 0.00344861 -2.42797 -0.184072 5.19975e-05 0.982913 44.9837 0 0 0 1 
0.983434 -0.0163265 0.180529 18.7974 0.0177445 0.999823 -0.00624237 -2.46463 -0.180395 0.00934236 0.98355 45.6015 0 0 0 1 
0.984838 -0.0202383 0.172294 18.9084 0.0207181 0.999785 -0.000986599 -2.49691 -0.172236 0.00454123 0.985045 46.1941 0 0 0 1 
0.985773 -0.0202309 0.166862 19.0889 0.019225 0.999786 0.00764189 -2.54818 -0.166981 -0.00432526 0.985951 47.1844 0 0 0 1 
0.985598 -0.0186459 0.168071 19.1991 0.0191569 0.999815 -0.00141928 -2.58441 -0.168014 0.00461857 0.985774 47.7204 0 0 0 1 
0.985666 -0.023914 0.167004 19.2853 0.0242454 0.999706 5.45133e-05 -2.60734 -0.166956 0.00399534 0.985956 48.1857 0 0 0 1 
0.985276 -0.0215715 0.169608 19.3759 0.0223312 0.999747 -0.00257315 -2.63769 -0.16951 0.00632282 0.985508 48.6504 0 0 0 1 
0.984577 -0.0213364 0.173643 19.4756 0.0215144 0.999768 0.000857376 -2.6633 -0.173622 0.00289168 0.984808 49.1529 0 0 0 1 
0.984062 -0.020179 0.176679 19.5736 0.0200777 0.999796 0.00236175 -2.69169 -0.176691 0.0012232 0.984266 49.6273 0 0 0 1 
0.98445 -0.0209575 0.174409 19.6628 0.0216819 0.999762 -0.00224906 -2.71677 -0.174321 0.00599562 0.984671 50.0845 0 0 0 1 
0.984985 -0.0191719 0.17157 19.7609 0.0194738 0.99981 -7.68907e-05 -2.7406 -0.171536 0.00341686 0.985172 50.5829 0 0 0 1 
0.985415 -0.0218269 0.168763 19.8662 0.0233613 0.999702 -0.00711199 -2.77227 -0.168558 0.0109508 0.985631 51.1086 0 0 0 1 
0.986058 -0.0202707 0.165165 19.9681 0.0210302 0.999775 -0.00285095 -2.80345 -0.16507 0.00628467 0.986262 51.6761 0 0 0 1 
0.987292 -0.0187871 0.1578 20.1639 0.0203602 0.999758 -0.0083585 -2.86887 -0.157604 0.0114651 0.987436 52.768 0 0 0 1 
0.988632 -0.0218416 0.148762 20.2415 0.0223695 0.999748 -0.00187584 -2.89844 -0.148684 0.00518225 0.988871 53.2324 0 0 0 1 
0.990154 -0.0194679 0.138622 20.3071 0.0194292 0.99981 0.00163229 -2.92557 -0.138627 0.0010771 0.990344 53.6999 0 0 0 1 
0.991814 -0.0222011 0.125747 20.3739 0.0215351 0.999746 0.00665375 -2.94662 -0.125863 -0.0038913 0.99204 54.1705 0 0 0 1 
0.993398 -0.0182984 0.113251 20.4272 0.0183684 0.999831 0.00042571 -2.96992 -0.113239 0.00165733 0.993566 54.6315 0 0 0 1 
0.994471 -0.0179585 0.103467 20.4678 0.0188017 0.999797 -0.00717977 -2.99115 -0.103317 0.00908542 0.994607 55.0055 0 0 0 1 
0.995606 -0.0178772 0.0919153 20.5036 0.0177435 0.99984 0.00227168 -3.00506 -0.0919412 -0.000630807 0.995764 55.4027 0 0 0 1 
0.996521 -0.0154566 0.0818941 20.5322 0.015102 0.999874 0.00494782 -3.02596 -0.0819602 -0.00369384 0.996629 55.7818 0 0 0 1 
0.997457 -0.0144547 0.0697927 20.5633 0.0150789 0.999851 -0.00842493 -3.05156 -0.0696605 0.0094559 0.997526 56.2301 0 0 0 1 
0.998082 -0.0159666 0.0598032 20.5852 0.0159371 0.999873 0.000969396 -3.06488 -0.059811 -1.44462e-05 0.99821 56.6138 0 0 0 1 
0.998744 -0.014249 0.0480404 20.6038 0.0139708 0.999884 0.0061228 -3.08256 -0.048122 -0.00544395 0.998827 57.0422 0 0 0 1 
0.999251 -0.0148301 0.0357366 20.6201 0.0146244 0.999875 0.00600953 -3.10102 -0.0358213 -0.0054824 0.999343 57.4946 0 0 0 1 
0.999555 -0.0155245 0.0254619 20.6326 0.0153938 0.999867 0.00531852 -3.12158 -0.0255411 -0.00492419 0.999662 57.9463 0 0 0 1 
0.999561 -0.0139848 0.0261042 20.6504 0.0138787 0.999895 0.0042418 -3.14103 -0.0261607 -0.00387765 0.99965 58.3151 0 0 0 1 
0.999492 -0.0141058 0.0285714 20.6699 0.014105 0.9999 0.000231209 -3.16524 -0.0285718 0.000171907 0.999592 58.6866 0 0 0 1 
0.999354 -0.0147821 0.0327623 20.6938 0.015074 0.999849 -0.00868239 -3.18578 -0.032629 0.00917064 0.999425 59.0668 0 0 0 1 
0.999168 -0.0133863 0.0385122 20.7181 0.0132798 0.999907 0.00301906 -3.20102 -0.0385491 -0.00250512 0.999254 59.4672 0 0 0 1 
0.998895 -0.0120871 0.0454103 20.7481 0.0117454 0.999901 0.00778489 -3.21894 -0.0454999 -0.00724293 0.998938 59.8624 0 0 0 1 
0.998605 -0.0128885 0.0512092 20.7824 0.0126893 0.999911 0.00421331 -3.24038 -0.0512589 -0.00355762 0.998679 60.2427 0 0 0 1 
0.997731 -0.0110497 0.0664164 20.828 0.0108751 0.999936 0.00298939 -3.26496 -0.0664452 -0.00226032 0.997788 60.6547 0 0 0 1 
0.996852 -0.0150521 0.0778477 20.8705 0.0151264 0.999886 -0.000364508 -3.28291 -0.0778333 0.00154092 0.996965 60.9719 0 0 0 1 
0.995787 -0.0133298 0.0907216 20.9175 0.0133919 0.99991 -7.53013e-05 -3.29949 -0.0907125 0.00128992 0.995876 61.3354 0 0 0 1 
0.994916 -0.0148425 0.0996101 20.962 0.0150152 0.999887 -0.00098487 -3.31608 -0.0995842 0.00247553 0.995026 61.628 0 0 0 1 
0.993686 -0.0162224 0.111018 21.0239 0.0159484 0.999867 0.00335606 -3.33515 -0.111058 -0.00156431 0.993813 62.015 0 0 0 1 
0.994577 -0.0129121 0.103197 21.1246 0.0126355 0.999915 0.00333388 -3.37718 -0.103231 -0.00201186 0.994655 62.9025 0 0 0 1 
0.995757 -0.0103293 0.0914429 21.1684 0.0103842 0.999946 -0.00012432 -3.40485 -0.0914367 0.00107335 0.99581 63.3709 0 0 0 1 
0.996729 -0.0115644 0.0799828 21.2117 0.0116259 0.999932 -0.000303566 -3.43188 -0.0799739 0.00123245 0.996796 63.8653 0 0 0 1 
0.997837 -0.0132872 0.0643827 21.2903 0.0124344 0.99983 0.0136293 -3.47892 -0.0645528 -0.0127993 0.997832 64.9113 0 0 0 1 
0.998174 -0.0117352 0.059248 21.3205 0.0111356 0.999883 0.0104406 -3.50402 -0.0593636 -0.00976175 0.998189 65.383 0 0 0 1 
0.998486 -0.0121785 0.0536342 21.3489 0.0119852 0.99992 0.00392288 -3.52999 -0.0536777 -0.00327412 0.998553 65.8665 0 0 0 1 
0.998717 -0.0119388 0.049212 21.3793 0.0117683 0.999924 0.00375349 -3.55145 -0.049253 -0.00316953 0.998781 66.3416 0 0 0 1 
0.998824 -0.0087331 0.0476849 21.4626 0.00852045 0.999953 0.00466086 -3.61809 -0.0477234 -0.00424909 0.998852 67.7352 0 0 0 1 
0.99844 -0.0120772 0.054522 21.5142 0.0121006 0.999927 -9.83029e-05 -3.6459 -0.0545168 0.000757897 0.998513 68.3281 0 0 0 1 
0.995774 -0.00955896 0.091335 21.6615 0.00904782 0.999941 0.00600871 -3.7099 -0.091387 -0.00515694 0.995802 69.6594 0 0 0 1 
0.994004 -0.0121498 0.108664 21.7468 0.0127206 0.999909 -0.00456108 -3.74376 -0.108599 0.00591601 0.994068 70.2278 0 0 0 1 
0.992365 -0.0117875 0.12277 21.8241 0.0116885 0.999931 0.00152619 -3.76599 -0.12278 -7.95294e-05 0.992434 70.724 0 0 0 1 
0.990842 -0.0148256 0.134213 21.8959 0.0149632 0.999888 -1.6352e-05 -3.78488 -0.134198 0.00202446 0.990953 71.1242 0 0 0 1 
0.987804 -0.0146762 0.15501 22.0597 0.014424 0.999892 0.00275154 -3.82622 -0.155033 -0.000482118 0.987909 72.0028 0 0 0 1 
0.985931 -0.0171172 0.166274 22.1535 0.0173587 0.999849 8.1471e-07 -3.8523 -0.166249 0.00288549 0.98608 72.4858 0 0 0 1 
0.984131 -0.0164019 0.176684 22.2366 0.0164871 0.999864 0.000986033 -3.87476 -0.176676 0.00194262 0.984267 72.8789 0 0 0 1 
0.980789 -0.0144145 0.194536 22.4125 0.015981 0.999851 -0.0064855 -3.91702 -0.194413 0.00946979 0.980874 73.5947 0 0 0 1 
0.984362 -0.0109566 0.175815 23.0661 0.011384 0.999934 -0.00142211 -4.07752 -0.175788 0.00340134 0.984422 76.6311 0 0 0 1 
0.987469 -0.0118312 0.157372 23.2271 0.0106812 0.99991 0.00815108 -4.11912 -0.157454 -0.00636801 0.987506 77.5745 0 0 0 1 
0.988712 -0.0141312 0.149163 23.3554 0.0139819 0.9999 0.00204967 -4.16031 -0.149177 5.90513e-05 0.988811 78.3524 0 0 0 1 
0.988368 -0.0124784 0.151565 23.4637 0.0120916 0.999921 0.00347357 -4.1868 -0.151597 -0.00160051 0.988441 78.989 0 0 0 1 
0.98465 -0.0139128 0.173982 23.7625 0.0141884 0.999899 -0.000340424 -4.2584 -0.17396 0.00280373 0.984749 80.4978 0 0 0 1 
0.980064 -0.0164472 0.198002 23.9205 0.0176182 0.999836 -0.00415361 -4.29684 -0.197901 0.00755923 0.980193 81.1433 0 0 0 1 
0.972039 -0.0163572 0.23425 24.1577 0.0168019 0.999859 9.70382e-05 -4.34479 -0.234219 0.00384153 0.972176 82.0227 0 0 0 1 
0.960947 -0.0218944 0.275864 24.4673 0.0210051 0.99976 0.00617818 -4.39615 -0.275933 -0.000142352 0.961177 82.9881 0 0 0 1 
0.9225 -0.0263075 0.385099 25.31 0.029413 0.999565 -0.00217457 -4.51014 -0.384875 0.013333 0.922873 84.9525 0 0 0 1 
0.89197 -0.026624 0.45131 25.789 0.029015 0.999578 0.00162256 -4.55868 -0.451162 0.0116475 0.892366 85.8035 0 0 0 1 
0.830596 -0.030902 0.556018 26.7309 0.0333956 0.999426 0.00565821 -4.64286 -0.555874 0.0138689 0.831151 87.1332 0 0 0 1 
0.799506 -0.0346614 0.599658 27.1993 0.0398468 0.999195 0.00462897 -4.68223 -0.599336 0.0201936 0.800243 87.6803 0 0 0 1 
0.774885 -0.0342057 0.631176 27.5586 0.0374787 0.999264 0.0081417 -4.70645 -0.63099 0.0173468 0.775597 88.0778 0 0 0 1 
0.749582 -0.03277 0.6611 27.932 0.0429903 0.999075 0.000778949 -4.73143 -0.660514 0.027837 0.750297 88.4462 0 0 0 1 
0.721366 -0.0386184 0.691476 28.3346 0.0462939 0.9989 0.00749273 -4.75375 -0.691005 0.0266061 0.72236 88.8138 0 0 0 1 
0.698554 -0.0373928 0.714579 28.6631 0.0432166 0.999015 0.0100294 -4.76934 -0.714251 0.0238756 0.699483 89.0993 0 0 0 1 
0.679165 -0.037801 0.733012 28.9503 0.0449941 0.998939 0.00982589 -4.78508 -0.732605 0.0263078 0.680145 89.329 0 0 0 1 
0.639109 -0.0356759 0.768288 29.5134 0.0485004 0.998805 0.00603452 -4.81668 -0.767585 0.0334056 0.640076 89.7451 0 0 0 1 
0.617088 -0.0424579 0.785748 29.8323 0.0507339 0.998612 0.0141162 -4.82524 -0.785257 0.0311531 0.618386 89.9633 0 0 0 1 
0.595088 -0.0436364 0.802475 30.1488 0.0490724 0.998635 0.0179126 -4.83833 -0.802161 0.0287198 0.596416 90.1668 0 0 0 1 
0.576349 -0.047559 0.815819 30.5369 0.0590614 0.998119 0.0164615 -4.85171 -0.815067 0.0386958 0.578074 90.4038 0 0 0 1 
0.563279 -0.0507192 0.824708 30.8572 0.0577454 0.99809 0.0219417 -4.86467 -0.824246 0.0352638 0.565132 90.6055 0 0 0 1 
0.562443 -0.0548859 0.825012 31.2268 0.0591065 0.997911 0.0260932 -4.88145 -0.824721 0.0340877 0.564512 90.8429 0 0 0 1 
0.59029 -0.0513985 0.805553 31.5908 0.0591841 0.99804 0.0203114 -4.89732 -0.805018 0.0356863 0.592176 91.1182 0 0 0 1 
0.677019 -0.0391116 0.734925 32.3035 0.0524763 0.998611 0.00480289 -4.93589 -0.734092 0.0353145 0.678131 91.8034 0 0 0 1 
0.711836 -0.0356904 0.701438 32.6034 0.041401 0.999104 0.00882144 -4.95012 -0.701124 0.0227608 0.712676 92.1461 0 0 0 1 
0.744674 -0.0387783 0.666301 32.8761 0.045203 0.998949 0.00761826 -4.96454 -0.665896 0.0244457 0.745644 92.4763 0 0 0 1 
0.779541 -0.0394583 0.625108 33.1502 0.0440696 0.998996 0.00810203 -4.98007 -0.6248 0.0212324 0.780496 92.8555 0 0 0 1 
0.813579 -0.0329104 0.580523 33.3991 0.0357176 0.99934 0.00659686 -4.99886 -0.580357 0.0153678 0.814217 93.2588 0 0 0 1 
0.845172 -0.0332042 0.533463 33.6333 0.0362673 0.999331 0.00474238 -5.01524 -0.533263 0.0153391 0.84581 93.6739 0 0 0 1 
0.876639 -0.0288074 0.480286 33.8489 0.028734 0.999559 0.00750654 -5.03316 -0.48029 0.00722002 0.87708 94.1322 0 0 0 1 
0.899297 -0.0288269 0.436386 34.0008 0.0288158 0.999563 0.00664602 -5.05191 -0.436387 0.00659809 0.899735 94.5014 0 0 0 1 
0.920083 -0.0238966 0.390994 34.1329 0.0227251 0.999713 0.00762342 -5.07236 -0.391064 0.00187121 0.920362 94.8855 0 0 0 1 
0.953893 -0.022235 0.299324 34.3432 0.0208479 0.999752 0.00782712 -5.10353 -0.299423 -0.00122596 0.95412 95.6674 0 0 0 1 
0.975771 -0.0198801 0.217891 34.5012 0.0192253 0.999802 0.00512492 -5.14164 -0.21795 -0.000811722 0.97596 96.4776 0 0 0 1 
0.979277 -0.0168962 0.201821 34.593 0.0165603 0.999857 0.00335274 -5.1644 -0.201849 5.89726e-05 0.979417 96.952 0 0 0 1 
0.980893 -0.0139019 0.194049 34.9087 0.0140781 0.999901 0.000471079 -5.24366 -0.194036 0.00226977 0.980992 98.3907 0 0 0 1 
0.992278 -0.0124913 0.123405 35.1624 0.0122504 0.999921 0.00271085 -5.3331 -0.123429 -0.00117816 0.992353 100.174 0 0 0 1 
0.994639 -0.0075959 0.103133 35.3834 0.00732186 0.999969 0.00303555 -5.4377 -0.103152 -0.00226415 0.994663 102.124 0 0 0 1 
0.990908 -0.00677206 0.134372 35.5809 0.00627363 0.999972 0.00413236 -5.5015 -0.134396 -0.00325178 0.990922 103.405 0 0 0 1 
0.982387 -0.0111171 0.186525 35.867 0.0123345 0.99991 -0.00536792 -5.57029 -0.186449 0.00757408 0.982435 104.68 0 0 0 1 
0.98724 -0.0124909 0.158747 36.3567 0.0124439 0.999922 0.00128996 -5.70309 -0.158751 0.000701937 0.987318 107.21 0 0 0 1 
0.990943 -0.013101 0.133643 36.602 0.0128643 0.999914 0.0026343 -5.78422 -0.133666 -0.000891209 0.991026 108.803 0 0 0 1 
0.995031 -0.0112491 0.0989265 36.8457 0.0111279 0.999937 0.00177699 -5.8899 -0.0989402 -0.000667317 0.995093 110.804 0 0 0 1 
0.997754 -0.00762449 0.0665467 36.9845 0.00793394 0.999959 -0.0043872 -5.98543 -0.0665105 0.00490532 0.997774 112.514 0 0 0 1 
0.988428 -0.0125011 0.151175 37.9929 0.0127555 0.999918 -0.000713179 -6.39454 -0.151154 0.00263324 0.988507 120.083 0 0 0 1 
0.991758 -0.00949749 0.12777 38.3727 0.00962983 0.999954 -0.00041808 -6.52809 -0.12776 0.00164503 0.991804 122.635 0 0 0 1 
0.992274 -0.00646477 0.123899 38.5627 0.00749432 0.999941 -0.00784535 -6.60674 -0.123841 0.00871327 0.992264 123.999 0 0 0 1 
0.992678 -0.00690783 0.120597 38.6815 0.00750511 0.999962 -0.00449919 -6.65164 -0.120561 0.00537134 0.992691 124.852 0 0 0 1 
0.992979 -0.0088268 0.11796 38.7907 0.00900131 0.999959 -0.000946741 -6.6919 -0.117947 0.00200189 0.993018 125.614 0 0 0 1 
0.992818 -0.00999919 0.119216 38.8871 0.0104488 0.99994 -0.00314686 -6.73078 -0.119177 0.00436993 0.992863 126.277 0 0 0 1 
0.991985 -0.0106821 0.125904 38.9916 0.0108615 0.999941 -0.000738518 -6.76577 -0.125889 0.00210011 0.992042 126.954 0 0 0 1 
0.988628 -0.0142282 0.149704 39.2372 0.0146695 0.999891 -0.00184396 -6.84362 -0.149662 0.00401908 0.988729 128.333 0 0 0 1 
0.98774 -0.013176 0.15555 39.3413 0.0136739 0.999904 -0.0021317 -6.87849 -0.155508 0.00423255 0.987826 128.9 0 0 0 1 
0.987551 -0.0140892 0.156665 39.4438 0.0148761 0.999882 -0.00385103 -6.91225 -0.156592 0.00613365 0.987644 129.472 0 0 0 1 
0.987838 -0.0150125 0.154761 39.5469 0.0138245 0.999866 0.00874947 -6.93768 -0.154872 -0.00650356 0.987913 130.079 0 0 0 1 
0.991037 -0.0123016 0.13302 39.681 0.0131599 0.999898 -0.00557505 -6.99478 -0.132937 0.00727561 0.991098 131.003 0 0 0 1 
0.99226 -0.00886975 0.123862 39.7203 0.0097658 0.99993 -0.00662899 -7.01491 -0.123794 0.00778729 0.992277 131.341 0 0 0 1 
0.993455 -0.0106305 0.113728 39.7606 0.0107444 0.999942 -0.000388084 -7.03177 -0.113718 0.00160748 0.993512 131.69 0 0 0 1 
0.994507 -0.00713725 0.104423 39.7944 0.00749527 0.999967 -0.0030365 -7.05428 -0.104398 0.0038025 0.994528 132.04 0 0 0 1 
0.995209 -0.0103695 0.0972144 39.8214 0.0110241 0.99992 -0.00619846 -7.06926 -0.0971424 0.00724046 0.995244 132.301 0 0 0 1 
0.995806 -0.0131381 0.0905443 39.8467 0.0139609 0.999867 -0.00846067 -7.08441 -0.0904211 0.00968927 0.995856 132.561 0 0 0 1 
0.996334 -0.00931331 0.0850423 39.8663 0.00925803 0.999957 0.00104439 -7.09532 -0.0850483 -0.000253234 0.996377 132.83 0 0 0 1 
0.996679 -0.00844128 0.0809887 39.8881 0.00844492 0.999964 0.000297664 -7.11024 -0.0809883 0.000387267 0.996715 133.093 0 0 0 1 
0.996795 -0.00925403 0.079466 39.9143 0.00888669 0.999948 0.00497505 -7.12337 -0.0795079 -0.00425291 0.996825 133.365 0 0 0 1 
0.996008 -0.011174 0.088562 39.9691 0.0114836 0.99993 -0.00298735 -7.14862 -0.0885223 0.00399244 0.996066 133.799 0 0 0 1 
0.99489 -0.00450173 0.100868 40.0158 0.00460475 0.999989 -0.000788523 -7.16824 -0.100863 0.00124896 0.9949 134.166 0 0 0 1 
0.993526 -0.0129619 0.112867 40.079 0.0132358 0.999911 -0.00167808 -7.18521 -0.112835 0.0031611 0.993609 134.525 0 0 0 1 
0.991799 -0.00991842 0.127421 40.1397 0.010009 0.99995 -7.0919e-05 -7.20494 -0.127414 0.0013457 0.991849 134.89 0 0 0 1 
0.990048 -0.0104909 0.140341 40.2053 0.0112803 0.999925 -0.00483111 -7.22444 -0.14028 0.00636612 0.990091 135.246 0 0 0 1 
0.987942 -0.0129415 0.154283 40.2787 0.0137027 0.999899 -0.00387158 -7.2444 -0.154217 0.00593899 0.988019 135.608 0 0 0 1 
0.985806 -0.00968897 0.167606 40.352 0.0107925 0.999926 -0.00567413 -7.26368 -0.167539 0.00740248 0.985838 135.962 0 0 0 1 
0.984816 -0.0137905 0.173053 40.425 0.0137723 0.999904 0.00130556 -7.27977 -0.173054 0.00109759 0.984912 136.3 0 0 0 1 
0.984235 -0.0117485 0.176474 40.507 0.0123374 0.999921 -0.00224029 -7.30481 -0.176434 0.00438221 0.984303 136.712 0 0 0 1 
0.983928 -0.0136899 0.178042 40.5969 0.0133871 0.999906 0.0029019 -7.32565 -0.178065 -0.000471783 0.984019 137.154 0 0 0 1 
0.984744 -0.0191908 0.172949 40.8071 0.0181623 0.999807 0.00752735 -7.3797 -0.17306 -0.00427136 0.984902 138.211 0 0 0 1 
0.985981 -0.0175073 0.165937 40.9346 0.0182131 0.99983 -0.00273256 -7.41703 -0.165861 0.00571647 0.986133 138.898 0 0 0 1 
0.987226 -0.010835 0.158959 40.9692 0.0114086 0.999931 -0.00269628 -7.43019 -0.158919 0.00447533 0.987282 139.146 0 0 0 1 
0.990588 -0.0128978 0.136271 41.067 0.0125344 0.999915 0.00352393 -7.463 -0.136304 -0.00178269 0.990665 139.822 0 0 0 1 
0.991926 -0.015626 0.125851 41.1105 0.016271 0.999859 -0.0040984 -7.48097 -0.12577 0.00611304 0.992041 140.146 0 0 0 1 
0.993236 -0.00790048 0.115845 41.1435 0.00802776 0.999968 -0.000632179 -7.49964 -0.115836 0.00155788 0.993267 140.484 0 0 0 1 
0.994667 -0.0118232 0.102457 41.1952 0.0121938 0.999921 -0.00299132 -7.52591 -0.102414 0.00422471 0.994733 140.984 0 0 0 1 
0.997305 -0.00983342 0.0727017 41.279 0.0100926 0.999944 -0.00319915 -7.58313 -0.0726662 0.00392428 0.997349 142.082 0 0 0 1 
0.998431 -0.00346743 0.0558859 41.3066 0.00359915 0.999991 -0.00225647 -7.61618 -0.0558776 0.00245407 0.998435 142.668 0 0 0 1 
0.999627 -0.00782061 0.0261621 41.3571 0.00781019 0.999969 0.000500524 -7.68762 -0.0261652 -0.000296006 0.999658 144.011 0 0 0 1 
0.999982 -0.00546385 0.00252923 41.3896 0.00545946 0.999984 0.00174077 -7.77118 -0.0025387 -0.00172693 0.999995 145.525 0 0 0 1 
0.99994 -0.00355121 -0.0103529 41.3891 0.00352989 0.999992 -0.0020774 -7.81807 0.0103601 0.00204073 0.999944 146.36 0 0 0 1 
0.99986 -0.010484 -0.0130386 41.3872 0.0104102 0.999929 -0.0057137 -7.87524 0.0130976 0.00557717 0.999899 147.349 0 0 0 1 
0.999921 -0.00673959 -0.0106122 41.3896 0.00675475 0.999976 0.00139304 -7.93871 0.0106025 -0.00146462 0.999943 148.552 0 0 0 1 
0.999197 -0.00572359 0.0396637 41.5504 0.00583484 0.999979 -0.00268975 -8.16449 -0.0396475 0.00291902 0.999209 153.056 0 0 0 1 
0.982306 -0.0155431 0.186637 42.0103 0.0162779 0.999865 -0.00240491 -8.30545 -0.186575 0.00540042 0.982426 155.648 0 0 0 1 
0.969436 -0.0213849 0.244409 42.3238 0.0227717 0.999737 -0.00284931 -8.36827 -0.244284 0.00832783 0.969668 156.728 0 0 0 1 
0.963518 -0.0227201 0.266679 42.5715 0.0226486 0.999738 0.00334391 -8.41157 -0.266685 0.002818 0.96378 157.535 0 0 0 1 
0.958474 -0.0246333 0.284115 42.7825 0.0241547 0.999695 0.00518868 -8.44485 -0.284156 0.00188951 0.958776 158.176 0 0 0 1 
0.954998 -0.0229661 0.295721 42.9604 0.0242033 0.999707 -0.000523188 -8.48055 -0.295622 0.00765704 0.955274 158.695 0 0 0 1 
0.95506 -0.0217522 0.295614 43.1837 0.0223133 0.99975 0.00147555 -8.51712 -0.295572 0.00518687 0.955306 159.376 0 0 0 1 
0.960093 -0.0234067 0.2787 43.4482 0.0238457 0.999714 0.00181556 -8.56342 -0.278663 0.00490269 0.960376 160.227 0 0 0 1 
0.967043 -0.0217988 0.25368 43.6412 0.022634 0.999744 -0.00037377 -8.60011 -0.253606 0.00610323 0.967288 160.959 0 0 0 1 
0.973366 -0.0195159 0.228425 43.8081 0.0207739 0.999779 -0.00310427 -8.63954 -0.228314 0.00776687 0.973557 161.675 0 0 0 1 
0.981206 -0.0148686 0.192387 44.133 0.0147913 0.999889 0.00183784 -8.71679 -0.192393 0.00104236 0.981317 163.145 0 0 0 1 
0.984875 -0.0158671 0.172537 44.3428 0.0163871 0.999864 -0.00159001 -8.78058 -0.172488 0.00439335 0.985002 164.255 0 0 0 1 
0.989334 -0.015517 0.144836 44.5999 0.0156443 0.999878 0.000260058 -8.86284 -0.144822 0.00200858 0.989456 165.792 0 0 0 1 
0.993452 -0.0145298 0.113319 44.9144 0.014739 0.999891 -0.00100876 -8.9842 -0.113292 0.00267236 0.993558 168.032 0 0 0 1 
0.995793 -0.0108198 0.0909956 45.4991 0.0106548 0.999941 0.00229962 -9.29227 -0.0910151 -0.0013204 0.995849 173.639 0 0 0 1 
0.990486 -0.0138923 0.136912 46.3197 0.0141383 0.9999 -0.000824302 -9.58991 -0.136887 0.00275216 0.990583 179.094 0 0 0 1 
0.995584 -0.00848953 0.0934947 46.6416 0.00856999 0.999963 -0.000459151 -9.7228 -0.0934874 0.00125837 0.99562 181.626 0 0 0 1 
0.998229 -0.0064777 0.059141 46.7812 0.00659247 0.999977 -0.00174566 -9.81043 -0.0591284 0.00213246 0.998248 183.296 0 0 0 1 
0.997534 -0.00582199 0.0699491 47.0102 0.00553081 0.999975 0.0043557 -9.94703 -0.0699727 -0.00395808 0.997541 186.044 0 0 0 1 
0.994339 -0.00735926 0.105997 47.5812 0.00718436 0.999972 0.00203177 -10.223 -0.106009 -0.00125875 0.994364 191.492 0 0 0 1 
0.992028 -0.0102025 0.125604 48.017 0.00975755 0.999944 0.00415723 -10.3877 -0.12564 -0.00289849 0.992072 194.662 0 0 0 1 
0.997742 -0.0097019 0.0664574 48.1995 0.00983292 0.99995 -0.00164462 -10.506 -0.0664382 0.00229438 0.997788 196.69 0 0 0 1 
0.999451 -0.0101457 0.0315241 48.3002 0.0100717 0.999946 0.00250553 -10.602 -0.0315478 -0.00218665 0.9995 198.562 0 0 0 1 
0.999011 -0.00900371 0.0435341 48.4566 0.00895844 0.999959 0.00123468 -10.7379 -0.0435435 -0.000843465 0.999051 201.272 0 0 0 1 
0.99621 -0.00604876 0.0867691 48.7286 0.00671034 0.999951 -0.00733497 -10.8809 -0.0867204 0.00788942 0.996201 203.991 0 0 0 1 
0.992279 -0.00919125 0.123688 49.0996 0.00930973 0.999957 -0.000379975 -11.0229 -0.123679 0.00152854 0.992321 206.696 0 0 0 1 
0.985788 -0.0115318 0.167595 49.4948 0.0126924 0.999902 -0.00585546 -11.1547 -0.167511 0.00789943 0.985839 209.031 0 0 0 1 
0.970713 -0.021247 0.239301 49.8544 0.0214907 0.999768 0.00159115 -11.2281 -0.239279 0.0035982 0.970944 210.363 0 0 0 1 
0.948127 -0.023897 0.316991 50.2621 0.0245873 0.999696 0.00182312 -11.2836 -0.316938 0.00606539 0.948427 211.422 0 0 0 1 
0.898746 -0.0269592 0.437641 51.0898 0.0301864 0.999544 -0.000418138 -11.3748 -0.43743 0.0135866 0.89915 213.026 0 0 0 1 
0.870478 -0.0293325 0.491333 51.5477 0.0346469 0.999398 -0.00171891 -11.4153 -0.490987 0.0185194 0.87097 213.745 0 0 0 1 
0.842188 -0.0326817 0.538192 51.9983 0.0388113 0.999247 -5.45144e-05 -11.451 -0.537785 0.0209338 0.842822 214.369 0 0 0 1 
0.790664 -0.0386285 0.61103 52.8237 0.0493596 0.998781 -0.000729053 -11.5083 -0.610257 0.0307367 0.791607 215.34 0 0 0 1 
0.764059 -0.0405121 0.643873 53.2356 0.0531745 0.998585 -0.000269835 -11.5373 -0.642951 0.0344438 0.765133 215.767 0 0 0 1 
0.735705 -0.0468745 0.675678 53.6707 0.0557838 0.998406 0.00852381 -11.5614 -0.675001 0.0314209 0.737147 216.184 0 0 0 1 
0.675503 -0.0492238 0.735713 54.5841 0.0549473 0.998355 0.0163458 -11.6052 -0.735308 0.0293838 0.677096 216.956 0 0 0 1 
0.650582 -0.0437664 0.758174 54.9689 0.0518933 0.998567 0.0131142 -11.6266 -0.757661 0.0308123 0.65192 217.243 0 0 0 1 
0.590594 -0.0408806 0.805933 55.8834 0.0556394 0.998402 0.00987049 -11.673 -0.805048 0.0390122 0.591925 217.847 0 0 0 1 
0.52377 -0.0432214 0.850763 56.9075 0.0617045 0.998013 0.0127139 -11.7159 -0.849622 0.0458367 0.525396 218.41 0 0 0 1 
0.492324 -0.0432371 0.869337 57.3608 0.0622945 0.997955 0.0143552 -11.7329 -0.86818 0.0470875 0.494011 218.628 0 0 0 1 
0.454383 -0.041539 0.889838 57.9138 0.064287 0.997837 0.0137534 -11.7532 -0.888484 0.0509557 0.45607 218.866 0 0 0 1 
0.416694 -0.0432532 0.908017 58.4719 0.0663908 0.997648 0.0170557 -11.7707 -0.906619 0.053177 0.418585 219.08 0 0 0 1 
0.345772 -0.0490671 0.937035 59.493 0.0703374 0.997178 0.0262615 -11.7985 -0.935678 0.056828 0.348248 219.409 0 0 0 1 
0.306341 -0.0465645 0.950782 60.048 0.0671824 0.99737 0.0272 -11.811 -0.949548 0.0555433 0.308664 219.558 0 0 0 1 
0.235311 -0.0454792 0.970856 61.0585 0.0688796 0.997173 0.0300174 -11.8299 -0.969476 0.0598088 0.237778 219.767 0 0 0 1 
0.204173 -0.0482287 0.977746 61.5211 0.0689104 0.997016 0.0347893 -11.834 -0.976506 0.0602739 0.206887 219.848 0 0 0 1 
0.134615 -0.0395146 0.99011 62.6463 0.065952 0.997346 0.0308366 -11.8517 -0.988701 0.0611486 0.136863 219.988 0 0 0 1 
0.122795 -0.0442673 0.991444 63.2811 0.0636725 0.997298 0.0366426 -11.8573 -0.990387 0.0586282 0.125281 220.064 0 0 0 1 
0.113748 -0.038131 0.992778 64.5813 0.0636587 0.99749 0.0310183 -11.887 -0.991468 0.0596707 0.115889 220.229 0 0 0 1 
0.108876 -0.0408708 0.993215 65.2599 0.0721997 0.996841 0.0331055 -11.898 -0.99143 0.0681054 0.111483 220.3 0 0 0 1 
0.120214 -0.0363055 0.992084 65.9261 0.0687735 0.997235 0.0281605 -11.914 -0.990363 0.0648437 0.122379 220.405 0 0 0 1 
0.171731 -0.039252 0.984362 67.6092 0.0641647 0.99753 0.028583 -11.9427 -0.983052 0.0582526 0.173826 220.669 0 0 0 1 
0.198283 -0.0383038 0.979396 68.4935 0.0603593 0.997817 0.0268042 -11.964 -0.978285 0.0538009 0.200162 220.851 0 0 0 1 
0.283102 -0.042623 0.958142 70.2116 0.0571859 0.997985 0.0274986 -12.0024 -0.957383 0.0470073 0.284969 221.329 0 0 0 1 
0.40184 -0.0436883 0.914667 71.623 0.0570061 0.998117 0.0226298 -12.0463 -0.913934 0.043048 0.403574 221.947 0 0 0 1 
0.452439 -0.040107 0.890893 72.1441 0.0530823 0.998428 0.0179903 -12.0678 -0.890214 0.0391512 0.453857 222.245 0 0 0 1 
0.560602 -0.0421565 0.827011 73.0867 0.0528558 0.998488 0.0150684 -12.1096 -0.826397 0.0352649 0.561983 222.914 0 0 0 1 
0.605274 -0.0417719 0.794921 73.4394 0.0528518 0.998527 0.0122283 -12.1268 -0.794261 0.0346115 0.60659 223.222 0 0 0 1 
0.642026 -0.0405951 0.765607 73.714 0.0479843 0.998767 0.0127192 -12.1412 -0.76518 0.0285711 0.643182 223.493 0 0 0 1 
0.676328 -0.0379344 0.735623 73.9734 0.0442514 0.998962 0.0108296 -12.157 -0.73527 0.0252279 0.677305 223.773 0 0 0 1 
0.7108 -0.0375535 0.702391 74.2237 0.042332 0.999048 0.0105756 -12.174 -0.702119 0.0222165 0.711713 224.069 0 0 0 1 
0.743131 -0.0360366 0.668175 74.4614 0.0444635 0.999001 0.00442762 -12.193 -0.667668 0.0264191 0.743991 224.371 0 0 0 1 
0.802102 -0.0369796 0.596041 74.8888 0.0416109 0.999116 0.00599076 -12.2305 -0.595735 0.0199966 0.802932 225.01 0 0 0 1 
0.827467 -0.0341745 0.560474 75.0798 0.0387507 0.999242 0.00371763 -12.2517 -0.560176 0.0186426 0.828164 225.342 0 0 0 1 
0.873383 -0.0313346 0.486026 75.4223 0.0350807 0.999384 0.00139172 -12.2902 -0.48577 0.0158346 0.873943 226.029 0 0 0 1 
0.892539 -0.0304418 0.449942 75.5661 0.0328214 0.999458 0.00251358 -12.3111 -0.449774 0.0125242 0.893054 226.368 0 0 0 1 
0.909846 -0.0224976 0.414336 75.696 0.0262546 0.99965 -0.00337374 -12.3363 -0.414115 0.0139478 0.910118 226.715 0 0 0 1 
0.923639 -0.0223632 0.38261 75.7937 0.0243767 0.999703 -0.000414775 -12.3524 -0.382487 0.00970986 0.92391 227.002 0 0 0 1 
0.934877 -0.0269187 0.353948 75.8854 0.0301531 0.999539 -0.00362546 -12.3719 -0.353688 0.014062 0.935258 227.276 0 0 0 1 
0.959243 -0.0212685 0.281782 76.0651 0.0218408 0.999761 0.00110995 -12.4152 -0.281738 0.00508964 0.959478 227.993 0 0 0 1 
0.969757 -0.0196966 0.243276 76.1357 0.0208952 0.999779 -0.0023474 -12.4407 -0.243176 0.00735971 0.969954 228.363 0 0 0 1 
0.977055 -0.0162227 0.212369 76.1914 0.0177257 0.999829 -0.00517534 -12.4652 -0.212249 0.00882097 0.977176 228.71 0 0 0 1 
0.982783 -0.0169473 0.183985 76.3517 0.0166685 0.999856 0.00306175 -12.5139 -0.18401 5.77241e-05 0.982924 229.56 0 0 0 1 
0.983183 -0.00831722 0.182433 76.5787 0.00856312 0.999963 -0.000560201 -12.5812 -0.182421 0.00211297 0.983218 230.679 0 0 0 1 
0.982579 -0.0108118 0.185533 76.7299 0.0108973 0.99994 0.000558966 -12.623 -0.185528 0.00147259 0.982638 231.37 0 0 0 1 
0.983446 -0.0152614 0.180556 76.8775 0.0153349 0.999882 0.000988612 -12.6642 -0.180549 0.00179656 0.983564 232.051 0 0 0 1 
0.986593 -0.0108248 0.162842 76.9993 0.0112319 0.999936 -0.00157965 -12.706 -0.162815 0.0033875 0.986651 232.778 0 0 0 1 
0.993524 -0.00725828 0.113388 77.2196 0.00698379 0.999972 0.00281791 -12.7969 -0.113406 -0.00200778 0.993547 234.506 0 0 0 1 
0.996299 -0.00373647 0.0858767 77.3035 0.00456955 0.999944 -0.00950634 -12.8553 -0.0858364 0.00986357 0.99626 235.451 0 0 0 1 
0.998241 -0.00522954 0.05905 77.3647 0.00511701 0.999985 0.00205662 -12.9001 -0.0590599 -0.00175085 0.998253 236.405 0 0 0 1 
0.999656 -0.000800368 0.0262289 77.4409 0.000914027 0.99999 -0.00432163 -13.0072 -0.0262252 0.00434412 0.999647 238.403 0 0 0 1 
0.999445 -0.00366925 0.0331064 77.5067 0.00356329 0.999988 0.00325878 -13.0591 -0.033118 -0.003139 0.999447 239.488 0 0 0 1 
0.999022 -0.00550764 0.043861 77.5696 0.00550276 0.999985 0.000232026 -13.1072 -0.0438617 9.55698e-06 0.999038 240.384 0 0 0 1 
0.998492 -0.00628311 0.0545318 77.6412 0.00606404 0.999973 0.00418183 -13.1526 -0.0545566 -0.00384484 0.998503 241.287 0 0 0 1 
0.996159 -0.00547851 0.0873891 77.893 0.00566663 0.999982 -0.00190475 -13.2883 -0.0873771 0.00239263 0.996172 243.746 0 0 0 1 
0.994467 -0.0076349 0.10477 78.048 0.00741754 0.999969 0.00246411 -13.3501 -0.104786 -0.00167334 0.994493 244.924 0 0 0 1 
0.99121 -0.0108522 0.131854 78.383 0.0110509 0.999939 -0.000775302 -13.4679 -0.131837 0.00222559 0.991269 247.133 0 0 0 1 
0.989397 -0.0116315 0.144768 78.5546 0.0121443 0.999923 -0.00265857 -13.5252 -0.144726 0.00438849 0.989462 248.134 0 0 0 1 
0.9885 -0.0118688 0.150757 78.7306 0.0123024 0.999922 -0.00194386 -13.5846 -0.150722 0.00377617 0.988569 249.139 0 0 0 1 
0.98761 -0.0126794 0.156416 78.885 0.0129524 0.999916 -0.000726332 -13.6355 -0.156393 0.0027433 0.987691 249.985 0 0 0 1 
0.985507 -0.00817939 0.169438 79.2781 0.00998858 0.999902 -0.00982795 -13.7621 -0.169341 0.011378 0.985492 252.047 0 0 0 1 
