-0.994597 0.0719718 0.074807 105.597 0.0775027 0.994252 0.0738697 -7.55203 -0.0690605 0.0792684 -0.994458 47.15 0 0 0 1 
-0.995345 0.0719162 0.0641551 105.601 0.0760768 0.994984 0.0649568 -7.54811 -0.0591618 0.0695351 -0.995824 46.9189 0 0 0 1 
-0.997233 0.0720719 0.0181934 105.57 0.0732168 0.994638 0.0730383 -7.50468 -0.0128319 0.0741683 -0.997163 46.3113 0 0 0 1 
-0.997257 0.0684862 -0.0280776 105.504 0.0664037 0.995377 0.0693844 -7.45047 0.0326997 0.0673296 -0.997195 45.4262 0 0 0 1 
-0.996503 0.0722916 -0.0419011 105.457 0.0688925 0.994604 0.077562 -7.41129 0.0472821 0.0744041 -0.996107 44.8662 0 0 0 1 
-0.994693 0.07189 -0.0736006 105.331 0.0664775 0.995076 0.0735218 -7.32962 0.0785237 0.0682389 -0.994574 43.5923 0 0 0 1 
-0.993657 0.0697425 -0.0882147 105.263 0.0632089 0.995193 0.0748084 -7.29029 0.093008 0.068758 -0.993288 43.0059 0 0 0 1 
-0.990858 0.0670968 -0.117044 105.098 0.0578671 0.995069 0.08055 -7.20821 0.121872 0.0730406 -0.989855 41.8133 0 0 0 1 
-0.988933 0.0688851 -0.131398 105.01 0.0586603 0.995054 0.0801632 -7.17335 0.136271 0.0715682 -0.988083 41.2842 0 0 0 1 
-0.986666 0.0690671 -0.147378 104.913 0.057945 0.995231 0.0784742 -7.13543 0.152095 0.068888 -0.985962 40.7691 0 0 0 1 
-0.981241 0.0679814 -0.180403 104.655 0.0535726 0.99506 0.0835792 -7.04668 0.185194 0.0723466 -0.980035 39.5142 0 0 0 1 
-0.979594 0.0681657 -0.189072 104.528 0.0544261 0.995549 0.0769375 -7.00887 0.193475 0.0650771 -0.978944 38.9286 0 0 0 1 
-0.986985 0.0683491 -0.145566 104.361 0.056536 0.994877 0.0838024 -6.92411 0.150548 0.0744819 -0.985793 37.8383 0 0 0 1 
-0.99071 0.0711508 -0.11589 104.304 0.0620196 0.994817 0.0805811 -6.88162 0.121023 0.072645 -0.989988 37.266 0 0 0 1 
-0.99298 0.0722447 -0.0936546 104.244 0.065278 0.995012 0.0754315 -6.83542 0.098637 0.0687884 -0.992743 36.5764 0 0 0 1 
-0.994443 0.0736362 -0.0752332 104.141 0.0672988 0.994228 0.0835577 -6.74556 0.0809518 0.0780303 -0.993659 35.3369 0 0 0 1 
-0.995181 0.0695252 -0.0691478 104.1 0.0644652 0.995254 0.0728976 -6.71263 0.0738879 0.0680887 -0.994939 34.7411 0 0 0 1 
-0.995522 0.0717394 -0.0615561 104.055 0.0670706 0.994939 0.0748252 -6.67095 0.0666125 0.0703615 -0.995295 34.1251 0 0 0 1 
-0.996405 0.0710078 -0.0462018 103.982 0.0676729 0.99524 0.07013 -6.58385 0.0509617 0.0667513 -0.996467 32.7972 0 0 0 1 
-0.99674 0.0713171 -0.0377167 103.949 0.068568 0.995205 0.069746 -6.53793 0.04251 0.0669325 -0.996852 32.0908 0 0 0 1 
-0.997116 0.0677576 -0.034188 103.924 0.0649355 0.994851 0.0778178 -6.49335 0.0392847 0.0753733 -0.996381 31.4588 0 0 0 1 
-0.994627 0.0654277 -0.0802302 103.787 0.0594757 0.995449 0.0744583 -6.40446 0.0847367 0.0692865 -0.993991 30.1057 0 0 0 1 
-0.992553 0.0709288 -0.0990339 103.685 0.0626255 0.994447 0.0845752 -6.34743 0.104483 0.0777433 -0.991483 29.3619 0 0 0 1 
-0.991814 0.0718369 -0.105569 103.594 0.0642507 0.995217 0.0735876 -6.30332 0.11035 0.0662024 -0.991686 28.6646 0 0 0 1 
-0.991301 0.0718 -0.110302 103.511 0.0628369 0.994592 0.0826941 -6.25454 0.115643 0.0750438 -0.990452 28.0432 0 0 0 1 
-0.991766 0.0730085 -0.105217 103.453 0.0648682 0.994776 0.0788189 -6.22296 0.110422 0.0713446 -0.991321 27.5504 0 0 0 1 
-0.992746 0.0722852 -0.0960747 103.399 0.0657256 0.995395 0.0697743 -6.1902 0.100676 0.0629536 -0.992926 26.9997 0 0 0 1 
-0.993607 0.0726016 -0.0864487 103.355 0.0655106 0.994459 0.0822167 -6.15012 0.0919387 0.0760278 -0.992858 26.4885 0 0 0 1 
-0.994533 0.072352 -0.075291 103.315 0.06639 0.994671 0.0788849 -6.11377 0.0805972 0.0734551 -0.994036 25.9283 0 0 0 1 
-0.99521 0.0709002 -0.0673041 103.273 0.0656776 0.994875 0.076872 -6.0722 0.0724094 0.0720834 -0.994767 25.332 0 0 0 1 
-0.995886 0.0744547 -0.0516439 103.191 0.0705136 0.994737 0.0743422 -5.98221 0.0569072 0.0703948 -0.995895 24.0081 0 0 0 1 
-0.996329 0.0734081 -0.0440349 103.152 0.0701571 0.994984 0.0713126 -5.92815 0.0490489 0.0679615 -0.996482 23.1762 0 0 0 1 
-0.996906 0.0715495 -0.0325517 103.12 0.0689047 0.994711 0.0761746 -5.86791 0.0378298 0.073696 -0.996563 22.2965 0 0 0 1 
-0.997242 0.0712719 -0.0206919 103.094 0.0695855 0.994889 0.0731684 -5.8082 0.025801 0.0715268 -0.997105 21.3237 0 0 0 1 
-0.997391 0.0714883 -0.0100142 103.058 0.0705771 0.994857 0.0726586 -5.68756 0.0151569 0.0717623 -0.997307 19.4763 0 0 0 1 
-0.997813 0.065425 -0.00942038 103.046 0.0644848 0.994809 0.0787255 -5.62681 0.0145221 0.0779459 -0.996852 18.6237 0 0 0 1 
-0.998058 0.0615609 -0.00948785 103.032 0.0607683 0.995788 0.0686478 -5.58517 0.0136739 0.0679379 -0.997596 17.8965 0 0 0 1 
-0.997741 0.0668832 -0.00622239 103.012 0.0662848 0.995336 0.0700937 -5.53047 0.0108815 0.0695229 -0.997521 17.0489 0 0 0 1 
-0.997247 0.0740098 -0.00466239 102.994 0.0735102 0.994882 0.0693277 -5.48202 0.00976946 0.0687941 -0.997583 16.3039 0 0 0 1 
-0.997115 0.0759056 -0.000838821 102.985 0.0756442 0.994483 0.072675 -5.43934 0.00635064 0.0724019 -0.997355 15.6673 0 0 0 1 
-0.99694 0.078115 0.00309595 102.977 0.0781235 0.994029 0.0761793 -5.39679 0.00287328 0.0761881 -0.997089 15.0288 0 0 0 1 
-0.997442 0.0713549 0.00430868 102.976 0.0714787 0.994746 0.0732927 -5.34892 0.000943754 0.0734132 -0.997301 14.279 0 0 0 1 
-0.997715 0.0673719 0.00515676 102.976 0.0675674 0.99531 0.0692229 -5.30468 -0.000468899 0.0694131 -0.997588 13.5339 0 0 0 1 
-0.997713 0.0673273 -0.00590977 102.957 0.0667094 0.995037 0.0738299 -5.25024 0.0108512 0.0732669 -0.997253 12.7505 0 0 0 1 
-0.997613 0.065828 -0.0208552 102.925 0.064033 0.99494 0.0774264 -5.19777 0.0258465 0.0759062 -0.99678 12.0091 0 0 0 1 
-0.997235 0.0659517 -0.0342377 102.885 0.0631317 0.99497 0.0777731 -5.15434 0.0391948 0.0753966 -0.996383 11.3646 0 0 0 1 
-0.996605 0.0655547 -0.049809 102.825 0.0617481 0.99531 0.0744608 -5.10522 0.0544567 0.0711324 -0.995979 10.6236 0 0 0 1 
-0.995688 0.0680242 -0.0630754 102.754 0.063068 0.994996 0.0774909 -5.05802 0.0680311 0.0731787 -0.994996 9.91605 0 0 0 1 
-0.993864 0.0623084 -0.0913873 102.591 0.0553648 0.99552 0.076643 -4.96024 0.0957534 0.0711131 -0.992862 8.43935 0 0 0 1 
-0.992682 0.0629139 -0.103072 102.503 0.0552396 0.9956 0.0756918 -4.91433 0.10738 0.0694443 -0.99179 7.77638 0 0 0 1 
-0.991047 0.0671062 -0.11542 102.405 0.0582279 0.9952 0.0786487 -4.86597 0.120143 0.071224 -0.990198 7.10775 0 0 0 1 
-0.989975 0.0635384 -0.126148 102.312 0.0542105 0.995629 0.0760519 -4.82319 0.130428 0.0684509 -0.989092 6.47259 0 0 0 1 
-0.98856 0.0655821 -0.135826 102.219 0.0557182 0.995611 0.0751953 -4.79009 0.140161 0.0667671 -0.987875 5.93633 0 0 0 1 
-0.985644 0.0661639 -0.155336 101.981 0.05415 0.995295 0.0803421 -4.69466 0.15992 0.0707773 -0.984589 4.58659 0 0 0 1 
-0.985231 0.0658203 -0.158077 101.875 0.0532789 0.995182 0.0823087 -4.65099 0.162733 0.0726709 -0.98399 3.9815 0 0 0 1 
-0.985671 0.0652964 -0.155527 101.762 0.0539676 0.995647 0.0759861 -4.60494 0.159811 0.0665039 -0.984905 3.31719 0 0 0 1 
-0.988213 0.0677733 -0.137267 101.661 0.0563828 0.994764 0.0852369 -4.54952 0.142325 0.0764926 -0.98686 2.59633 0 0 0 1 
-0.990936 0.0660281 -0.116987 101.588 0.0574446 0.995506 0.0752853 -4.50948 0.121432 0.0678827 -0.990276 1.96134 0 0 0 1 
-0.993486 0.0674675 -0.0918328 101.516 0.0604809 0.995207 0.076848 -4.45258 0.0965774 0.0707932 -0.992805 1.17416 0 0 0 1 
-0.995141 0.063107 -0.0755721 101.474 0.0573844 0.995483 0.0756404 -4.41087 0.0800041 0.0709362 -0.994267 0.470584 0 0 0 1 
-0.995971 0.0690847 -0.057173 101.46 0.0647544 0.995123 0.0744115 -4.36532 0.0620349 0.0704095 -0.995587 -0.145602 0 0 0 1 
-0.997095 0.0628801 -0.0429892 101.467 0.0595735 0.995455 0.0742959 -4.32498 0.0474656 0.0715191 -0.996309 -0.683193 0 0 0 1 
-0.997287 0.0660236 -0.0325547 101.479 0.0637854 0.995808 0.0655653 -4.2868 0.0367471 0.0633109 -0.997317 -1.28084 0 0 0 1 
-0.997441 0.067179 -0.0244493 101.497 0.0654579 0.995707 0.0654484 -4.24526 0.0287411 0.0636806 -0.997556 -1.90256 0 0 0 1 
-0.997862 0.0632968 -0.0162927 101.518 0.062009 0.995609 0.0701218 -4.20246 0.0206596 0.0689616 -0.997405 -2.50367 0 0 0 1 
-0.997961 0.062665 -0.0120917 101.503 0.06179 0.99612 0.0626707 -4.171 0.0159721 0.0617958 -0.997961 -3.12288 0 0 0 1 
-0.998253 0.0587326 -0.00636176 101.493 0.0581323 0.995765 0.0712215 -4.13595 0.0105178 0.0707273 -0.99744 -3.67713 0 0 0 1 
-0.998328 0.0577343 -0.00280446 101.518 0.0573951 0.995875 0.0702787 -4.13799 0.00685038 0.0700002 -0.997523 -3.88393 0 0 0 1 
-0.99868 0.0513232 0.00194769 101.545 0.0513405 0.996533 0.0654745 -4.1163 0.00141943 0.0654881 -0.997852 -4.32396 0 0 0 1 
-0.998448 0.0554741 0.00483779 101.56 0.0556737 0.996196 0.0670351 -4.0908 -0.00110068 0.0672004 -0.997739 -4.76357 0 0 0 1 
-0.99837 0.0562687 0.0095893 101.621 0.056718 0.996828 0.0558217 -4.06902 -0.00641787 0.0562746 -0.998395 -5.1232 0 0 0 1 
-0.998107 0.0612412 0.00556377 101.667 0.0614744 0.995956 0.0655195 -4.04763 -0.00152877 0.0657376 -0.997836 -5.27751 0 0 0 1 
-0.998255 0.058625 -0.00713793 101.707 0.058009 0.996014 0.067753 -4.02919 0.0110815 0.0672207 -0.997677 -5.43642 0 0 0 1 
-0.99773 0.0592497 -0.0319971 101.716 0.057302 0.99663 0.0586948 -4.01085 0.035367 0.056728 -0.997763 -5.68861 0 0 0 1 
-0.996388 0.0657075 -0.0537828 101.689 0.0619469 0.995703 0.0688323 -3.977 0.0580745 0.0652521 -0.996177 -6.25912 0 0 0 1 
-0.993147 0.0658578 -0.0965535 101.548 0.0598821 0.996181 0.063536 -3.91533 0.100369 0.0573187 -0.993298 -7.33281 0 0 0 1 
-0.990762 0.06498 -0.119033 101.462 0.0578789 0.996386 0.0621757 -3.88321 0.122643 0.0547118 -0.990942 -7.85079 0 0 0 1 
-0.987772 0.0647857 -0.14181 101.367 0.0560275 0.996317 0.0649087 -3.84833 0.145493 0.0561697 -0.987763 -8.37173 0 0 0 1 
-0.984062 0.0685729 -0.164073 101.254 0.0585332 0.99615 0.0652675 -3.81454 0.167917 0.0546236 -0.984287 -8.8721 0 0 0 1 
-0.980237 0.0650136 -0.186837 101.135 0.0526144 0.996118 0.0705781 -3.77813 0.1907 0.059353 -0.979852 -9.38207 0 0 0 1 
-0.975707 0.0684316 -0.208116 101.004 0.0550872 0.996077 0.0692599 -3.7428 0.212039 0.0561129 -0.975649 -9.86887 0 0 0 1 
-0.970399 0.0663403 -0.232216 100.83 0.0513294 0.996218 0.0701047 -3.70053 0.235989 0.05611 -0.970134 -10.465 0 0 0 1 
-0.966457 0.0681005 -0.247636 100.648 0.0523592 0.996199 0.0696131 -3.65933 0.251436 0.054312 -0.966349 -11.0578 0 0 0 1 
-0.964819 0.0698529 -0.253466 100.467 0.0534152 0.996033 0.0711723 -3.61213 0.257432 0.0551294 -0.964723 -11.6646 0 0 0 1 
-0.968263 0.0794526 -0.236967 100.316 0.0644086 0.995425 0.0705777 -3.57031 0.24149 0.0530751 -0.968951 -12.235 0 0 0 1 
-0.976974 0.0736093 -0.20026 100.237 0.0596844 0.995417 0.0747119 -3.53572 0.204842 0.0610391 -0.97689 -12.7239 0 0 0 1 
-0.987239 0.0748132 -0.14058 100.144 0.0654017 0.995371 0.070421 -3.48635 0.145198 0.0603282 -0.987562 -13.561 0 0 0 1 
-0.990756 0.0707757 -0.115729 100.122 0.0635983 0.995884 0.0645821 -3.46433 0.119823 0.056625 -0.991179 -13.9187 0 0 0 1 
-0.992696 0.0735458 -0.0956333 100.087 0.0676873 0.995707 0.0631285 -3.43485 0.0998656 0.0561942 -0.993413 -14.4045 0 0 0 1 
-0.992125 0.0762651 -0.0993528 100.025 0.069872 0.995349 0.0663154 -3.40007 0.103948 0.0588513 -0.99284 -14.9349 0 0 0 1 
-0.990334 0.0776346 -0.114938 99.9336 0.0696197 0.994959 0.0721823 -3.35577 0.119962 0.0634827 -0.990747 -15.5533 0 0 0 1 
-0.98883 0.0746604 -0.128998 99.8342 0.0660044 0.995352 0.0701267 -3.31505 0.133635 0.0608289 -0.989162 -16.171 0 0 0 1 
-0.987798 0.0731891 -0.137469 99.7381 0.0644217 0.995659 0.0671841 -3.27592 0.141789 0.0575083 -0.988225 -16.7928 0 0 0 1 
-0.987381 0.0755762 -0.139168 99.6553 0.0662994 0.995332 0.0701362 -3.23967 0.143819 0.0600244 -0.987782 -17.3045 0 0 0 1 
-0.987889 0.0763113 -0.135098 99.5748 0.0665617 0.994939 0.075275 -3.19944 0.140159 0.065371 -0.987969 -17.867 0 0 0 1 
-0.990035 0.0802537 -0.115714 99.5123 0.0732393 0.995281 0.0636519 -3.16601 0.120276 0.0545428 -0.991241 -18.4277 0 0 0 1 
-0.993145 0.0727035 -0.0915316 99.484 0.0667373 0.995543 0.0666406 -3.1286 0.0959686 0.0600751 -0.99357 -18.9638 0 0 0 1 
-0.994403 0.0798333 -0.0692031 99.453 0.0754988 0.995145 0.0631393 -3.09721 0.0739077 0.0575611 -0.995603 -19.4984 0 0 0 1 
-0.995906 0.0837898 -0.0339166 99.4262 0.0815392 0.994674 0.0630441 -3.02879 0.0390184 0.0600204 -0.997434 -20.7088 0 0 0 1 
-0.996968 0.0748032 -0.0214256 99.4189 0.0733594 0.995396 0.0616942 -3.00577 0.0259419 0.0599354 -0.997865 -21.3835 0 0 0 1 
-0.997114 0.0750342 -0.011532 99.403 0.0742106 0.995423 0.0602102 -2.98178 0.0159971 0.0591807 -0.998119 -22.15 0 0 0 1 
-0.997114 0.0754671 -0.00830204 99.3749 0.0748882 0.995621 0.0559522 -2.9327 0.0124882 0.055169 -0.998399 -23.4008 0 0 0 1 
-0.997029 0.0751826 -0.0167729 99.3532 0.0741561 0.99572 0.0551539 -2.89919 0.0208477 0.0537462 -0.998337 -24.0335 0 0 0 1 
-0.996928 0.0748383 -0.0231118 99.3558 0.0732542 0.995315 0.0631096 -2.86762 0.0277265 0.0612227 -0.997739 -24.6683 0 0 0 1 
-0.99635 0.0789665 -0.0324041 99.345 0.0768323 0.995081 0.0625287 -2.83603 0.0371824 0.0598108 -0.997517 -25.3262 0 0 0 1 
-0.996149 0.0765385 -0.0427584 99.3229 0.0737707 0.995287 0.0629398 -2.80299 0.0473742 0.0595431 -0.997101 -26.0588 0 0 0 1 
-0.995144 0.075033 -0.0637102 99.1847 0.0708212 0.995305 0.0659778 -2.70834 0.0683616 0.0611453 -0.995785 -27.8946 0 0 0 1 
-0.994024 0.0765774 -0.0777901 99.0834 0.0717666 0.995438 0.0628665 -2.65305 0.0822494 0.0569082 -0.994986 -28.9446 0 0 0 1 
-0.992657 0.079587 -0.0910939 98.9702 0.0737867 0.99513 0.0653666 -2.59577 0.0958525 0.0581651 -0.993695 -29.9886 0 0 0 1 
-0.991512 0.0793305 -0.103009 98.8602 0.0730862 0.995331 0.0630456 -2.54417 0.107529 0.0549819 -0.99268 -30.9275 0 0 0 1 
-0.990463 0.0758912 -0.114994 98.7427 0.068152 0.99523 0.0698049 -2.48854 0.119743 0.0613022 -0.990911 -31.8741 0 0 0 1 
-0.989804 0.0806165 -0.117428 98.5973 0.0724976 0.994777 0.0718484 -2.42332 0.122607 0.0626026 -0.990479 -32.9432 0 0 0 1 
-0.992361 0.0794307 -0.0943979 98.5061 0.0734004 0.995134 0.0657272 -2.36205 0.0991593 0.0582963 -0.993362 -34.0224 0 0 0 1 
-0.994534 0.0802145 -0.0668371 98.3699 0.0758486 0.994967 0.0654837 -2.2616 0.0717535 0.0600562 -0.995613 -35.8949 0 0 0 1 
-0.994631 0.0803313 -0.0652335 98.2958 0.0762782 0.995131 0.0624138 -2.21967 0.0699296 0.0571029 -0.995916 -36.7966 0 0 0 1 
-0.994331 0.0799361 -0.0701123 98.2153 0.0754829 0.99509 0.0640205 -2.17606 0.0748856 0.0583653 -0.995483 -37.71 0 0 0 1 
-0.993818 0.0799707 -0.0770098 98.1143 0.0752549 0.995216 0.0623092 -2.12649 0.0816243 0.0561287 -0.995081 -38.7578 0 0 0 1 
-0.993918 0.0793292 -0.0763773 97.9413 0.0746045 0.995231 0.0628474 -2.04359 0.0809987 0.056767 -0.995096 -40.5122 0 0 0 1 
-0.994604 0.0782487 -0.0681165 97.8677 0.0741822 0.995419 0.0603132 -1.99838 0.0725239 0.0549348 -0.995853 -41.4683 0 0 0 1 
-0.995388 0.0762779 -0.0581804 97.7984 0.0724568 0.99524 0.0651787 -1.94374 0.0628751 0.0606625 -0.996176 -42.5545 0 0 0 1 
-0.996129 0.0745502 -0.0465799 97.7215 0.0718352 0.99576 0.057469 -1.88148 0.0506667 0.0539005 -0.99726 -43.865 0 0 0 1 
-0.996169 0.0710543 -0.0509753 97.5594 0.0679196 0.995837 0.0607946 -1.75297 0.0550828 0.0570995 -0.996848 -46.5435 0 0 0 1 
-0.995646 0.0718451 -0.0593873 97.4652 0.0682849 0.995863 0.0599501 -1.69826 0.0634487 0.0556338 -0.996433 -47.7168 0 0 0 1 
-0.995122 0.0720489 -0.0673858 97.352 0.0677791 0.995669 0.063638 -1.6373 0.0716789 0.0587602 -0.995695 -48.9347 0 0 0 1 
-0.99442 0.0720113 -0.077089 97.2143 0.0671605 0.995702 0.0637707 -1.56528 0.0813499 0.0582375 -0.994983 -50.3122 0 0 0 1 
-0.994437 0.072848 -0.0760795 96.905 0.0684043 0.995884 0.0594686 -1.40198 0.0800985 0.0539336 -0.995327 -53.6223 0 0 0 1 
-0.994678 0.0714812 -0.0741992 96.7994 0.0667804 0.995712 0.0640136 -1.3413 0.0784568 0.0587179 -0.995187 -54.8338 0 0 0 1 
-0.994697 0.0726969 -0.0727478 96.7129 0.0686843 0.996053 0.0562206 -1.30178 0.0765477 0.0509259 -0.995765 -55.8132 0 0 0 1 
-0.99554 0.0687009 -0.0646582 96.5208 0.0651774 0.996351 0.0551138 -1.17893 0.0682086 0.0506537 -0.996384 -58.3524 0 0 0 1 
-0.99533 0.066849 -0.0696306 96.384 0.0626311 0.996165 0.0610938 -1.10242 0.0734476 0.0564475 -0.9957 -59.9496 0 0 0 1 
-0.993007 0.0577775 -0.102955 95.9811 0.0518599 0.996895 0.0592576 -0.927395 0.106059 0.053504 -0.992919 -63.7945 0 0 0 1 
-0.990354 0.0623393 -0.123748 95.7379 0.0541384 0.996177 0.0685651 -0.833568 0.127549 0.0612042 -0.989942 -65.507 0 0 0 1 
-0.985602 0.0646067 -0.156252 95.4489 0.0548964 0.996329 0.0656863 -0.755563 0.159922 0.0561629 -0.985531 -67.2447 0 0 0 1 
-0.980115 0.0668856 -0.186816 95.1934 0.0553662 0.996268 0.0662188 -0.697737 0.190548 0.0545588 -0.980161 -68.5014 0 0 0 1 
-0.976325 0.0662873 -0.2059 94.9959 0.0550371 0.996686 0.0599006 -0.664068 0.209188 0.0471503 -0.976738 -69.3752 0 0 0 1 
-0.973474 0.0642873 -0.219578 94.7823 0.05152 0.996658 0.06339 -0.615612 0.22292 0.0503959 -0.973533 -70.2457 0 0 0 1 
-0.975764 0.067795 -0.208058 94.5004 0.0520353 0.995411 0.0803123 -0.544803 0.212548 0.0675395 -0.974814 -71.4831 0 0 0 1 
-0.979139 0.0705499 -0.190548 94.2729 0.0592644 0.99617 0.0642963 -0.50244 0.194354 0.0516624 -0.97957 -72.6046 0 0 0 1 
-0.983056 0.064223 -0.171688 94.0778 0.0549637 0.996793 0.058156 -0.45402 0.174872 0.047734 -0.983433 -73.6983 0 0 0 1 
-0.985519 0.0671037 -0.15572 93.8932 0.057001 0.996024 0.0684643 -0.399919 0.159695 0.0585967 -0.985426 -74.7797 0 0 0 1 
-0.987845 0.0661452 -0.140665 93.7674 0.058144 0.996488 0.0602541 -0.364501 0.144156 0.0513429 -0.988222 -75.6111 0 0 0 1 
-0.990652 0.0658489 -0.119466 93.7028 0.0587523 0.996346 0.0619857 -0.334619 0.123111 0.0543874 -0.990901 -76.2136 0 0 0 1 
-0.993039 0.0664151 -0.0972787 93.6659 0.0607313 0.996333 0.0602698 -0.309859 0.100925 0.0539424 -0.993431 -76.7306 0 0 0 1 
-0.995908 0.0690876 -0.0582656 93.6205 0.0657287 0.996167 0.0577182 -0.263789 0.0620299 0.0536523 -0.996631 -77.6632 0 0 0 1 
-0.996235 0.073977 -0.0452045 93.6003 0.0708246 0.995185 0.0677564 -0.227889 0.0499993 0.0642997 -0.996677 -78.1196 0 0 0 1 
-0.997397 0.0643004 -0.0326369 93.599 0.0625162 0.996634 0.0530248 -0.219525 0.0359365 0.0508464 -0.99806 -78.5682 0 0 0 1 
-0.998622 0.0483185 -0.0205023 93.6099 0.0479123 0.998654 0.0198602 -0.230344 0.0214343 0.0188505 -0.999593 -78.9865 0 0 0 1 
-0.998547 0.0529541 -0.0100235 93.6016 0.0530091 0.99858 -0.0053038 -0.235314 0.0097284 -0.00582742 -0.999936 -79.5096 0 0 0 1 
-0.995956 0.0898375 -0.000477271 93.5708 0.0898334 0.995941 0.00565599 -0.21513 0.000983453 0.00559024 -0.999984 -80.0949 0 0 0 1 
-0.997465 0.0711556 -0.00046576 93.5792 0.0711565 0.997463 -0.00227328 -0.222165 0.000302822 -0.00230065 -0.999997 -80.6456 0 0 0 1 
-0.9982 0.0593658 -0.0085068 93.5747 0.0591908 0.998056 0.0195259 -0.206196 0.00964943 0.0189872 -0.999773 -81.1173 0 0 0 1 
-0.997601 0.066261 -0.0200535 93.5446 0.0655683 0.997288 0.0334288 -0.191645 0.0222141 0.0320337 -0.99924 -81.5871 0 0 0 1 
-0.997572 0.0609751 -0.0336589 93.5156 0.0604579 0.99804 0.0161763 -0.202785 0.0345793 0.014102 -0.999302 -82.0334 0 0 0 1 
-0.997898 0.0384311 -0.0521737 93.4885 0.0372889 0.999047 0.0226936 -0.190322 0.0529961 0.0207004 -0.99838 -82.5089 0 0 0 1 
-0.996494 0.0483155 -0.0683047 93.433 0.0452769 0.997944 0.045356 -0.175989 0.0703557 0.0421044 -0.996633 -82.9726 0 0 0 1 
-0.995711 0.0266602 -0.0885918 93.3931 0.023069 0.99888 0.0413162 -0.169773 0.089594 0.0390953 -0.995211 -83.4401 0 0 0 1 
-0.993511 0.049432 -0.102436 93.3064 0.0461845 0.99836 0.0338378 -0.156309 0.10394 0.0288873 -0.994164 -83.8956 0 0 0 1 
-0.991655 0.0674994 -0.109838 93.2276 0.0619029 0.996642 0.053592 -0.126126 0.113086 0.0463455 -0.992504 -84.3654 0 0 0 1 
-0.991466 0.0562782 -0.117592 93.1718 0.053468 0.998207 0.0269198 -0.136033 0.118896 0.0204026 -0.992697 -84.7963 0 0 0 1 
-0.991415 0.0634607 -0.114324 93.0968 0.0598903 0.997612 0.0344023 -0.112835 0.116234 0.0272601 -0.992848 -85.3452 0 0 0 1 
-0.992361 0.0634634 -0.105795 93.0471 0.0573099 0.996538 0.0602262 -0.075544 0.109251 0.053703 -0.992562 -85.8385 0 0 0 1 
-0.993915 0.064289 -0.0894402 92.949 0.060697 0.997259 0.04232 -0.0307083 0.0919158 0.0366338 -0.995093 -86.8773 0 0 0 1 
-0.99356 0.0708829 -0.0883932 92.8751 0.0669039 0.996643 0.0471961 -0.00503467 0.0914419 0.0409783 -0.994967 -87.5406 0 0 0 1 
-0.994624 0.0664635 -0.0794121 92.8289 0.0609671 0.9957 0.0697429 0.0341695 0.083706 0.0645264 -0.994399 -88.1757 0 0 0 1 
-0.99742 0.0523752 -0.0491033 92.8258 0.0496586 0.997251 0.0550017 0.0531469 0.051849 0.0524213 -0.997278 -88.783 0 0 0 1 
-0.998524 0.0526262 -0.0134412 92.8221 0.0516108 0.996408 0.0671429 0.102689 0.0169264 0.0663501 -0.997653 -89.7601 0 0 0 1 
-0.998799 0.0467317 -0.0147296 92.8222 0.045725 0.996995 0.0625393 0.107105 0.0176079 0.0617907 -0.997934 -89.8293 0 0 0 1 
-0.99864 0.044628 -0.0269412 92.7972 0.0430731 0.997514 0.0557701 0.120526 0.0293632 0.0545339 -0.99808 -90.2278 0 0 0 1 
-0.998459 0.0432059 -0.0348366 92.7679 0.040913 0.997108 0.0640436 0.151902 0.0375029 0.0625196 -0.997339 -90.7212 0 0 0 1 
-0.998272 0.0458738 -0.0367163 92.7435 0.0435009 0.997065 0.0630061 0.174692 0.0394989 0.0613 -0.997338 -91.1797 0 0 0 1 
-0.998524 0.0468828 -0.0274371 92.7044 0.045033 0.996898 0.0645423 0.223488 0.0303779 0.0632114 -0.997538 -92.1553 0 0 0 1 
-0.998899 0.0462754 -0.00764062 92.7112 0.0457031 0.996961 0.0630821 0.247758 0.0105366 0.0626635 -0.997979 -92.6335 0 0 0 1 
-0.998682 0.0402395 0.0318673 92.7571 0.0423686 0.996701 0.0692257 0.308394 -0.0289765 0.0704846 -0.997092 -93.6234 0 0 0 1 
-0.997833 0.0367619 0.0545749 92.7984 0.0404782 0.996821 0.068629 0.332697 -0.0518785 0.0706893 -0.996148 -94.124 0 0 0 1 
-0.995939 0.0472267 0.0766534 92.8404 0.0513981 0.99725 0.0533901 0.35423 -0.0739211 0.0571131 -0.995627 -94.6138 0 0 0 1 
-0.993784 0.0615307 0.0927712 92.8869 0.0678404 0.99548 0.0664668 0.395726 -0.0882621 0.0723473 -0.993466 -95.1647 0 0 0 1 
-0.993216 0.0597146 0.0997846 92.9323 0.0694855 0.992807 0.0975004 0.446656 -0.0932447 0.103773 -0.990221 -95.6634 0 0 0 1 
-0.991141 0.0918815 0.0959026 92.9285 0.0997531 0.991727 0.0807905 0.47225 -0.087686 0.0896413 -0.992107 -96.0684 0 0 0 1 
-0.995943 0.0716332 0.0544715 92.9639 0.076004 0.993653 0.0829235 0.541342 -0.0481857 0.0867271 -0.995066 -97.0654 0 0 0 1 
-0.997689 0.0650237 0.0196908 92.9533 0.0664276 0.994423 0.0819195 0.569043 -0.0142543 0.0830382 -0.996444 -97.638 0 0 0 1 
-0.998388 0.056583 -0.0043872 92.9322 0.0559242 0.994029 0.0937006 0.623035 0.00966286 0.0933043 -0.995591 -98.2353 0 0 0 1 
-0.997256 0.0676599 -0.0300524 92.8804 0.0639468 0.991775 0.110875 0.675817 0.037307 0.108649 -0.99338 -98.8343 0 0 0 1 
-0.997168 0.0591127 -0.0464868 92.8469 0.0537899 0.992648 0.108428 0.714471 0.0525545 0.105621 -0.993017 -99.3492 0 0 0 1 
-0.995663 0.0802325 -0.0470897 92.7507 0.0767652 0.994495 0.0713226 0.770862 0.0525529 0.0673985 -0.996341 -100.489 0 0 0 1 
-0.996921 0.0724354 -0.0300131 92.7386 0.0713018 0.996759 0.0372607 0.780426 0.0326148 0.035006 -0.998855 -101.166 0 0 0 1 
-0.996117 0.087845 0.00577881 92.7403 0.0879397 0.995946 0.0189338 0.78882 -0.00409215 0.0193684 -0.999804 -101.967 0 0 0 1 
-0.996981 0.0734631 0.0251303 92.7755 0.0745325 0.996218 0.0446565 0.824938 -0.0217546 0.0463947 -0.998686 -102.68 0 0 0 1 
-0.995915 0.0838501 0.0335015 92.7822 0.0863834 0.992787 0.0831375 0.879044 -0.0262887 0.0856918 -0.995975 -103.256 0 0 0 1 
-0.996015 0.0835122 0.031309 92.79 0.0857401 0.993237 0.0782864 0.91461 -0.0245594 0.0806588 -0.996439 -103.787 0 0 0 1 
-0.996736 0.074839 0.030258 92.8039 0.0768574 0.994424 0.0722093 0.937067 -0.0246852 0.0742992 -0.99693 -104.279 0 0 0 1 
-0.996871 0.074952 0.0251035 92.8061 0.0764658 0.994882 0.0660541 0.961574 -0.0200241 0.067767 -0.9975 -104.842 0 0 0 1 
-0.997001 0.0740943 0.0223344 92.8109 0.0752859 0.995455 0.0583227 0.98912 -0.0179115 0.0598293 -0.998048 -105.424 0 0 0 1 
-0.996719 0.0771805 0.0243806 92.8132 0.0787258 0.994399 0.0705185 1.02022 -0.0188014 0.0722065 -0.997212 -105.902 0 0 0 1 
-0.996221 0.0833112 0.0245476 92.8147 0.0846218 0.994704 0.05834 1.03968 -0.0195572 0.0601968 -0.997995 -106.398 0 0 0 1 
-0.995715 0.0863015 0.0332114 92.8274 0.0884416 0.993652 0.0695228 1.07271 -0.0270007 0.0721621 -0.997027 -106.875 0 0 0 1 
-0.994665 0.0891264 0.0519388 92.856 0.0920341 0.994147 0.0565732 1.08814 -0.0465927 0.0610516 -0.997047 -107.332 0 0 0 1 
-0.989119 0.0872931 0.118417 92.987 0.094204 0.994084 0.0540669 1.12905 -0.112997 0.064634 -0.991491 -108.243 0 0 0 1 
-0.984865 0.076929 0.155314 93.0901 0.0863717 0.994745 0.0549838 1.14682 -0.150268 0.0675664 -0.986334 -108.705 0 0 0 1 
-0.979789 0.0843051 0.181399 93.1764 0.0941172 0.99449 0.0461656 1.15569 -0.176508 0.0623054 -0.982325 -109.112 0 0 0 1 
-0.97829 0.0739025 0.193616 93.2778 0.0844539 0.995327 0.0468104 1.17514 -0.189252 0.0621457 -0.97996 -109.559 0 0 0 1 
-0.975538 0.0750475 0.206625 93.3678 0.0897087 0.994004 0.062513 1.20058 -0.200694 0.0795199 -0.976421 -109.994 0 0 0 1 
-0.973903 0.0716015 0.215376 93.4639 0.0849117 0.994968 0.0531837 1.21653 -0.210484 0.0700837 -0.975082 -110.401 0 0 0 1 
-0.972975 0.0577157 0.223583 93.565 0.0766659 0.994078 0.0770189 1.25187 -0.217813 0.0920786 -0.971637 -110.799 0 0 0 1 
-0.970362 0.0577623 0.23465 93.659 0.079177 0.993409 0.0828841 1.27741 -0.228316 0.0990065 -0.96854 -111.184 0 0 0 1 
-0.966389 0.0646307 0.248826 93.7549 0.0832255 0.994413 0.0649392 1.28573 -0.243239 0.0834653 -0.966369 -111.543 0 0 0 1 
-0.956905 0.0771862 0.279955 93.9606 0.0941963 0.994405 0.0478025 1.31432 -0.274699 0.0721132 -0.958822 -112.244 0 0 0 1 
-0.946971 0.0669431 0.314269 94.2252 0.0930411 0.993284 0.0687743 1.36524 -0.307555 0.0943672 -0.946839 -112.999 0 0 0 1 
-0.94336 0.0651679 0.325309 94.3243 0.0925743 0.993279 0.0694753 1.37505 -0.318595 0.0956554 -0.943052 -113.269 0 0 0 1 
-0.936507 0.0710913 0.343366 94.5343 0.0945183 0.994166 0.0519575 1.39257 -0.33767 0.081113 -0.937763 -113.829 0 0 0 1 
-0.932958 0.0693267 0.353247 94.6471 0.0940175 0.994148 0.053202 1.40404 -0.347491 0.0828466 -0.934016 -114.12 0 0 0 1 
-0.928419 0.0619597 0.366332 94.8765 0.091794 0.993682 0.0645728 1.43503 -0.360016 0.0935777 -0.928241 -114.696 0 0 0 1 
-0.92486 0.046702 0.37743 95.1343 0.0874781 0.991944 0.0916175 1.49065 -0.37011 0.11775 -0.921495 -115.321 0 0 0 1 
-0.926623 0.0526898 0.372282 95.2136 0.08629 0.993506 0.0741659 1.49517 -0.365956 0.100848 -0.925152 -115.538 0 0 0 1 
-0.929575 0.0490509 0.365355 95.2994 0.0745234 0.995649 0.0559393 1.49876 -0.361021 0.0792272 -0.929186 -115.752 0 0 0 1 
-0.936597 0.0391213 0.348217 95.4764 0.0755059 0.992935 0.0915337 1.55852 -0.342176 0.112023 -0.932934 -116.302 0 0 0 1 
-0.941565 0.0158781 0.336457 95.5871 0.0526871 0.993535 0.100556 1.59181 -0.332685 0.112407 -0.936315 -116.59 0 0 0 1 
-0.944701 0.0729346 0.31972 95.6192 0.0886992 0.995443 0.0350054 1.55861 -0.31571 0.0614286 -0.946865 -116.848 0 0 0 1 
-0.952257 0.0402332 0.302636 95.7549 0.0547464 0.997714 0.0396231 1.57702 -0.30035 0.0542996 -0.952282 -117.255 0 0 0 1 
-0.963812 0.0582681 0.260137 96.1153 0.0744932 0.995815 0.0529461 1.64312 -0.255963 0.0704085 -0.964119 -118.822 0 0 0 1 
-0.961657 0.0602496 0.267557 96.2824 0.0746135 0.996249 0.0438371 1.65835 -0.263912 0.0621196 -0.962544 -119.433 0 0 0 1 
-0.958498 0.0566436 0.279417 96.6411 0.0719106 0.99641 0.0446856 1.70231 -0.275882 0.0629241 -0.95913 -120.674 0 0 0 1 
-0.961922 0.052739 0.268188 96.7507 0.0678188 0.996577 0.0472725 1.72137 -0.264777 0.0636606 -0.962206 -121.112 0 0 0 1 
-0.96587 0.0491777 0.254315 96.8452 0.0634223 0.996826 0.0481139 1.73688 -0.251142 0.062601 -0.965924 -121.542 0 0 0 1 
-0.970347 0.0438488 0.237706 96.953 0.0574172 0.997074 0.0504578 1.75732 -0.234798 0.06261 -0.970026 -122.053 0 0 0 1 
-0.970946 0.0443182 0.235159 97.0285 0.057155 0.997208 0.0480523 1.76983 -0.232373 0.0600967 -0.970768 -122.391 0 0 0 1 
-0.970814 0.0355039 0.237193 97.2529 0.0486786 0.997566 0.0499188 1.80703 -0.234843 0.060008 -0.970179 -123.312 0 0 0 1 
-0.974868 0.0379113 0.219533 97.3755 0.0521108 0.996882 0.0592532 1.84367 -0.216602 0.0692041 -0.973804 -123.961 0 0 0 1 
-0.979266 0.0378117 0.199018 97.4882 0.0501598 0.997092 0.0573717 1.86843 -0.19627 0.0661649 -0.978315 -124.626 0 0 0 1 
-0.982978 0.0527411 0.175991 97.5702 0.0623042 0.996841 0.0492591 1.8976 -0.172837 0.0593856 -0.983159 -125.288 0 0 0 1 
-0.986097 0.0620956 0.15413 97.6425 0.0706244 0.996225 0.0504856 1.92648 -0.150413 0.0606691 -0.98676 -125.954 0 0 0 1 
-0.988452 0.0765311 0.130787 97.6902 0.0844895 0.994826 0.0564181 1.96003 -0.125792 0.0668167 -0.989804 -126.633 0 0 0 1 
-0.992672 0.088268 0.0825307 97.7578 0.0924844 0.994521 0.0487367 2.01638 -0.0777766 0.0560123 -0.995396 -128.082 0 0 0 1 
-0.994368 0.0884275 0.0584252 97.7688 0.0913366 0.994606 0.0491492 2.04626 -0.0537639 0.0542087 -0.997081 -128.755 0 0 0 1 
-0.996665 0.0807911 0.0115168 97.7506 0.0813372 0.994902 0.0596228 2.10801 -0.00664105 0.0603607 -0.998155 -129.944 0 0 0 1 
-0.996798 0.0793207 -0.0100664 97.7201 0.0785495 0.994979 0.0620281 2.13829 0.014936 0.0610388 -0.998024 -130.504 0 0 0 1 
-0.996391 0.0787019 -0.0318067 97.6774 0.0767959 0.995401 0.0572616 2.16464 0.0361671 0.0546123 -0.997852 -131.074 0 0 0 1 
-0.996433 0.073846 -0.0408409 97.6448 0.0714887 0.995843 0.0564471 2.1895 0.0448395 0.0533261 -0.99757 -131.592 0 0 0 1 
-0.996633 0.0697092 -0.0431581 97.6185 0.067525 0.996456 0.0501526 2.20741 0.0465013 0.0470695 -0.997809 -132.062 0 0 0 1 
-0.997015 0.0645189 -0.0424119 97.5915 0.0619809 0.996352 0.0586547 2.23739 0.0460416 0.0558509 -0.997377 -132.607 0 0 0 1 
-0.99715 0.0710542 -0.0253751 97.5334 0.0695177 0.99595 0.0570162 2.30137 0.0293235 0.0550896 -0.998051 -133.893 0 0 0 1 
-0.997729 0.0667916 -0.00871319 97.5368 0.066099 0.995749 0.0641433 2.32808 0.0129604 0.0634217 -0.997903 -134.406 0 0 0 1 
-0.997473 0.0707105 0.00694838 97.5429 0.070983 0.996021 0.0538904 2.33914 -0.00311012 0.0542474 -0.998523 -134.789 0 0 0 1 
-0.997212 0.0738548 0.0107054 97.543 0.07434 0.995668 0.0558373 2.36267 -0.00653517 0.0564775 -0.998382 -135.257 0 0 0 1 
-0.997356 0.0726593 0.00115181 97.5322 0.072609 0.995774 0.0562356 2.38002 0.0029391 0.0561706 -0.998417 -135.632 0 0 0 1 
-0.99733 0.0722887 -0.0103521 97.5136 0.071613 0.995907 0.055152 2.39605 0.0142966 0.0542634 -0.998424 -135.993 0 0 0 1 
-0.996328 0.0740913 -0.0429006 97.4339 0.0717633 0.995987 0.0534764 2.44345 0.0466906 0.0502014 -0.997647 -137.037 0 0 0 1 
-0.996347 0.0727593 -0.0447136 97.3953 0.0701076 0.995837 0.0582574 2.47598 0.0487662 0.0549098 -0.9973 -137.675 0 0 0 1 
-0.996704 0.0679598 -0.0443011 97.3687 0.0650553 0.995827 0.0640014 2.50434 0.0484657 0.0609084 -0.996966 -138.206 0 0 0 1 
-0.996526 0.0710525 -0.0434534 97.3351 0.0684328 0.995906 0.0590647 2.53003 0.0474722 0.0558858 -0.997308 -138.754 0 0 0 1 
-0.996723 0.0693935 -0.0415703 97.2976 0.066959 0.996107 0.057344 2.5617 0.0453878 0.0543726 -0.997489 -139.468 0 0 0 1 
-0.996538 0.0722493 -0.0411267 97.2502 0.0700442 0.996148 0.052747 2.59412 0.0447793 0.0496837 -0.997761 -140.281 0 0 0 1 
-0.996675 0.0718014 -0.0385194 97.2166 0.0696587 0.996089 0.0543495 2.62275 0.0422711 0.0514856 -0.997779 -140.924 0 0 0 1 
-0.996513 0.0740586 -0.0384399 97.1869 0.0720084 0.996036 0.0522303 2.64502 0.0421556 0.0492802 -0.997895 -141.421 0 0 0 1 
-0.996759 0.0707738 -0.0382407 97.1676 0.0685906 0.996091 0.0556674 2.6656 0.042031 0.052864 -0.997717 -141.84 0 0 0 1 
-0.996528 0.0741448 -0.0378705 97.148 0.0719092 0.995762 0.0573274 2.68128 0.0419605 0.0544051 -0.997637 -142.147 0 0 0 1 
-0.996436 0.0748651 -0.0388746 97.126 0.0725229 0.995648 0.0585216 2.70141 0.0430867 0.0554937 -0.997529 -142.555 0 0 0 1 
-0.996648 0.0716744 -0.0394371 97.0842 0.0695206 0.996144 0.0535145 2.73924 0.0431206 0.0505934 -0.997788 -143.424 0 0 0 1 
-0.996215 0.0766386 -0.0410069 97.0446 0.0742704 0.995639 0.0564556 2.76909 0.0451547 0.0531963 -0.997563 -144.047 0 0 0 1 
-0.995586 0.08142 -0.0466786 96.9811 0.0789442 0.995489 0.0526334 2.80885 0.0507535 0.0487161 -0.997522 -144.977 0 0 0 1 
-0.996067 0.0691591 -0.0553928 96.8482 0.0665762 0.996665 0.0471924 2.89014 0.0584718 0.0433189 -0.997349 -146.966 0 0 0 1 
-0.996187 0.0776638 -0.0397504 96.6749 0.075165 0.995309 0.0609069 3.03373 0.0442942 0.0576868 -0.997352 -149.95 0 0 0 1 
-0.996129 0.0755794 -0.0448782 96.4802 0.0727061 0.995391 0.0625328 3.2125 0.0493975 0.0590278 -0.997033 -153.848 0 0 0 1 
-0.995559 0.0711587 -0.0616261 96.3477 0.0679424 0.996291 0.0528038 3.27432 0.0651549 0.0483823 -0.996702 -155.468 0 0 0 1 
-0.99605 0.0675742 -0.0576014 96.2658 0.0644895 0.996466 0.0538289 3.32546 0.0610353 0.0499016 -0.996887 -156.659 0 0 0 1 
-0.996226 0.0674612 -0.0546121 96.1885 0.0643559 0.996312 0.0567517 3.37556 0.0582392 0.0530229 -0.996894 -157.83 0 0 0 1 
-0.996154 0.0679248 -0.0553448 96.0398 0.0645465 0.996067 0.0606993 3.47156 0.0592502 0.0568936 -0.996621 -159.995 0 0 0 1 
-0.996073 0.0663758 -0.0585924 95.9779 0.0627399 0.996111 0.0618548 3.51223 0.0624702 0.0579358 -0.996364 -160.829 0 0 0 1 
-0.995589 0.0703774 -0.0620478 95.9209 0.0673669 0.996507 0.0493472 3.53614 0.065304 0.0449495 -0.996853 -161.475 0 0 0 1 
-0.995243 0.0699381 -0.0678308 95.8724 0.0662439 0.996272 0.0552645 3.56303 0.071443 0.0505082 -0.996165 -162.034 0 0 0 1 
-0.994859 0.0689223 -0.0742025 95.8264 0.0648612 0.996332 0.0558172 3.58597 0.0777774 0.0507173 -0.99568 -162.502 0 0 0 1 
-0.993294 0.0658314 -0.0950424 95.7368 0.0604212 0.996444 0.0587236 3.61922 0.0985703 0.0525873 -0.99374 -163.201 0 0 0 1 
-0.99081 0.0739476 -0.113254 95.621 0.0676328 0.995986 0.0586257 3.6537 0.117135 0.0504273 -0.991835 -163.957 0 0 0 1 
-0.990187 0.0750934 -0.117855 95.4914 0.0683706 0.995849 0.0600909 3.69853 0.121878 0.0514434 -0.991211 -164.92 0 0 0 1 
-0.992762 0.0802294 -0.0893657 95.4097 0.0751974 0.995462 0.0583238 3.73982 0.0936394 0.0511816 -0.99429 -165.805 0 0 0 1 
-0.994873 0.0735661 -0.0694002 95.348 0.0702288 0.996309 0.0493636 3.77411 0.0727756 0.0442366 -0.996367 -166.757 0 0 0 1 
-0.976097 0.0725945 -0.204851 94.9491 0.0601648 0.995986 0.0662745 3.88072 0.20884 0.0523655 -0.976547 -168.821 0 0 0 1 
-0.955766 0.0625596 -0.2874 94.7235 0.0471013 0.997063 0.0603971 3.91045 0.290334 0.0441886 -0.955905 -169.359 0 0 0 1 
-0.927761 0.0643092 -0.367591 94.4997 0.0434362 0.996953 0.0647863 3.93747 0.370637 0.0441395 -0.927728 -169.733 0 0 0 1 
-0.896221 0.0636687 -0.439015 94.2838 0.0369631 0.996923 0.0691222 3.9623 0.442065 0.0457215 -0.895817 -170.021 0 0 0 1 
-0.852411 0.0652468 -0.518786 94.0262 0.0336314 0.996971 0.0701281 3.98358 0.52179 0.0423305 -0.852023 -170.291 0 0 0 1 
-0.804329 0.0558365 -0.591555 93.7694 0.0223432 0.997713 0.0637938 4.00096 0.593764 0.038094 -0.803737 -170.528 0 0 0 1 
-0.7504 0.0620886 -0.658061 93.4753 0.0315319 0.997808 0.0581875 4.01674 0.660231 0.022914 -0.750713 -170.728 0 0 0 1 
-0.690592 0.0560861 -0.721067 93.1651 0.00971442 0.997618 0.068293 4.03586 0.723179 0.0401578 -0.689492 -170.941 0 0 0 1 
-0.625046 0.0630095 -0.778041 92.8101 0.0237813 0.997811 0.0617026 4.04585 0.780226 0.0200642 -0.625176 -171.112 0 0 0 1 
-0.551623 0.0493959 -0.83263 92.4473 0.0101901 0.998569 0.0524893 4.05875 0.834031 0.0204697 -0.551337 -171.265 0 0 0 1 
-0.422392 0.062399 -0.904263 91.7843 0.010349 0.997895 0.064026 4.09766 0.906354 0.0176858 -0.422149 -171.446 0 0 0 1 
-0.320377 0.0542884 -0.945733 91.2324 0.00194184 0.998392 0.0566534 4.11497 0.947288 0.016314 -0.319967 -171.541 0 0 0 1 
-0.279166 0.0518992 -0.958839 90.9643 0.00260508 0.998576 0.0532915 4.12533 0.960239 0.0123794 -0.278904 -171.574 0 0 0 1 
-0.201328 0.0531652 -0.97808 90.1198 -0.00266138 0.998493 0.0548225 4.16235 0.97952 0.0136404 -0.200883 -171.684 0 0 0 1 
-0.173264 0.0544707 -0.983368 89.5684 -0.00702844 0.998376 0.0565404 4.18712 0.98485 0.016708 -0.1726 -171.755 0 0 0 1 
-0.115074 0.0636674 -0.991315 88.1077 -0.00418778 0.997904 0.0645767 4.26 0.993348 0.0115825 -0.114566 -171.877 0 0 0 1 
-0.0851876 0.0554386 -0.994821 87.3871 -0.00593084 0.998405 0.0561462 4.29386 0.996347 0.0106831 -0.0847229 -171.908 0 0 0 1 
-0.0177893 0.0272074 -0.999472 85.7435 -0.00387276 0.99962 0.0272804 4.34503 0.999834 0.00435601 -0.0176771 -171.889 0 0 0 1 
0.0159513 0.0428477 -0.998954 84.7884 -0.0155602 0.998971 0.0425999 4.37797 0.999752 0.0148644 0.0166016 -171.849 0 0 0 1 
0.0941273 0.0403241 -0.994743 82.6236 -0.0220736 0.999018 0.0384086 4.44092 0.995315 0.0183423 0.0949249 -171.605 0 0 0 1 
0.0681334 0.0474599 -0.996547 81.6527 -0.0113133 0.99884 0.0467957 4.47778 0.997612 0.0080859 0.0685914 -171.535 0 0 0 1 
0.0700982 0.0423305 -0.996642 80.5163 -0.0100211 0.999079 0.0417292 4.5146 0.99749 0.00706232 0.0704578 -171.442 0 0 0 1 
0.0782751 0.0536275 -0.995488 78.1105 -0.0094447 0.998547 0.0530497 4.61165 0.996887 0.00524962 0.0786679 -171.197 0 0 0 1 
0.0248076 0.0381672 -0.998963 77.0242 -0.00304296 0.999269 0.0381033 4.64493 0.999688 0.00209456 0.0249056 -171.176 0 0 0 1 
0.0490361 0.0554351 -0.997257 74.202 -0.00159441 0.998462 0.0554236 4.7619 0.998796 -0.00112772 0.049049 -171.038 0 0 0 1 
0.0669848 0.0444343 -0.996764 73.2907 0.00207867 0.998999 0.0446737 4.79103 0.997752 -0.00506439 0.0668254 -170.948 0 0 0 1 
0.0264527 0.0506041 -0.998368 70.8036 -0.00233955 0.998718 0.0505598 4.88318 0.999647 0.000998286 0.0265372 -170.863 0 0 0 1 
0.0318884 0.0521202 -0.998132 69.5491 -0.00340118 0.998639 0.052038 4.92766 0.999486 0.00173542 0.0320222 -170.804 0 0 0 1 
0.0319441 0.0439124 -0.998525 66.4177 -0.0048787 0.999029 0.0437786 5.0455 0.999478 0.00347303 0.0321273 -170.662 0 0 0 1 
0.0119391 0.0527139 -0.998538 64.9375 -0.00405526 0.998604 0.0526689 5.09625 0.999921 0.00342051 0.0121362 -170.629 0 0 0 1 
-0.00686716 0.0536265 -0.998537 63.0538 0.00166182 0.99856 0.0536163 5.17621 0.999975 -0.0012912 -0.00694639 -170.621 0 0 0 1 
0.00806391 0.0442651 -0.998987 61.365 0.00231692 0.999016 0.0442851 5.23742 0.999965 -0.00267169 0.00795342 -170.581 0 0 0 1 
0.0626836 0.0491384 -0.996823 58.9781 -0.0031965 0.998792 0.0490345 5.3345 0.998028 0.000112685 0.062765 -170.422 0 0 0 1 
0.0689607 0.0451407 -0.996598 57.7614 0.00541181 0.998944 0.0456214 5.38116 0.997605 -0.00853948 0.0686436 -170.306 0 0 0 1 
0.0295534 0.043659 -0.998609 56.8637 0.00945918 0.998989 0.0439555 5.41443 0.999518 -0.0107451 0.0291106 -170.289 0 0 0 1 
0.00324251 0.0496011 -0.998764 55.5735 -0.00227926 0.998767 0.0495938 5.47069 0.999992 0.00211563 0.00335157 -170.288 0 0 0 1 
0.00783797 0.0563118 -0.998382 53.8685 0.000710957 0.998413 0.0563191 5.54788 0.999969 -0.00115123 0.0077855 -170.251 0 0 0 1 
0.0582272 0.0451844 -0.99728 51.0403 0.0069983 0.998932 0.0456679 5.65448 0.998279 -0.00963838 0.0578489 -170.015 0 0 0 1 
0.0919633 0.0456476 -0.994716 49.7452 -0.00520075 0.998957 0.0453614 5.70061 0.995749 0.00100168 0.0921048 -169.877 0 0 0 1 
0.106021 0.0517406 -0.993017 48.5751 -0.00129118 0.998652 0.0518963 5.74838 0.994363 -0.00421992 0.105945 -169.724 0 0 0 1 
0.0801864 0.0572115 -0.995137 47.4249 -0.0118675 0.998336 0.0564391 5.7962 0.996709 0.00728416 0.0807319 -169.636 0 0 0 1 
0.0549704 0.0467193 -0.997394 46.3048 -0.00585887 0.998903 0.046467 5.82481 0.998471 0.0032893 0.0551838 -169.571 0 0 0 1 
0.0229416 0.0494862 -0.998511 42.1007 0.00061589 0.998773 0.0495133 5.97814 0.999737 -0.00175089 0.022883 -169.441 0 0 0 1 
0.0879353 0.0501578 -0.994863 40.3024 0.00255711 0.998717 0.0505781 6.06244 0.996123 -0.00699158 0.0876942 -169.246 0 0 0 1 
0.115367 0.0363268 -0.992658 39.2251 0.0108961 0.999225 0.0378334 6.09079 0.993263 -0.0151808 0.114882 -169.08 0 0 0 1 
0.128908 0.0472337 -0.990531 38.0523 -0.00180924 0.998875 0.0473961 6.13085 0.991655 -0.00431763 0.128848 -168.908 0 0 0 1 
0.0958055 0.0387128 -0.994647 37.2478 -0.00595342 0.999248 0.0383184 6.14251 0.995382 0.00225043 0.095964 -168.847 0 0 0 1 
0.0759012 0.0452574 -0.996088 36.376 -0.00443565 0.998975 0.0450506 6.16502 0.997105 0.000998907 0.0760241 -168.783 0 0 0 1 
0.0484599 0.0481145 -0.997666 35.255 0.000416335 0.998838 0.0481913 6.20162 0.998825 -0.00275071 0.0483836 -168.717 0 0 0 1 
0.00535263 0.047069 -0.998877 34.3149 0.00368243 0.998884 0.0470891 6.23068 0.999979 -0.00393034 0.00517333 -168.717 0 0 0 1 
