0.0807707 0.0988891 -0.991815 73.0553 -0.0297906 0.994861 0.0967668 -0.0191751 0.996287 0.0217309 0.0833016 -87.4311 0 0 0 1 
0.0896552 0.108682 -0.990025 72.7614 -0.0297487 0.993877 0.106411 -0.00261695 0.995528 0.0199117 0.0923394 -87.3902 0 0 0 1 
0.0681726 0.101969 -0.992449 72.0783 -0.0239617 0.994644 0.100549 0.033249 0.997386 0.0169261 0.0702508 -87.3333 0 0 0 1 
0.0486559 0.108232 -0.992934 71.6053 -0.0267255 0.993897 0.107027 0.0643281 0.998458 0.0213292 0.0512515 -87.3156 0 0 0 1 
0.0298276 0.104136 -0.994116 70.599 -0.0288836 0.994233 0.103282 0.122952 0.999138 0.025633 0.0326634 -87.2793 0 0 0 1 
0.0221938 0.117078 -0.992875 69.3324 -0.0260832 0.992849 0.116492 0.200156 0.999413 0.023312 0.0250889 -87.2241 0 0 0 1 
0.0202987 0.109664 -0.993761 68.7374 -0.0302955 0.993577 0.109025 0.231356 0.999335 0.0278934 0.0234907 -87.2023 0 0 0 1 
0.0238528 0.11311 -0.993296 67.7066 -0.031971 0.993157 0.112326 0.29183 0.999204 0.0290773 0.0273058 -87.1578 0 0 0 1 
0.0332989 0.109304 -0.993451 66.6039 -0.029199 0.993684 0.108351 0.353966 0.999019 0.0253998 0.0362801 -87.0862 0 0 0 1 
0.0469714 0.117686 -0.991939 65.1737 -0.0389164 0.992497 0.115909 0.444706 0.998138 0.0331582 0.0511989 -86.9961 0 0 0 1 
0.0691972 0.109698 -0.991553 64.3399 -0.0380147 0.993504 0.107261 0.486498 0.996878 0.0302715 0.0729178 -86.9146 0 0 0 1 
0.0854498 0.105253 -0.990767 63.0399 -0.0313566 0.994196 0.102913 0.556186 0.995849 0.0222732 0.0882542 -86.7655 0 0 0 1 
0.0802493 0.10839 -0.990864 62.4532 -0.0305784 0.99387 0.106242 0.5886 0.996306 0.0217731 0.0830718 -86.7079 0 0 0 1 
0.073042 0.109567 -0.991292 61.2204 -0.0330814 0.993666 0.107392 0.649887 0.99678 0.0249492 0.076204 -86.5791 0 0 0 1 
0.0631272 0.100998 -0.992882 59.7709 -0.0312452 0.994578 0.0991842 0.727112 0.997516 0.0247615 0.0659407 -86.4654 0 0 0 1 
0.0635965 0.108718 -0.992036 59.2408 -0.0304383 0.993797 0.106959 0.759078 0.997511 0.0233936 0.0665112 -86.4208 0 0 0 1 
0.0733354 0.10541 -0.991721 57.9684 -0.0309346 0.994161 0.103382 0.831179 0.996827 0.0230969 0.0761679 -86.3026 0 0 0 1 
0.0849253 0.110402 -0.990252 57.2371 -0.0330122 0.993609 0.107945 0.873255 0.99584 0.0235232 0.0880271 -86.2209 0 0 0 1 
0.119449 0.107212 -0.987035 55.3642 -0.0332891 0.994026 0.103942 0.974389 0.992282 0.0204417 0.122304 -85.9675 0 0 0 1 
0.127545 0.109064 -0.985818 54.6123 -0.0383186 0.993736 0.104982 1.01626 0.991092 0.0243852 0.130925 -85.8567 0 0 0 1 
0.127304 0.11261 -0.985451 53.8969 -0.0340491 0.993445 0.109125 1.05997 0.991279 0.0196617 0.130304 -85.7517 0 0 0 1 
0.112011 0.102948 -0.98836 53.0976 -0.0299565 0.994517 0.100195 1.09651 0.993255 0.0183849 0.114481 -85.6474 0 0 0 1 
0.094898 0.111836 -0.989185 52.5763 -0.031457 0.99351 0.109307 1.12843 0.99499 0.0207439 0.0978002 -85.5936 0 0 0 1 
0.0659401 0.104533 -0.992333 51.134 -0.0298577 0.994259 0.102752 1.21206 0.997377 0.0228533 0.0686827 -85.4764 0 0 0 1 
0.0569203 0.110633 -0.99223 50.529 -0.028755 0.993611 0.109137 1.24738 0.997965 0.0223194 0.0597379 -85.4338 0 0 0 1 
0.0485956 0.105459 -0.993236 49.9261 -0.0242635 0.994242 0.104379 1.28402 0.998524 0.0190271 0.0508746 -85.3975 0 0 0 1 
0.0379038 0.107828 -0.993447 49.1763 -0.0261569 0.993928 0.106882 1.32749 0.998939 0.0219342 0.0404941 -85.3595 0 0 0 1 
0.0434465 0.108623 -0.993133 48.674 -0.0251593 0.993875 0.107604 1.35625 0.998739 0.0203115 0.0459133 -85.3247 0 0 0 1 
0.0648091 0.111025 -0.991702 48.1786 -0.0247702 0.993664 0.109626 1.38168 0.99759 0.0174599 0.0671486 -85.2673 0 0 0 1 
0.0819849 0.108453 -0.990715 47.7341 -0.0278526 0.993923 0.1065 1.4016 0.996244 0.0188626 0.0845074 -85.2125 0 0 0 1 
0.083671 0.110354 -0.990364 46.9358 -0.0316059 0.993643 0.108049 1.46071 0.995992 0.0222608 0.0866269 -85.1415 0 0 0 1 
0.0727824 0.106036 -0.991695 46.0877 -0.0285343 0.994146 0.104204 1.51568 0.99694 0.0207131 0.075382 -85.0816 0 0 0 1 
0.0472793 0.110602 -0.99274 44.2756 -0.0269417 0.993631 0.109418 1.6441 0.998518 0.0215729 0.049958 -85.0027 0 0 0 1 
0.0347537 0.101917 -0.994186 43.4409 -0.0284236 0.994485 0.100954 1.69781 0.998992 0.0247498 0.0374588 -84.9813 0 0 0 1 
0.0227921 0.111026 -0.993556 42.5687 -0.0282849 0.993488 0.11037 1.75716 0.99934 0.0255871 0.0257841 -84.959 0 0 0 1 
0.0112745 0.108691 -0.994012 41.6288 -0.0257753 0.993776 0.108373 1.81755 0.999604 0.0243991 0.0140059 -84.9423 0 0 0 1 
0.00819061 0.105159 -0.994422 40.8574 -0.0275851 0.9941 0.104897 1.8697 0.999586 0.026572 0.0110431 -84.9332 0 0 0 1 
0.0172475 0.105587 -0.99426 40.1972 -0.0299618 0.994016 0.105041 1.91607 0.999402 0.0279781 0.0203078 -84.9117 0 0 0 1 
0.0487119 0.106244 -0.993146 39.1727 -0.0308541 0.994012 0.104823 1.98195 0.998336 0.0255365 0.0516983 -84.8387 0 0 0 1 
0.0855828 0.102753 -0.991018 37.9024 -0.0313061 0.994454 0.100406 2.0644 0.995839 0.0224319 0.088325 -84.6921 0 0 0 1 
0.119844 0.103847 -0.987347 36.7023 -0.0359508 0.994316 0.100216 2.13305 0.992142 0.0234856 0.122896 -84.5155 0 0 0 1 
0.158057 0.108054 -0.9815 35.3528 -0.0350689 0.993982 0.103781 2.20813 0.986807 0.0180168 0.160895 -84.2551 0 0 0 1 
0.197785 0.102056 -0.974918 34.0977 -0.0438954 0.99449 0.0951998 2.27851 0.979262 0.0239654 0.201175 -83.9534 0 0 0 1 
0.199132 0.10318 -0.974526 31.5264 -0.0394424 0.99448 0.097233 2.43871 0.979179 0.0190753 0.202103 -83.3235 0 0 0 1 
0.124473 0.104851 -0.986668 30.6682 -0.0331267 0.994286 0.101482 2.49412 0.99167 0.0200534 0.127235 -83.2439 0 0 0 1 
0.0492072 0.111505 -0.992545 29.7538 -0.0267988 0.993538 0.110288 2.55582 0.998429 0.021172 0.0518774 -83.2235 0 0 0 1 
0.00176111 0.112456 -0.993655 28.535 -0.02421 0.99337 0.11238 2.65115 0.999705 0.0238585 0.00447199 -83.23 0 0 0 1 
0.0189036 0.112731 -0.993446 27.0985 -0.0229242 0.993411 0.112291 2.75898 0.999558 0.0206513 0.0213633 -83.1994 0 0 0 1 
-0.000506007 0.110982 -0.993822 25.9247 -0.0216936 0.993587 0.110967 2.83327 0.999765 0.0216158 0.00190485 -83.2117 0 0 0 1 
-0.0274819 0.101056 -0.994501 24.2041 -0.0206 0.994608 0.101636 2.93028 0.99941 0.0232799 -0.025252 -83.2449 0 0 0 1 
-0.0176539 0.109264 -0.993856 22.3493 -0.0278888 0.99357 0.109728 3.05616 0.999455 0.0296546 -0.0144931 -83.2701 0 0 0 1 
0.0385254 0.105023 -0.993723 21.0573 -0.0254285 0.994243 0.104092 3.13187 0.998934 0.0212587 0.0409741 -83.1653 0 0 0 1 
0.0970546 0.112257 -0.988928 19.729 -0.0274341 0.993543 0.110088 3.2185 0.994901 0.0164458 0.0995076 -82.9868 0 0 0 1 
0.157879 0.101957 -0.982181 18.3323 -0.0359935 0.994588 0.0974596 3.29847 0.986802 0.0199652 0.160695 -82.726 0 0 0 1 
0.211651 0.109705 -0.971169 17.0511 -0.041502 0.993793 0.103216 3.36926 0.976464 0.0184597 0.21489 -82.4115 0 0 0 1 
0.258392 0.0980935 -0.961047 15.8608 -0.0328545 0.995148 0.0927407 3.43345 0.965481 0.00761124 0.260361 -82.0433 0 0 0 1 
0.30557 0.0990735 -0.947001 14.5999 -0.0366713 0.995059 0.0922684 3.49161 0.951463 0.00653329 0.307694 -81.6323 0 0 0 1 
0.301898 0.0960289 -0.948491 13.6096 -0.0360396 0.995352 0.0893021 3.54418 0.952659 0.00722306 0.303956 -81.3173 0 0 0 1 
0.292217 0.0950301 -0.951619 9.44638 -0.037674 0.995422 0.0878357 3.72957 0.95561 0.0101842 0.294459 -79.9416 0 0 0 1 
0.229393 0.0998287 -0.968201 8.29395 -0.0407918 0.994839 0.0929106 3.79956 0.972479 0.0181815 0.232282 -79.6707 0 0 0 1 
0.15667 0.0941959 -0.983149 6.94434 -0.0318187 0.995406 0.0902998 3.87493 0.987138 0.0171353 0.158947 -79.4485 0 0 0 1 
0.151974 0.102021 -0.983105 5.51058 -0.0303471 0.994671 0.0985305 3.94478 0.987918 0.0148603 0.154261 -79.1967 0 0 0 1 
0.217808 0.0984777 -0.971011 4.39825 -0.0345464 0.995051 0.0931667 3.98846 0.97538 0.0132525 0.220132 -78.9147 0 0 0 1 
0.287849 0.0902143 -0.953417 3.3518 -0.0370105 0.995857 0.0830561 4.02292 0.95696 0.0113788 0.289996 -78.5696 0 0 0 1 
0.407508 0.0945725 -0.908292 1.37651 -0.0432283 0.995506 0.0842588 4.08664 0.912178 0.00492782 0.409764 -77.6882 0 0 0 1 
0.467104 0.0915948 -0.879446 0.435269 -0.0479139 0.995781 0.0782625 4.11338 0.882903 0.00558093 0.469522 -77.1523 0 0 0 1 
0.494625 0.0833369 -0.865102 -1.87799 -0.0392896 0.996519 0.0735325 4.18311 0.868218 -0.00238154 0.496178 -75.6376 0 0 0 1 
0.437612 0.0921062 -0.894434 -2.6214 -0.0393527 0.995748 0.0832855 4.20292 0.898303 -0.00124829 0.439376 -75.2651 0 0 0 1 
0.365519 0.0959485 -0.925845 -4.71127 -0.035 0.995386 0.0893374 4.29502 0.930146 -0.000249982 0.367191 -74.3801 0 0 0 1 
0.40986 0.0922393 -0.907473 -5.92866 -0.0386227 0.995737 0.0837669 4.33809 0.91133 0.00071627 0.411676 -73.7693 0 0 0 1 
0.467442 0.0930449 -0.879114 -7.26501 -0.0423562 0.995661 0.0828586 4.36644 0.883009 -0.00149569 0.469354 -73.0573 0 0 0 1 
0.476982 0.0900067 -0.874292 -10.8356 -0.0406793 0.995937 0.0803367 4.46343 0.877971 -0.00275358 0.478705 -71.0579 0 0 0 1 
0.538753 0.0916048 -0.837469 -12.082 -0.040669 0.99574 0.0827542 4.49789 0.841482 -0.010525 0.540183 -70.1745 0 0 0 1 
0.599366 0.0816878 -0.796296 -12.5435 -0.0494597 0.996658 0.065014 4.48538 0.798946 0.000417386 0.601403 -69.7107 0 0 0 1 
0.665353 0.0657113 -0.743631 -12.8693 -0.0429091 0.997838 0.0497821 4.47329 0.745294 -0.0012141 0.666734 -69.3033 0 0 0 1 
0.715654 0.0717912 -0.694756 -13.1112 -0.0546155 0.99741 0.046807 4.45927 0.696317 0.00444679 0.717721 -68.9873 0 0 0 1 
0.756176 0.0786842 -0.64962 -13.2937 -0.0678258 0.996822 0.0417872 4.44096 0.650844 0.0124626 0.759109 -68.7202 0 0 0 1 
0.828366 0.0717113 -0.555578 -13.598 -0.0621742 0.997414 0.0360397 4.42785 0.556726 0.00468861 0.830683 -68.1076 0 0 0 1 
0.85932 0.0709901 -0.506488 -13.7189 -0.0598797 0.997474 0.038214 4.4261 0.507921 -0.00250971 0.8614 -67.7937 0 0 0 1 
0.887551 0.0689414 -0.455521 -13.8245 -0.0622009 0.997619 0.0297919 4.41448 0.456491 0.00189198 0.889726 -67.4707 0 0 0 1 
0.907581 0.0672769 -0.414453 -13.8905 -0.0607161 0.997734 0.0290014 4.40586 0.415464 -0.00115714 0.909609 -67.2155 0 0 0 1 
0.925176 0.0608462 -0.37463 -13.9425 -0.0581806 0.998136 0.018433 4.38819 0.375053 0.00474242 0.926991 -66.9689 0 0 0 1 
0.941827 0.0552932 -0.33152 -13.9827 -0.0521851 0.99847 0.0182773 4.37501 0.332023 8.63357e-05 0.943271 -66.7121 0 0 0 1 
0.955706 0.0542679 -0.289276 -14.0144 -0.0524043 0.998525 0.0141895 4.36088 0.28962 0.00159838 0.95714 -66.4667 0 0 0 1 
0.967228 0.0558944 -0.24768 -14.0374 -0.0562418 0.998401 0.0056783 4.34207 0.247601 0.00843773 0.968825 -66.2277 0 0 0 1 
0.977395 0.0517161 -0.204996 -14.0469 -0.0517517 0.998646 0.00519125 4.32865 0.204987 0.00553502 0.978749 -65.9689 0 0 0 1 
0.984679 0.0478863 -0.16767 -14.0498 -0.048602 0.998818 -0.00016533 4.31276 0.167464 0.00831192 0.985843 -65.728 0 0 0 1 
0.99023 0.0453796 -0.131853 -14.0485 -0.0461354 0.998932 -0.00268114 4.29554 0.13159 0.00873804 0.991266 -65.4745 0 0 0 1 
0.99597 0.0440072 -0.0781488 -14.0428 -0.0448813 0.998947 -0.00946428 4.25899 0.07765 0.0129336 0.996897 -64.9097 0 0 0 1 
0.998995 0.0336419 -0.0296328 -14.0056 -0.0339276 0.999382 -0.00919031 4.21702 0.0293053 0.0101864 0.999519 -64.2691 0 0 0 1 
0.999099 0.0344833 0.024747 -13.9376 -0.0341136 0.999302 -0.0152103 4.15321 -0.0252542 0.0143524 0.999578 -63.3681 0 0 0 1 
0.999138 0.0329715 0.0252056 -13.9081 -0.0327006 0.999404 -0.0110842 4.11256 -0.025556 0.0102504 0.999621 -62.6501 0 0 0 1 
0.998721 0.0428695 -0.0268133 -13.951 -0.042819 0.99908 0.00245642 4.02648 0.0268939 -0.00130516 0.999637 -61.0225 0 0 0 1 
0.996899 0.0426707 -0.0661121 -14.0261 -0.0434335 0.999005 -0.0101431 3.96258 0.0656135 0.0129832 0.997761 -60.0376 0 0 0 1 
0.99208 0.0438134 -0.11772 -14.1638 -0.0442968 0.999017 -0.00149143 3.91331 0.117539 0.00669422 0.993046 -59.0649 0 0 0 1 
0.989812 0.0436748 -0.13552 -14.3015 -0.0437563 0.999039 0.00237852 3.86549 0.135494 0.00357557 0.990772 -58.0879 0 0 0 1 
0.990059 0.0436682 -0.133699 -14.4514 -0.0432126 0.999046 0.0063088 3.81418 0.133847 -0.00046861 0.991002 -56.8726 0 0 0 1 
0.994946 0.0448392 -0.0898401 -14.7493 -0.0452237 0.998974 -0.00224713 3.66997 0.0896472 0.00629867 0.995954 -53.9454 0 0 0 1 
0.998069 0.0419619 -0.045809 -14.7762 -0.0417572 0.999113 0.00541733 3.61213 0.0459957 -0.00349401 0.998936 -52.6382 0 0 0 1 
0.999165 0.040821 0.00153378 -14.745 -0.0408233 0.999165 0.00149197 3.53157 -0.0014716 -0.00155334 0.999998 -51.1162 0 0 0 1 
0.998336 0.0433659 0.0380204 -14.5807 -0.0435304 0.999046 0.0035096 3.35578 -0.0378319 -0.0051588 0.999271 -47.7789 0 0 0 1 
0.999069 0.0430086 0.00351119 -14.5679 -0.0430279 0.999058 0.00560576 3.29177 -0.00326679 -0.00575161 0.999978 -46.3361 0 0 0 1 
0.998588 0.0447257 -0.028664 -14.5959 -0.0443443 0.998921 0.0138049 3.24414 0.0292505 -0.0125143 0.999494 -44.9714 0 0 0 1 
0.99499 0.0480789 -0.0876527 -14.8255 -0.0467831 0.998764 0.0167787 3.11733 0.088351 -0.0125939 0.99601 -41.4016 0 0 0 1 
0.994481 0.0512233 -0.0915576 -14.9448 -0.0503661 0.998663 0.0116499 3.06076 0.0920319 -0.00697423 0.995732 -39.8947 0 0 0 1 
0.996002 0.0477458 -0.0755051 -15.0354 -0.0473651 0.998854 0.00682601 2.9994 0.0757445 -0.00322241 0.997122 -38.2921 0 0 0 1 
0.998044 0.0473108 -0.040863 -15.1156 -0.0465862 0.998743 0.0185059 2.90075 0.0416872 -0.0165661 0.998993 -35.6171 0 0 0 1 
0.998708 0.0421117 -0.0284567 -15.122 -0.0418982 0.999089 0.00805643 2.84636 0.0287701 -0.00685373 0.999563 -34.4736 0 0 0 1 
0.999007 0.0445211 0.00182425 -15.0973 -0.0445397 0.998937 0.0118706 2.74791 -0.00129382 -0.0119401 0.999928 -32.1685 0 0 0 1 
0.998791 0.0460799 0.0170957 -15.0614 -0.0462887 0.998856 0.0120246 2.70835 -0.016522 -0.0128014 0.999782 -31.16 0 0 0 1 
0.99857 0.0459949 0.027261 -15.0227 -0.0463215 0.998861 0.0114721 2.67925 -0.0267022 -0.0127185 0.999563 -30.3903 0 0 0 1 
0.997412 0.0417443 0.0585445 -14.8555 -0.042368 0.999057 0.009452 2.57922 -0.0580947 -0.011908 0.99824 -28.1154 0 0 0 1 
0.996576 0.0313976 0.0764853 -14.7079 -0.0312395 0.999507 -0.00326184 2.50502 -0.07655 0.00086131 0.997065 -26.7461 0 0 0 1 
0.994257 0.0432672 0.0978788 -14.5509 -0.0441545 0.999001 0.00691616 2.44209 -0.0974818 -0.0111982 0.995174 -25.3303 0 0 0 1 
0.992569 0.0426738 0.113956 -14.3912 -0.0436808 0.999025 0.00635323 2.38804 -0.113574 -0.0112837 0.993465 -24.1858 0 0 0 1 
0.990763 0.040978 0.129263 -14.2094 -0.0411296 0.999153 -0.00149755 2.32601 -0.129215 -0.00383283 0.991609 -23.0378 0 0 0 1 
0.98941 0.0410769 0.139212 -14.0556 -0.0407934 0.999156 -0.00489023 2.27271 -0.139296 -0.00084051 0.99025 -22.1096 0 0 0 1 
0.989201 0.0437992 0.139865 -13.9181 -0.0444917 0.999008 0.0018268 2.22754 -0.139646 -0.00802991 0.990169 -21.2226 0 0 0 1 
0.991315 0.0369857 0.126201 -13.8087 -0.0369905 0.999313 -0.00230661 2.1838 -0.1262 -0.00238167 0.992002 -20.4499 0 0 0 1 
0.992926 0.0371094 0.112783 -13.7181 -0.0377543 0.999281 0.00358708 2.14837 -0.112569 -0.00781977 0.993613 -19.6949 0 0 0 1 
0.993968 0.0447683 0.100118 -13.6307 -0.0451145 0.998981 0.00119588 2.09936 -0.0999622 -0.00570543 0.994975 -18.8179 0 0 0 1 
0.996538 0.0380021 0.0739499 -13.4301 -0.0377058 0.999274 -0.00539874 1.99323 -0.0741014 0.00259171 0.997247 -16.7404 0 0 0 1 
0.9974 0.0364615 0.06216 -13.3344 -0.0367842 0.999315 0.00405464 1.93808 -0.0619695 -0.0063306 0.998058 -15.5188 0 0 0 1 
0.997534 0.0435396 0.0550408 -13.1547 -0.0435714 0.99905 -0.00062187 1.8109 -0.0550156 -0.00177787 0.998484 -12.8969 0 0 0 1 
0.997562 0.0398159 0.0573133 -13.0558 -0.0400778 0.999191 0.00342773 1.75187 -0.0571304 -0.00571637 0.99835 -11.605 0 0 0 1 
0.997178 0.0423973 0.0619619 -12.9778 -0.0426631 0.999085 0.00297301 1.70411 -0.0617792 -0.00560811 0.998074 -10.6381 0 0 0 1 
0.996885 0.0416096 0.0670048 -12.8951 -0.0416564 0.999132 -0.00069882 1.65512 -0.0669757 -0.00209454 0.997752 -9.69676 0 0 0 1 
0.996369 0.0426983 0.0736565 -12.7899 -0.042901 0.999079 0.00117122 1.59564 -0.0735386 -0.00432691 0.997283 -8.56433 0 0 0 1 
0.995766 0.0428013 0.081346 -12.6728 -0.0431716 0.999064 0.00279859 1.53926 -0.0811501 -0.00629858 0.996682 -7.39972 0 0 0 1 
0.995416 0.0379954 0.0877726 -12.5565 -0.0377257 0.999277 -0.00472976 1.48293 -0.0878888 0.0013968 0.996129 -6.37539 0 0 0 1 
0.994622 0.041293 0.0949839 -12.451 -0.0411172 0.999147 -0.00380842 1.43318 -0.0950602 -0.000117532 0.995472 -5.44402 0 0 0 1 
0.993879 0.0385932 0.103515 -12.3223 -0.039195 0.999224 0.00378495 1.38609 -0.103288 -0.00781904 0.994621 -4.43387 0 0 0 1 
0.991697 0.0466184 0.119852 -12.036 -0.0454771 0.99889 -0.0122417 1.25998 -0.12029 0.0066895 0.992716 -2.32405 0 0 0 1 
0.991063 0.0377785 0.127934 -11.8617 -0.0381366 0.999272 0.000349827 1.20725 -0.127828 -0.00522568 0.991783 -1.18862 0 0 0 1 
0.990826 0.0352628 0.130462 -11.6961 -0.0344951 0.999372 -0.00814003 1.14394 -0.130667 0.00356504 0.99142 -0.112799 0 0 0 1 
0.991866 0.0390656 0.121146 -11.5502 -0.0385612 0.999235 -0.00650551 1.07487 -0.121308 0.00178103 0.992613 1.00833 0 0 0 1 
0.994609 0.042688 0.0944998 -11.4421 -0.0422761 0.999086 -0.00635667 1.00913 -0.0946848 0.00232732 0.995505 2.12404 0 0 0 1 
0.996437 0.0365359 0.0760145 -11.1058 -0.0385164 0.998951 0.0247528 0.831715 -0.0750304 -0.0275925 0.996799 6.0354 0 0 0 1 
0.993604 0.037309 0.106582 -10.9081 -0.0392381 0.999101 0.0160594 0.762803 -0.105887 -0.0201387 0.994174 7.76493 0 0 0 1 
0.985737 0.0309635 0.165422 -10.6943 -0.0340031 0.9993 0.015574 0.716854 -0.164824 -0.0209767 0.9861 8.73728 0 0 0 1 
0.967982 0.026722 0.249592 -10.2983 -0.0293224 0.999548 0.00670559 0.636226 -0.2493 -0.0138095 0.968328 10.0848 0 0 0 1 
0.958428 0.0259099 0.284155 -10.0959 -0.0283183 0.999589 0.00437009 0.603724 -0.283925 -0.0122352 0.958769 10.6505 0 0 0 1 
0.946733 0.0231543 0.321187 -9.8653 -0.0258509 0.999657 0.00413328 0.570168 -0.320981 -0.0122161 0.947007 11.2125 0 0 0 1 
0.936421 0.0215791 0.350215 -9.66703 -0.0241853 0.999703 0.00306924 0.543648 -0.350044 -0.0113441 0.936664 11.6596 0 0 0 1 
0.925453 0.0198374 0.378342 -9.45335 -0.0199171 0.999795 -0.00370312 0.509796 -0.378338 -0.00410841 0.925658 12.0948 0 0 0 1 
0.911283 0.0215141 0.411219 -9.18716 -0.0210391 0.999763 -0.00568178 0.476876 -0.411243 -0.00347396 0.911519 12.6095 0 0 0 1 
0.884246 0.0189531 0.466636 -8.68815 -0.0159247 0.999819 -0.0104328 0.417466 -0.466749 0.00179411 0.884388 13.4463 0 0 0 1 
0.870814 0.0153998 0.491371 -8.43843 -0.0163551 0.999863 -0.0023516 0.395585 -0.49134 -0.00598859 0.870947 13.8299 0 0 0 1 
0.855471 0.0134472 0.517677 -8.1687 -0.0115885 0.99991 -0.00682357 0.361209 -0.517722 -0.000161713 0.855549 14.2069 0 0 0 1 
0.836986 0.018136 0.546923 -7.93176 -0.0129657 0.999827 -0.0133123 0.332573 -0.54707 0.00405094 0.837077 14.5087 0 0 0 1 
0.819032 0.0180167 0.573464 -7.67886 -0.0115487 0.999822 -0.0149176 0.307016 -0.573631 0.00559523 0.819095 14.8112 0 0 0 1 
0.799195 0.00993369 0.600989 -7.39985 -0.00776858 0.999951 -0.00619742 0.282617 -0.601021 0.000284111 0.799233 15.1201 0 0 0 1 
0.779877 0.0091768 0.625866 -7.13055 -0.00408778 0.999946 -0.00956809 0.255124 -0.62592 0.00490353 0.779872 15.4023 0 0 0 1 
0.759774 0.0069986 0.650149 -6.84611 0.00391635 0.999875 -0.01534 0.227867 -0.650175 0.0142011 0.759652 15.6739 0 0 0 1 
0.737087 0.00709703 0.67576 -6.53923 0.0022833 0.999913 -0.0129919 0.20194 -0.675794 0.0111191 0.737007 15.9608 0 0 0 1 
0.691466 0.00236906 0.722405 -5.90538 0.00292937 0.999977 -0.00608324 0.156975 -0.722403 0.00632255 0.691443 16.496 0 0 0 1 
0.667477 0.00804735 0.744587 -5.5704 0.00447945 0.99988 -0.0148221 0.127836 -0.744617 0.0132287 0.667361 16.7497 0 0 0 1 
0.619496 0.0049732 0.784984 -4.86933 0.0117219 0.99981 -0.0155849 0.0700443 -0.784912 0.0188563 0.61932 17.2269 0 0 0 1 
0.592805 0.00672619 0.805318 -4.49874 0.0135787 0.999739 -0.0183455 0.0402486 -0.805231 0.0218105 0.59256 17.4553 0 0 0 1 
0.565975 0.00931285 0.82437 -4.12632 0.0157371 0.999632 -0.0220971 0.0109201 -0.824273 0.0254796 0.56562 17.6665 0 0 0 1 
0.537774 0.00451078 0.843077 -3.73806 0.0140614 0.999799 -0.0143186 -0.0161499 -0.842972 0.019555 0.537602 17.875 0 0 0 1 
0.483471 0.00424284 0.87535 -2.96736 0.0223689 0.999602 -0.0171998 -0.078831 -0.875075 0.0278962 0.483183 18.2306 0 0 0 1 
0.456292 0.0153741 0.889697 -2.56614 0.0215484 0.999367 -0.0283205 -0.114531 -0.889569 0.0320939 0.455671 18.3989 0 0 0 1 
0.410885 0.00958403 0.911637 -1.63923 0.0317757 0.999187 -0.0248261 -0.187823 -0.911133 0.0391685 0.410247 18.7566 0 0 0 1 
0.386953 0.00283646 0.922095 -1.12256 0.0273504 0.99952 -0.0145521 -0.224899 -0.921694 0.0308506 0.38669 18.9434 0 0 0 1 
0.363591 0.0115994 0.931486 -0.616604 0.0282553 0.999325 -0.0234732 -0.262413 -0.93113 0.0348541 0.363018 19.1079 0 0 0 1 
0.325782 0.00517016 0.945431 0.546293 0.0387351 0.999072 -0.0188111 -0.344249 -0.944651 0.0427496 0.32528 19.4477 0 0 0 1 
0.319895 0.000324175 0.947453 1.17646 0.0367066 0.999245 -0.0127354 -0.386824 -0.946742 0.0388518 0.319642 19.638 0 0 0 1 
0.332681 0.00112562 0.943039 1.82199 0.034744 0.999306 -0.0134496 -0.432114 -0.942399 0.0372394 0.332411 19.8603 0 0 0 1 
0.364404 0.00387391 0.931233 3.73686 0.0294421 0.999444 -0.0156788 -0.571319 -0.930775 0.0331308 0.364087 20.565 0 0 0 1 
0.373406 0.0100812 0.927613 4.49961 0.0335148 0.999142 -0.0243498 -0.626527 -0.927062 0.0401811 0.372748 20.8541 0 0 0 1 
0.401696 0.00133662 0.915772 6.03577 0.0264977 0.999563 -0.0130819 -0.726759 -0.91539 0.0295208 0.401485 21.4878 0 0 0 1 
0.434904 0.00736498 0.900447 6.67591 0.0299266 0.999296 -0.0226276 -0.774919 -0.89998 0.0367881 0.434377 21.8014 0 0 0 1 
0.508584 0.00355267 0.861005 7.77931 0.0243715 0.999531 -0.0185202 -0.854336 -0.860667 0.0304031 0.508259 22.4541 0 0 0 1 
0.550336 0.00791654 0.834905 8.27694 0.0184603 0.999595 -0.0216464 -0.900046 -0.834739 0.0273255 0.549968 22.8127 0 0 0 1 
0.596322 0.00538708 0.802727 8.73708 0.0179098 0.999639 -0.0200132 -0.942044 -0.802546 0.0263111 0.59601 23.1904 0 0 0 1 
0.630368 0.0025796 0.776292 9.09579 0.0131477 0.999816 -0.0139986 -0.970952 -0.776185 0.0190308 0.630218 23.5183 0 0 0 1 
0.66124 0.00522061 0.750156 9.44566 0.0129299 0.999748 -0.0183549 -1.00488 -0.750063 0.0218364 0.661006 23.8588 0 0 0 1 
0.708041 0.00768959 0.706129 10.1363 0.00233302 0.99991 -0.0132281 -1.06754 -0.706167 0.0110135 0.707959 24.5978 0 0 0 1 
0.722858 0.00896451 0.690938 10.4959 0.00320139 0.999862 -0.0163219 -1.1029 -0.690989 0.0140104 0.722729 24.9896 0 0 0 1 
0.73311 0.0126556 0.679992 10.8544 0.000211091 0.999823 -0.0188357 -1.1413 -0.68011 0.0139521 0.732977 25.3894 0 0 0 1 
0.743858 0.00976383 0.668267 11.28 0.00572857 0.999763 -0.0209838 -1.18581 -0.668314 0.0194372 0.743626 25.8594 0 0 0 1 
0.752725 0.012066 0.658225 11.6768 -0.00313583 0.999886 -0.0147431 -1.22708 -0.658328 0.00903339 0.752677 26.3298 0 0 0 1 
0.762369 0.00753184 0.647098 12.0791 0.00336586 0.999873 -0.0156034 -1.26837 -0.647133 0.0140736 0.762247 26.7998 0 0 0 1 
0.7837 0.00903613 0.621074 12.8443 -4.86417e-05 0.999895 -0.0144863 -1.35602 -0.621139 0.0113227 0.783618 27.7634 0 0 0 1 
0.79416 0.0150694 0.607522 13.1548 -0.00269151 0.99977 -0.0212806 -1.39729 -0.607703 0.015265 0.794017 28.1833 0 0 0 1 
0.807627 0.011085 0.589589 13.4759 -0.00354508 0.999897 -0.0139431 -1.43172 -0.589683 0.0091707 0.807583 28.638 0 0 0 1 
0.82007 0.00938146 0.572186 13.7646 -0.00409145 0.999936 -0.0105308 -1.46421 -0.572249 0.00629493 0.820056 29.0649 0 0 0 1 
0.833266 0.0130733 0.552718 14.0329 -0.00728062 0.999893 -0.0126741 -1.50018 -0.552824 0.00653676 0.833272 29.489 0 0 0 1 
0.867099 0.0173504 0.497834 14.5129 -0.00877062 0.99977 -0.0195676 -1.57036 -0.498059 0.0126007 0.867051 30.3598 0 0 0 1 
0.885328 0.014543 0.46474 14.7251 -0.00827036 0.999845 -0.0155329 -1.59777 -0.464894 0.00990817 0.885311 30.81 0 0 0 1 
0.919551 0.0192508 0.3925 15.0376 -0.0192673 0.999807 -0.00389774 -1.64351 -0.392499 -0.00397825 0.919744 31.6533 0 0 0 1 
0.938555 0.0210165 0.344489 15.1886 -0.0202062 0.999778 -0.00594277 -1.6719 -0.344537 -0.0013832 0.938772 32.1637 0 0 0 1 
0.955142 0.0209495 0.295405 15.3185 -0.0192828 0.999777 -0.00855457 -1.70064 -0.295518 0.0024746 0.955334 32.6875 0 0 0 1 
0.967776 0.0242172 0.250644 15.4327 -0.0237591 0.999706 -0.00485364 -1.72691 -0.250687 -0.00125784 0.968067 33.1748 0 0 0 1 
0.982706 0.0269818 0.183198 15.6137 -0.0263742 0.999636 -0.00575316 -1.78452 -0.183286 0.000821974 0.983059 34.1807 0 0 0 1 
0.985581 0.0222362 0.167735 15.8173 -0.021725 0.999752 -0.00488254 -1.84181 -0.167802 0.00116809 0.98582 35.2084 0 0 0 1 
0.983295 0.0271698 0.179977 15.9359 -0.0254871 0.999607 -0.0116556 -1.87979 -0.180223 0.00687377 0.983602 35.632 0 0 0 1 
0.979365 0.017083 0.201376 16.1125 -0.0148027 0.999808 -0.012824 -1.91959 -0.201556 0.00957846 0.97943 36.1963 0 0 0 1 
0.971643 0.0165862 0.235869 16.5433 -0.0146549 0.999843 -0.00993863 -2.01866 -0.235996 0.00620017 0.971734 37.6741 0 0 0 1 
0.972163 0.0133637 0.233925 16.717 -0.0121468 0.999904 -0.00664179 -2.06007 -0.233991 0.00361546 0.972232 38.2552 0 0 0 1 
0.980618 0.00954243 0.195697 17.1337 -0.008037 0.999932 -0.00848531 -2.17726 -0.195764 0.00674803 0.980628 40.0164 0 0 0 1 
0.987237 0.0190461 0.158116 17.3611 -0.0187169 0.999818 -0.00357094 -2.27122 -0.158155 0.000565923 0.987414 41.2549 0 0 0 1 
0.988995 0.020193 0.146565 17.3998 -0.0207488 0.999782 0.0022642 -2.2851 -0.146487 -0.00528034 0.989198 41.5895 0 0 0 1 
0.990522 0.0170029 0.136295 17.4277 -0.0163517 0.999849 -0.00589625 -2.29994 -0.136375 0.00361171 0.990651 41.8454 0 0 0 1 
0.992531 0.0161222 0.120921 17.5565 -0.0173256 0.99981 0.00890743 -2.33982 -0.120754 -0.0109359 0.992622 42.9091 0 0 0 1 
0.993282 0.016865 0.114486 17.6061 -0.0174364 0.99984 0.00399143 -2.35903 -0.1144 -0.00596083 0.993417 43.3807 0 0 0 1 
0.993891 0.0176589 0.108946 17.7921 -0.017278 0.999841 -0.0044392 -2.43829 -0.109007 0.0025297 0.994038 44.9213 0 0 0 1 
0.993421 0.0183535 0.113038 17.8908 -0.0181445 0.999831 -0.00287723 -2.47534 -0.113072 0.000807269 0.993586 45.7603 0 0 0 1 
0.992921 0.0192242 0.117207 18.0269 -0.0191501 0.999815 -0.00175912 -2.52426 -0.117219 -0.000497849 0.993106 46.82 0 0 0 1 
0.99262 0.0127654 0.12059 18.3553 -0.0129827 0.999915 0.00101715 -2.64071 -0.120567 -0.00257523 0.992702 49.2126 0 0 0 1 
0.992213 0.0148127 0.123669 18.4699 -0.0149063 0.999889 -0.000168471 -2.68513 -0.123658 -0.00167629 0.992323 50.0943 0 0 0 1 
0.992115 0.0114899 0.124806 18.6355 -0.0116144 0.999933 0.00026957 -2.7429 -0.124794 -0.00171698 0.992181 51.2873 0 0 0 1 
0.991882 0.0143838 0.126349 18.8065 -0.0147342 0.99989 0.00183901 -2.78782 -0.126309 -0.00368573 0.991984 52.3726 0 0 0 1 
0.992686 0.0127863 0.120042 18.974 -0.0133224 0.999905 0.00366432 -2.83486 -0.119983 -0.00523676 0.992762 53.4653 0 0 0 1 
0.994322 0.0152348 0.105313 19.1053 -0.0150091 0.999883 -0.00293543 -2.90077 -0.105345 0.00133811 0.994435 54.4159 0 0 0 1 
0.994357 0.0170048 0.104712 19.32 -0.0167895 0.999855 -0.00293704 -2.98022 -0.104747 0.0011624 0.994498 56.4903 0 0 0 1 
0.994245 0.0182072 0.105569 19.4112 -0.0172862 0.999804 -0.00963309 -3.02294 -0.105723 0.00775277 0.994365 57.3056 0 0 0 1 
0.993007 0.0162324 0.116938 19.5311 -0.0164635 0.999864 0.00101041 -3.06654 -0.116906 -0.00292854 0.993139 58.2378 0 0 0 1 
0.99198 0.0184327 0.125043 19.6844 -0.0177747 0.999822 -0.00637584 -3.13169 -0.125138 0.00410209 0.992131 59.2763 0 0 0 1 
0.991964 0.0123975 0.125909 19.9213 -0.0135158 0.999876 0.00803141 -3.20211 -0.125794 -0.00966864 0.992009 60.881 0 0 0 1 
0.993576 0.0157973 0.112058 19.9956 -0.0156166 0.999875 -0.00249019 -3.23874 -0.112084 0.000724225 0.993699 61.5221 0 0 0 1 
0.994679 0.0192813 0.101203 20.0668 -0.0190833 0.999814 -0.00292513 -3.27208 -0.10124 0.000978284 0.994862 62.2178 0 0 0 1 
0.995825 0.020424 0.0889673 20.1259 -0.0203205 0.999791 -0.00206876 -3.30327 -0.088991 0.000252261 0.996032 62.8602 0 0 0 1 
0.99678 0.0198356 0.0776878 20.1764 -0.0200195 0.999798 0.00158876 -3.33238 -0.0776406 -0.00313892 0.996976 63.4805 0 0 0 1 
0.997577 0.0222747 0.0659113 20.2282 -0.0227672 0.999718 0.00672996 -3.36457 -0.0657428 -0.00821427 0.997803 64.2384 0 0 0 1 
0.998021 0.0232834 0.0584084 20.2783 -0.0239774 0.99965 0.0112095 -3.39585 -0.0581269 -0.0125878 0.99823 65.0011 0 0 0 1 
0.998256 0.0220852 0.0547437 20.3265 -0.0220671 0.999756 -0.000936918 -3.4341 -0.054751 -0.000272747 0.9985 65.7102 0 0 0 1 
0.998062 0.0186861 0.0593475 20.3828 -0.0187585 0.999824 0.000661891 -3.46688 -0.0593247 -0.00177388 0.998237 66.3564 0 0 0 1 
0.997309 0.0196664 0.0706326 20.4475 -0.02017 0.999776 0.00642479 -3.49476 -0.0704904 -0.00783216 0.997482 67.0367 0 0 0 1 
0.995493 0.0188304 0.0929457 20.5379 -0.0198217 0.999756 0.00975369 -3.5263 -0.0927394 -0.0115521 0.995623 67.7225 0 0 0 1 
0.993959 0.0179868 0.108266 20.6148 -0.0189551 0.999789 0.00792168 -3.54989 -0.108101 -0.00992603 0.99409 68.2316 0 0 0 1 
0.992201 0.0197584 0.123068 20.7063 -0.0200743 0.999798 0.00132783 -3.58104 -0.123017 -0.00378799 0.992397 68.7946 0 0 0 1 
0.991092 0.0168573 0.132109 20.8076 -0.0172313 0.99985 0.00168785 -3.61097 -0.132061 -0.00394923 0.991234 69.4013 0 0 0 1 
0.99139 0.0171832 0.129807 20.8889 -0.0173374 0.99985 5.72567e-05 -3.63939 -0.129787 -0.00230728 0.991539 69.9584 0 0 0 1 
0.992718 0.0192564 0.118916 20.9569 -0.0197514 0.9998 0.00298532 -3.66155 -0.118834 -0.00531233 0.9929 70.5261 0 0 0 1 
0.994908 0.0191864 0.0989414 21.0256 -0.0197363 0.999795 0.00458269 -3.69481 -0.0988332 -0.0065121 0.995083 71.2339 0 0 0 1 
0.996538 0.0179022 0.0811927 21.0886 -0.0183376 0.999821 0.00462082 -3.72657 -0.0810954 -0.0060937 0.996688 71.9643 0 0 0 1 
0.998014 0.0216969 0.0591327 21.1776 -0.0222242 0.999719 0.00827354 -3.78808 -0.0589365 -0.00957129 0.998216 73.2951 0 0 0 1 
0.998592 0.0228685 0.0478686 21.286 -0.0230609 0.999728 0.00346959 -3.86744 -0.0477762 -0.0045686 0.998848 75.0926 0 0 0 1 
0.997612 0.0213239 0.0656993 21.4406 -0.0222914 0.999653 0.014028 -3.93343 -0.0653774 -0.015459 0.997741 76.8903 0 0 0 1 
0.99663 0.0210354 0.0792799 21.543 -0.021544 0.999752 0.00556536 -3.9832 -0.0791432 -0.00725461 0.996837 77.872 0 0 0 1 
0.994614 0.02027 0.101644 21.7362 -0.0212772 0.999735 0.00883402 -4.05173 -0.101438 -0.0109491 0.994782 79.4422 0 0 0 1 
0.993568 0.0238403 0.110702 21.8396 -0.0246261 0.99968 0.00573615 -4.08957 -0.11053 -0.00842541 0.993837 80.2347 0 0 0 1 
0.99129 0.018008 0.130462 22.0661 -0.0188234 0.99981 0.00501925 -4.1615 -0.130347 -0.00743128 0.991441 81.6675 0 0 0 1 
0.99041 0.0157462 0.137258 22.1666 -0.0163396 0.999861 0.00319788 -4.18768 -0.137188 -0.00540995 0.99053 82.264 0 0 0 1 
0.989783 0.0197425 0.14121 22.2622 -0.0200038 0.9998 0.000431247 -4.21927 -0.141173 -0.00325158 0.98998 82.8697 0 0 0 1 
0.990001 0.0219592 0.139343 22.4386 -0.0216566 0.999759 -0.00368768 -4.27813 -0.139391 0.000633103 0.990237 84.0085 0 0 0 1 
0.990504 0.0143312 0.136737 22.5365 -0.0151011 0.999875 0.00459508 -4.30085 -0.136655 -0.00661633 0.990597 84.5979 0 0 0 1 
0.989967 0.0188434 0.14004 22.8668 -0.018838 0.999822 -0.00136424 -4.42086 -0.14004 -0.00128751 0.990145 86.7376 0 0 0 1 
0.989254 0.0261285 0.143851 23.0296 -0.0258587 0.999659 -0.00374482 -4.47988 -0.1439 -1.52261e-05 0.989592 87.7875 0 0 0 1 
0.984482 0.0212264 0.174198 23.4916 -0.0223669 0.999739 0.00458648 -4.59657 -0.174055 -0.00841156 0.9847 90.2698 0 0 0 1 
0.981017 0.0165241 0.193215 23.7217 -0.0180778 0.999817 0.00628056 -4.64242 -0.193076 -0.00965423 0.981136 91.2528 0 0 0 1 
0.97642 0.0153419 0.215333 23.989 -0.0154839 0.99988 -0.00102768 -4.69639 -0.215323 -0.00233075 0.97654 92.3154 0 0 0 1 
0.971852 0.0149944 0.235114 24.2529 -0.0147288 0.999887 -0.00288588 -4.74968 -0.235131 -0.0006583 0.971963 93.2832 0 0 0 1 
0.964163 0.0170686 0.26476 24.72 -0.0164707 0.999854 -0.00447823 -4.83592 -0.264798 -4.30345e-05 0.964304 94.8517 0 0 0 1 
0.961602 0.0155526 0.274005 24.956 -0.013886 0.999871 -0.00802078 -4.87965 -0.274095 0.00390796 0.961695 95.5902 0 0 0 1 
0.960702 0.0130746 0.277275 25.2483 -0.0130865 0.999913 -0.00180779 -4.92849 -0.277274 -0.00189181 0.960789 96.5302 0 0 0 1 
0.960602 0.0108032 0.277717 25.5562 -0.0107176 0.999941 -0.00182641 -4.98082 -0.27772 -0.001222 0.960661 97.5347 0 0 0 1 
0.940958 0.0116032 0.338325 26.7239 -0.00959483 0.999925 -0.00760799 -5.17178 -0.338388 0.00391263 0.940999 100.895 0 0 0 1 
0.88047 0.00240599 0.474095 28.0686 0.00323396 0.999933 -0.0110806 -5.35868 -0.47409 0.0112893 0.880404 103.355 0 0 0 1 
0.850016 0.00172001 0.526754 28.7479 0.00141595 0.999984 -0.00555016 -5.43437 -0.526755 0.00546358 0.85 104.348 0 0 0 1 
0.818631 0.00436546 0.574303 29.3369 -0.00108033 0.999981 -0.00606124 -5.49687 -0.574319 0.00434148 0.81862 105.103 0 0 0 1 
0.790604 0.000559176 0.612327 29.8586 0.00492433 0.999961 -0.0072712 -5.54775 -0.612307 0.00876394 0.790571 105.694 0 0 0 1 
0.763306 -0.00311759 0.64603 30.3597 0.00851841 0.99995 -0.00523926 -5.58997 -0.645981 0.0095023 0.763294 106.218 0 0 0 1 
0.733534 -0.0018279 0.67965 30.8872 0.0127712 0.999857 -0.0110947 -5.63802 -0.679533 0.0168183 0.733452 106.722 0 0 0 1 
0.674852 -0.0048496 0.737938 31.9473 0.0194959 0.999747 -0.011259 -5.71663 -0.737696 0.0219849 0.674775 107.614 0 0 0 1 
0.645275 -0.00705823 0.763918 32.4622 0.0214262 0.999731 -0.00886155 -5.7509 -0.76365 0.022086 0.645253 107.995 0 0 0 1 
0.616665 -0.0110257 0.787149 32.9839 0.0311641 0.99946 -0.0104148 -5.78527 -0.786609 0.0309532 0.616675 108.342 0 0 0 1 
0.58631 -0.0117098 0.810002 33.5146 0.0304415 0.999508 -0.00758535 -5.82032 -0.809515 0.0291051 0.586378 108.676 0 0 0 1 
0.560155 -0.0102037 0.828325 33.9797 0.033431 0.999388 -0.0102968 -5.85308 -0.827713 0.0334595 0.560153 108.944 0 0 0 1 
0.533538 -0.0112931 0.845701 34.4408 0.0308021 0.999507 -0.00608552 -5.88211 -0.845215 0.0292963 0.533622 109.197 0 0 0 1 
0.476635 -0.0103967 0.87904 35.4094 0.0361881 0.999315 -0.00780272 -5.94185 -0.878356 0.0355298 0.476685 109.66 0 0 0 1 
0.44725 -0.013042 0.894314 35.9065 0.0327511 0.999462 -0.00180359 -5.97059 -0.893809 0.0300964 0.447437 109.873 0 0 0 1 
0.418241 -0.00665784 0.908312 36.3853 0.0362963 0.999297 -0.0093882 -6.0014 -0.907611 0.0368948 0.418188 110.048 0 0 0 1 
0.38923 -0.0142712 0.92103 36.8922 0.0367845 0.999323 -6.09666e-05 -6.02686 -0.920406 0.0339034 0.389492 110.223 0 0 0 1 
0.359664 -0.0116409 0.933009 37.3852 0.0389387 0.999238 -0.00254322 -6.05883 -0.932269 0.0372448 0.359844 110.369 0 0 0 1 
0.339109 -0.00415104 0.940738 38.5724 0.0420858 0.999056 -0.0107624 -6.13125 -0.939805 0.0432413 0.338964 110.741 0 0 0 1 
0.360884 -0.0128357 0.932522 39.1945 0.0413504 0.999142 -0.00224981 -6.16376 -0.931694 0.0393721 0.361105 110.984 0 0 0 1 
0.376626 -0.0149854 0.926244 39.732 0.0445769 0.999004 -0.00196313 -6.19217 -0.925292 0.0420285 0.376919 111.203 0 0 0 1 
0.390733 -0.0140136 0.920398 40.2742 0.0392853 0.999227 -0.00146376 -6.22625 -0.919666 0.03673 0.390981 111.437 0 0 0 1 
0.405226 -0.0127523 0.914128 40.8221 0.045681 0.998936 -0.00631465 -6.26158 -0.913075 0.0443172 0.405377 111.672 0 0 0 1 
0.416124 -0.00927577 0.909261 41.4696 0.0440699 0.998979 -0.00997759 -6.30695 -0.908239 0.0442229 0.416108 111.963 0 0 0 1 
0.41589 -0.0102854 0.909357 42.8173 0.0380888 0.999256 -0.00611757 -6.38902 -0.908617 0.0371805 0.415972 112.56 0 0 0 1 
0.392889 -0.00878985 0.919544 43.3331 0.0432516 0.999024 -0.0089303 -6.41783 -0.918568 0.0432804 0.392886 112.743 0 0 0 1 
0.332127 -0.00378586 0.943227 44.4104 0.0475087 0.99879 -0.0127198 -6.48575 -0.942037 0.0490361 0.331905 113.06 0 0 0 1 
0.302494 -0.00458096 0.95314 44.9273 0.0472845 0.998829 -0.0102059 -6.51513 -0.951978 0.048156 0.302356 113.186 0 0 0 1 
0.271762 -0.00947798 0.962318 45.4314 0.0436215 0.999045 -0.00247913 -6.54068 -0.961375 0.0426514 0.271916 113.292 0 0 0 1 
0.207373 -0.00993227 0.978212 46.5223 0.0520396 0.998645 -0.000892228 -6.59803 -0.976877 0.0510907 0.207609 113.456 0 0 0 1 
0.176628 -0.00718396 0.984252 47.0282 0.0527239 0.998607 -0.00217275 -6.62507 -0.982865 0.0522773 0.17676 113.508 0 0 0 1 
0.149097 -0.0056758 0.988806 47.4987 0.0557119 0.998443 -0.00266941 -6.65112 -0.987252 0.0554863 0.149181 113.541 0 0 0 1 
0.0949477 -0.00303683 0.995478 48.3861 0.0573948 0.998349 -0.00242867 -6.69802 -0.993826 0.0573659 0.0949652 113.571 0 0 0 1 
0.0684381 -0.00447184 0.997645 48.8134 0.058306 0.998299 0.000474997 -6.71743 -0.99595 0.0581362 0.0685824 113.566 0 0 0 1 
0.0162929 -0.00583517 0.99985 49.6602 0.059392 0.998223 0.00485786 -6.75653 -0.998102 0.059304 0.0166105 113.527 0 0 0 1 
-0.00956157 0.00057101 0.999954 50.0758 0.0639352 0.997954 4.14808e-05 -6.77879 -0.997908 0.0639326 -0.00957852 113.486 0 0 0 1 
-0.0632242 -0.00776698 0.997969 50.9172 0.0651108 0.997807 0.0118907 -6.8142 -0.995873 0.0657304 -0.0625799 113.382 0 0 0 1 
-0.0864104 -0.00463529 0.996249 51.3242 0.0702566 0.997471 0.0107347 -6.83287 -0.993779 0.0709206 -0.0858663 113.312 0 0 0 1 
-0.117581 0.00134578 0.993062 52.1274 0.0691061 0.997586 0.0068304 -6.86735 -0.990656 0.0694298 -0.11739 113.178 0 0 0 1 
-0.126171 0.00734174 0.991981 52.4327 0.0705352 0.997508 0.00158883 -6.88353 -0.989498 0.0701701 -0.126375 113.12 0 0 0 1 
-0.131241 0.00621342 0.991331 52.754 0.0705215 0.997505 0.00308414 -6.89695 -0.988839 0.0703149 -0.131352 113.064 0 0 0 1 
-0.138021 6.26645e-05 0.990429 53.3845 0.073368 0.997253 0.0101611 -6.92171 -0.987708 0.0740683 -0.137647 112.952 0 0 0 1 
-0.138431 0.00445881 0.990362 53.7087 0.0743548 0.997214 0.00590356 -6.93577 -0.987577 0.0744554 -0.138377 112.897 0 0 0 1 
-0.125398 0.00320731 0.992101 54.3022 0.0735108 0.997276 0.00606748 -6.96159 -0.989379 0.073691 -0.125292 112.818 0 0 0 1 
-0.119053 0.00406071 0.99288 54.4844 0.070374 0.997511 0.0043587 -6.97129 -0.990391 0.0703919 -0.119043 112.8 0 0 0 1 
-0.107958 0.00166452 0.994154 54.7455 0.0706341 0.997484 0.0060003 -6.9806 -0.991643 0.070869 -0.107804 112.775 0 0 0 1 
-0.0907975 0.0038531 0.995862 55.0806 0.0718046 0.997415 0.00268766 -6.99546 -0.993277 0.0717515 -0.0908395 112.751 0 0 0 1 
-0.0620979 0.000638442 0.99807 55.6385 0.0663789 0.997788 0.0034917 -7.02263 -0.99586 0.0664676 -0.0620029 112.732 0 0 0 1 
-0.0483083 0.00224565 0.99883 55.9118 0.0669414 0.997756 0.000994383 -7.03471 -0.996587 0.0669111 -0.0483503 112.724 0 0 0 1 
-0.0215678 -0.0077734 0.999737 56.4781 0.0662006 0.997764 0.00918624 -7.05548 -0.997573 0.0663814 -0.021005 112.719 0 0 0 1 
-0.0111922 -0.00577459 0.999921 56.7437 0.0643984 0.997903 0.00648376 -7.06857 -0.997862 0.0644659 -0.0107968 112.72 0 0 0 1 
-0.000388243 -0.00982666 0.999952 57.021 0.0653736 0.997812 0.00983102 -7.07991 -0.997861 0.0653742 0.00025501 112.721 0 0 0 1 
0.0141028 -0.00248321 0.999897 57.3946 0.0643419 0.997927 0.00157082 -7.10738 -0.997828 0.0643132 0.0142333 112.729 0 0 0 1 
0.0351941 -0.00502622 0.999368 58.2553 0.0585866 0.998278 0.00295753 -7.15966 -0.997662 0.0584454 0.0354279 112.76 0 0 0 1 
0.0368795 -0.00462435 0.999309 58.7291 0.0604454 0.998169 0.00238833 -7.18759 -0.99749 0.0603155 0.0370915 112.766 0 0 0 1 
0.036781 -0.00102645 0.999323 59.2915 0.0563708 0.998409 -0.00104927 -7.2192 -0.997732 0.0563712 0.0367804 112.78 0 0 0 1 
0.030614 -0.00874808 0.999493 59.8755 0.0566483 0.99837 0.00700314 -7.24055 -0.997925 0.0564052 0.0310596 112.783 0 0 0 1 
-0.00941377 -0.0064107 0.999935 62.8976 0.0650723 0.997856 0.00700998 -7.3739 -0.997836 0.065134 -0.00897642 112.709 0 0 0 1 
-0.0301031 -0.000385676 0.999547 64.4346 0.0682162 0.997668 0.0024394 -7.44097 -0.997216 0.0682587 -0.0300066 112.62 0 0 0 1 
-0.0802931 -0.00369163 0.996764 67.7625 0.0669118 0.997718 0.00908515 -7.57383 -0.994523 0.0674247 -0.0798628 112.305 0 0 0 1 
-0.100363 0.000719386 0.994951 69.0812 0.0712632 0.997437 0.00646729 -7.6238 -0.992396 0.0715524 -0.100157 112.126 0 0 0 1 
-0.149261 -0.00354503 0.988792 72.6456 0.068952 0.997522 0.0139848 -7.74596 -0.986391 0.0702665 -0.148646 111.52 0 0 0 1 
-0.142719 -0.00712062 0.989738 75.7416 0.0648725 0.997757 0.0165329 -7.84363 -0.987635 0.0665663 -0.141937 111.003 0 0 0 1 
-0.134438 -0.002965 0.990918 77.4859 0.0695284 0.997503 0.0124177 -7.89893 -0.98848 0.0705663 -0.133896 110.717 0 0 0 1 
-0.130193 -0.00842077 0.991453 79.3251 0.0675892 0.997562 0.0173482 -7.95139 -0.989182 0.0692702 -0.129307 110.429 0 0 0 1 
-0.144166 -0.00455793 0.989543 84.0813 0.06865 0.997534 0.0145963 -8.10345 -0.987169 0.0700364 -0.143497 109.615 0 0 0 1 
-0.125835 -0.00144984 0.99205 86.2595 0.0701819 0.99748 0.0103599 -8.18482 -0.989566 0.0709276 -0.125416 109.273 0 0 0 1 
