0.999967 0.00125887 -0.0079745 -0.0201324 -0.00128311 0.999995 -0.00303579 -0.00292726 0.00797063 0.00304592 0.999964 1.40162 0 0 0 1 
0.999401 0.00668564 -0.0339504 -0.101662 -0.00693957 0.999949 -0.00736715 -0.0304622 0.0338994 0.00759834 0.999396 4.39586 0 0 0 1 
0.998442 0.00833606 -0.0551652 -0.263395 -0.00835676 0.999965 -0.000144544 -0.0685341 0.0551621 0.000605321 0.998477 7.62041 0 0 0 1 
0.997861 0.00591692 -0.0651104 -0.363606 -0.00577552 0.999981 0.00235972 -0.0804789 0.0651231 -0.00197862 0.997875 9.2929 0 0 0 1 
0.997313 0.00686832 -0.072937 -0.421898 -0.00647841 0.999963 0.00558111 -0.0860736 0.0729727 -0.0050936 0.997321 10.1501 0 0 0 1 
0.996536 0.00896468 -0.0826734 -0.635143 -0.00884397 0.999959 0.0018262 -0.099828 0.0826864 -0.00108871 0.996575 12.783 0 0 0 1 
0.995822 0.0145279 -0.0901536 -0.805197 -0.0146734 0.999892 -0.000952274 -0.109574 0.09013 0.00227116 0.995927 14.5905 0 0 0 1 
0.995292 0.0143795 -0.095849 -0.894125 -0.0145175 0.999894 -0.000741888 -0.118415 0.0958282 0.00212988 0.995396 15.5125 0 0 0 1 
0.994661 0.0155066 -0.102024 -1.08779 -0.0155672 0.999879 0.000202029 -0.136391 0.102014 0.00138728 0.994782 17.3808 0 0 0 1 
0.994107 0.0160961 -0.107204 -1.19052 -0.0163219 0.999866 -0.00122925 -0.146528 0.10717 0.00297178 0.994236 18.3224 0 0 0 1 
0.993605 0.0156689 -0.111818 -1.40461 -0.0157766 0.999876 -7.76782e-05 -0.164319 0.111803 0.00184129 0.993729 20.2353 0 0 0 1 
0.993274 0.0179929 -0.11438 -1.52068 -0.017808 0.999838 0.00263836 -0.173648 0.114409 -0.000583734 0.993434 21.2055 0 0 0 1 
0.993667 0.019379 -0.110684 -1.97461 -0.0186714 0.999798 0.00742617 -0.189926 0.110805 -0.00531252 0.993828 25.1448 0 0 0 1 
0.993927 0.0173766 -0.108659 -2.31293 -0.0173538 0.999849 0.00115546 -0.206513 0.108663 0.000737205 0.994078 28.1558 0 0 0 1 
0.993878 0.0131022 -0.109702 -2.5368 -0.012102 0.999879 0.00977849 -0.221034 0.109817 -0.00839102 0.993916 30.2027 0 0 0 1 
0.993853 0.00643097 -0.110519 -2.64224 -0.00550992 0.999948 0.00863728 -0.225085 0.110569 -0.00797524 0.993836 31.2269 0 0 0 1 
0.993622 0.00488767 -0.112658 -2.87695 -0.00483255 0.999988 0.000762334 -0.233639 0.11266 -0.000213048 0.993634 33.2779 0 0 0 1 
0.993495 0.00702684 -0.113657 -3.00055 -0.00705678 0.999975 0.000138963 -0.241214 0.113655 0.000663991 0.99352 34.3132 0 0 0 1 
0.993542 0.00790612 -0.113186 -3.1235 -0.00778852 0.999969 0.00148115 -0.250822 0.113195 -0.000590029 0.993573 35.3532 0 0 0 1 
0.993539 0.0119395 -0.112857 -3.25222 -0.0115479 0.999925 0.00412311 -0.261759 0.112898 -0.00279321 0.993603 36.3975 0 0 0 1 
0.993512 0.0144072 -0.112811 -3.62744 -0.0132258 0.99985 0.0112136 -0.281978 0.112956 -0.00964879 0.993553 39.5358 0 0 0 1 
0.993568 0.0210853 -0.111257 -3.75868 -0.0197412 0.999718 0.013169 -0.283903 0.111503 -0.010888 0.993704 40.5761 0 0 0 1 
0.993677 0.0235017 -0.109787 -4.24074 -0.0225736 0.999698 0.00968837 -0.296129 0.109982 -0.00714882 0.993908 44.6996 0 0 0 1 
0.993834 0.0224398 -0.108581 -4.35429 -0.0213826 0.999712 0.0108915 -0.299445 0.108794 -0.00850258 0.994028 45.7271 0 0 0 1 
0.993952 0.0238303 -0.107196 -4.4701 -0.0226799 0.999672 0.0119378 -0.304168 0.107445 -0.00943439 0.994166 46.7483 0 0 0 1 
0.994048 0.0269752 -0.10555 -4.58785 -0.0262313 0.99962 0.00843028 -0.31064 0.105737 -0.0056114 0.994378 47.7567 0 0 0 1 
0.994103 0.0281883 -0.104716 -4.7026 -0.0278997 0.999602 0.00422014 -0.315347 0.104793 -0.00127372 0.994493 48.761 0 0 0 1 
0.99419 0.0286376 -0.103755 -4.92234 -0.0280835 0.999582 0.00679787 -0.332187 0.103907 -0.00384457 0.99458 50.7668 0 0 0 1 
0.994343 0.0276435 -0.10256 -5.02697 -0.0267665 0.999593 0.00991813 -0.339276 0.102792 -0.00711686 0.994677 51.7635 0 0 0 1 
0.994462 0.0266401 -0.101665 -5.13052 -0.025695 0.999614 0.0105945 -0.345399 0.101908 -0.00792356 0.994762 52.7529 0 0 0 1 
0.994586 0.0242986 -0.101034 -5.23121 -0.0234688 0.99968 0.00939374 -0.351458 0.10123 -0.00697173 0.994839 53.7369 0 0 0 1 
0.994649 0.0223864 -0.100858 -5.33036 -0.0216883 0.999733 0.00801279 -0.356981 0.10101 -0.00578248 0.994869 54.7166 0 0 0 1 
0.994578 0.0188844 -0.102263 -5.53072 -0.0175943 0.999754 0.0135029 -0.364591 0.102492 -0.0116304 0.994666 56.678 0 0 0 1 
0.994574 0.0189214 -0.102297 -5.63059 -0.0171136 0.999682 0.0185211 -0.364048 0.102614 -0.0166699 0.994582 57.6576 0 0 0 1 
0.994499 0.0215618 -0.102507 -5.73596 -0.019521 0.999592 0.0208706 -0.362762 0.102915 -0.0187548 0.994513 58.6275 0 0 0 1 
0.994308 0.0233742 -0.103945 -5.84061 -0.0217175 0.999619 0.0170418 -0.362385 0.104303 -0.0146874 0.994437 59.5843 0 0 0 1 
0.994091 0.0255014 -0.10551 -5.94685 -0.0246451 0.999652 0.00941172 -0.361766 0.105713 -0.00675581 0.994374 60.5278 0 0 0 1 
0.99391 0.027967 -0.10659 -6.0542 -0.0276172 0.999607 0.00475689 -0.365512 0.106681 -0.0017842 0.994292 61.4652 0 0 0 1 
0.993602 0.0338063 -0.107764 -6.16586 -0.0334029 0.999427 0.00554644 -0.37326 0.10789 -0.00191131 0.994161 62.3952 0 0 0 1 
0.993025 0.0407374 -0.110639 -6.48715 -0.0399411 0.999158 0.00940518 -0.398529 0.110929 -0.00492052 0.993816 65.1019 0 0 0 1 
0.992571 0.0440992 -0.113392 -6.69551 -0.0431593 0.999011 0.0107315 -0.412138 0.113753 -0.00575792 0.993492 66.8331 0 0 0 1 
0.991824 0.0491941 -0.11775 -7.10893 -0.0472037 0.998692 0.0196346 -0.425495 0.118562 -0.0139158 0.992849 70.1422 0 0 0 1 
0.991173 0.0558057 -0.120257 -7.31576 -0.0541204 0.998386 0.0172374 -0.427704 0.121025 -0.0105769 0.992593 71.698 0 0 0 1 
0.990554 0.059123 -0.123722 -7.69902 -0.058693 0.998251 0.00712077 -0.444631 0.123926 0.000208084 0.992291 74.5638 0 0 0 1 
0.990487 0.0569891 -0.125253 -7.87235 -0.0566296 0.998375 0.00643189 -0.467598 0.125416 0.000722357 0.992104 75.8756 0 0 0 1 
0.991258 0.0454098 -0.123874 -8.01591 -0.0462164 0.998925 -0.00364396 -0.484975 0.123575 0.00933709 0.992291 77.1062 0 0 0 1 
0.993255 0.0486282 -0.105257 -8.2847 -0.0482762 0.998817 0.00589077 -0.519819 0.105419 -0.000769635 0.994428 79.397 0 0 0 1 
0.995143 0.0485902 -0.0856164 -8.37243 -0.0480328 0.998809 0.00855968 -0.537466 0.0859304 -0.00440571 0.996291 80.457 0 0 0 1 
0.998515 0.0543357 -0.00383946 -8.41544 -0.0543097 0.998502 0.00657837 -0.55784 0.00419115 -0.00636008 0.999971 82.4153 0 0 0 1 
0.996805 0.0534968 0.0593036 -8.33467 -0.0539973 0.998517 0.00686951 -0.574358 -0.0588482 -0.0100498 0.998216 83.3253 0 0 0 1 
0.988833 0.054545 0.138688 -8.18174 -0.0556045 0.998446 0.00377313 -0.591246 -0.138267 -0.0114427 0.990329 84.1984 0 0 0 1 
0.970773 0.0571921 0.233083 -7.95006 -0.0581776 0.998303 -0.00265009 -0.616376 -0.232839 -0.0109876 0.972453 85.0238 0 0 0 1 
0.937738 0.0588985 0.342313 -7.62962 -0.0580185 0.998233 -0.0128194 -0.647829 -0.342463 -0.00783924 0.939498 85.7862 0 0 0 1 
0.88679 0.0605498 0.458189 -7.21928 -0.0563253 0.99815 -0.0228924 -0.675264 -0.458727 -0.0055069 0.88856 86.4877 0 0 0 1 
0.854807 0.0592604 0.515552 -6.97904 -0.0525898 0.998236 -0.0275467 -0.697442 -0.516275 -0.00356564 0.856415 86.8125 0 0 0 1 
0.780094 0.0585837 0.622913 -6.44634 -0.048328 0.998274 -0.0333629 -0.749024 -0.623792 -0.0040779 0.781579 87.3994 0 0 0 1 
0.738098 0.0589916 0.672109 -6.15197 -0.0488096 0.998229 -0.0340135 -0.772816 -0.672925 -0.00770003 0.73967 87.6689 0 0 0 1 
0.648366 0.0581549 0.759104 -5.51168 -0.0417395 0.998294 -0.0408286 -0.821824 -0.760184 -0.00521274 0.649687 88.1369 0 0 0 1 
0.602753 0.0566932 0.795911 -5.17032 -0.0349346 0.998391 -0.0446595 -0.848886 -0.797162 -0.000886138 0.603764 88.3344 0 0 0 1 
0.509891 0.0639919 0.857856 -4.47541 -0.0375209 0.997935 -0.0521395 -0.907428 -0.859421 -0.00560207 0.511239 88.6971 0 0 0 1 
0.464865 0.0680404 0.882763 -4.11538 -0.0369099 0.997665 -0.0574598 -0.937544 -0.884612 -0.00587165 0.466291 88.8501 0 0 0 1 
0.350392 0.0579171 0.934811 -2.96161 -0.00545047 0.998195 -0.0598012 -1.01723 -0.936587 0.0158587 0.350076 89.1807 0 0 0 1 
0.231878 0.0825242 0.969238 -1.33531 -0.0169201 0.996586 -0.0808049 -1.17316 -0.972598 0.00233727 0.232483 89.5935 0 0 0 1 
0.189934 0.0969965 0.976994 -0.450437 -0.00081913 0.995123 -0.0986372 -1.24278 -0.981797 0.0179342 0.189087 89.7163 0 0 0 1 
0.170876 0.111786 0.978931 0.00200672 0.00151129 0.993512 -0.113715 -1.27656 -0.985291 0.0209105 0.169598 89.7796 0 0 0 1 
0.153692 0.121917 0.980569 0.475776 -0.000753157 0.992373 -0.123266 -1.33127 -0.988119 0.0182065 0.152612 89.8484 0 0 0 1 
0.138834 0.127981 0.982011 0.970364 -0.00226395 0.991653 -0.128918 -1.4012 -0.990313 0.0156749 0.137965 89.913 0 0 0 1 
0.0917726 0.127292 0.98761 3.09715 0.0113737 0.991597 -0.128863 -1.69191 -0.995715 0.0230589 0.0895537 90.0982 0 0 0 1 
0.0795715 0.130546 0.988244 4.27104 0.0163563 0.991083 -0.132238 -1.85242 -0.996695 0.0266864 0.0767267 90.1802 0 0 0 1 
0.0622026 0.12646 0.99002 6.83758 0.0240742 0.991462 -0.128156 -2.21024 -0.997773 0.0318056 0.0586271 90.3315 0 0 0 1 
0.0574678 0.117075 0.991459 8.24397 0.0277741 0.992528 -0.118812 -2.39925 -0.997961 0.0343647 0.0537868 90.4042 0 0 0 1 
0.0577865 0.108898 0.992372 8.97478 0.032717 0.993292 -0.110904 -2.49017 -0.997793 0.0388762 0.0538361 90.4348 0 0 0 1 
0.0617144 0.100124 0.993059 10.4965 0.0382864 0.993986 -0.102597 -2.66915 -0.997359 0.0443523 0.0575099 90.5149 0 0 0 1 
0.0770528 0.086867 0.993236 13.7433 0.0421069 0.995025 -0.09029 -3.02022 -0.996137 0.0487792 0.0730118 90.7446 0 0 0 1 
0.0826525 0.0782592 0.993501 15.4716 0.0387137 0.995907 -0.0816694 -3.18564 -0.995826 0.0452123 0.0792845 90.8954 0 0 0 1 
0.0853433 0.0812727 0.993031 17.2207 0.034537 0.995827 -0.0844697 -3.35147 -0.995753 0.0415053 0.0821803 91.0598 0 0 0 1 
0.0787635 0.0785772 0.993792 20.7554 0.0221826 0.996504 -0.0805498 -3.70554 -0.996646 0.0283893 0.0767451 91.3935 0 0 0 1 
0.0692178 0.0629625 0.995613 22.5313 0.0216769 0.997676 -0.0646001 -3.87303 -0.997366 0.0260533 0.0676921 91.5416 0 0 0 1 
0.0524971 0.00391828 0.998613 26.0173 0.0119781 0.999918 -0.00455309 -4.15139 -0.998549 0.0122005 0.0524459 91.8067 0 0 0 1 
0.0476255 0.0284805 0.998459 26.8756 0.0141606 0.999474 -0.0291849 -4.16469 -0.998765 0.0155287 0.0471971 91.8572 0 0 0 1 
0.0412579 0.0241618 0.998856 27.7339 0.0162265 0.99956 -0.0248491 -4.20125 -0.999017 0.0172332 0.0408476 91.9004 0 0 0 1 
0.0331175 -0.00484113 0.99944 28.5729 0.0172435 0.999842 0.0042717 -4.23581 -0.999303 0.0170923 0.0331958 91.9357 0 0 0 1 
0.0154543 -0.0421738 0.998991 30.2279 0.0180896 0.998958 0.0418925 -4.25611 -0.999717 0.017424 0.0162011 91.9743 0 0 0 1 
-0.0259407 0.00860279 0.999626 33.4787 0.0182999 0.999799 -0.00812939 -4.16277 -0.999496 0.0180822 -0.0260929 91.9429 0 0 0 1 
-0.0371592 0.0207665 0.999094 34.2834 0.018027 0.999635 -0.0201073 -4.18273 -0.999147 0.0172635 -0.03752 91.9126 0 0 0 1 
-0.04951 0.0181036 0.99861 35.0876 0.0179809 0.99969 -0.0172317 -4.212 -0.998612 0.0171028 -0.0498202 91.872 0 0 0 1 
-0.0625092 -0.00680005 0.998021 35.8818 0.016202 0.999838 0.00782722 -4.23687 -0.997913 0.0166592 -0.0623889 91.8243 0 0 0 1 
-0.10077 0.0172147 0.994761 38.9974 0.0163048 0.999745 -0.0156492 -4.26437 -0.994776 0.0146424 -0.101025 91.5512 0 0 0 1 
-0.114452 0.0159843 0.9933 40.524 0.0161543 0.999768 -0.014227 -4.31118 -0.993297 0.0144177 -0.114683 91.3756 0 0 0 1 
-0.121616 0.0343268 0.991983 43.4961 0.0203503 0.999278 -0.0320843 -4.39715 -0.992369 0.0162851 -0.122227 90.9971 0 0 0 1 
-0.118679 -0.0267771 0.992572 44.9357 0.0233316 0.999285 0.0297479 -4.47152 -0.992658 0.0266887 -0.11797 90.8223 0 0 0 1 
-0.102259 0.0936438 0.99034 46.2093 0.0238514 0.995504 -0.0916692 -4.45778 -0.994472 0.014247 -0.104033 90.6843 0 0 0 1 
-0.0483424 0.0303223 0.99837 48.5101 0.0197993 0.999372 -0.029394 -4.72108 -0.998635 0.0183461 -0.0489124 90.5447 0 0 0 1 
0.000617311 0.0286562 0.999589 49.5937 0.0180753 0.999426 -0.0286627 -4.77774 -0.999836 0.0180855 9.89867e-05 90.5623 0 0 0 1 
0.063904 0.0236554 0.997676 50.6847 0.0150727 0.999582 -0.0246661 -4.82588 -0.997842 0.0166139 0.0635207 90.653 0 0 0 1 
0.239116 0.0196435 0.970792 52.8054 0.00581782 0.999748 -0.0216624 -4.90776 -0.970974 0.0108277 0.238942 91.1172 0 0 0 1 
0.345472 0.0214281 0.938184 53.7974 0.00114754 0.999729 -0.0232564 -4.94745 -0.938428 0.00911103 0.345354 91.513 0 0 0 1 
0.403272 0.0206421 0.914847 54.2692 0.00239315 0.999718 -0.023612 -4.9679 -0.915077 0.0117114 0.403109 91.7515 0 0 0 1 
0.521613 0.027372 0.852743 55.1233 0.00288889 0.999423 -0.0338474 -5.0144 -0.853177 0.0201187 0.521233 92.3271 0 0 0 1 
0.633816 0.0350895 0.772687 55.8609 -0.00658113 0.999179 -0.0399767 -5.05493 -0.773456 0.0202527 0.633527 93.0187 0 0 0 1 
0.733968 0.0352851 0.678267 56.5108 -0.00960019 0.999089 -0.0415865 -5.10016 -0.679117 0.0240116 0.733637 93.8017 0 0 0 1 
0.778403 0.0314952 0.626974 56.7983 -0.0126902 0.999326 -0.0344446 -5.12349 -0.627636 0.0188554 0.778278 94.2287 0 0 0 1 
0.854684 0.0252341 0.518534 57.2827 -0.0165756 0.999635 -0.0213253 -5.16134 -0.518883 0.0096314 0.854791 95.1394 0 0 0 1 
0.884902 0.0224152 0.465238 57.4842 -0.0182043 0.999743 -0.0135425 -5.17712 -0.465422 0.00351445 0.885082 95.6195 0 0 0 1 
0.909553 0.0230567 0.414948 57.6587 -0.0226636 0.999726 -0.005872 -5.19461 -0.41497 -0.00406335 0.909826 96.1147 0 0 0 1 
0.943586 0.0318807 0.329589 57.9456 -0.0337346 0.999431 -9.42217e-05 -5.21699 -0.329404 -0.0110296 0.944125 97.1456 0 0 0 1 
0.954749 0.0357575 0.295254 58.0636 -0.0376319 0.999291 0.00066683 -5.22008 -0.295021 -0.0117476 0.955418 97.6645 0 0 0 1 
0.969307 0.033217 0.2436 58.3077 -0.0343767 0.999409 0.00050974 -5.22549 -0.243439 -0.00886826 0.969876 98.7441 0 0 0 1 
0.972754 0.0296335 0.229938 58.425 -0.0319241 0.999471 0.00624715 -5.23376 -0.229631 -0.0134175 0.973185 99.3065 0 0 0 1 
0.978262 0.0540258 0.200212 58.8379 -0.0545146 0.998508 -0.00307514 -5.23402 -0.20008 -0.00790621 0.979748 101.653 0 0 0 1 
0.978025 0.0544365 0.201257 58.9494 -0.0555467 0.998456 -0.000131113 -5.2453 -0.200953 -0.0110509 0.979539 102.258 0 0 0 1 
0.974602 0.0565708 0.216682 59.4956 -0.0547372 0.998396 -0.0144598 -5.27205 -0.217152 0.00223206 0.976135 104.819 0 0 0 1 
0.970733 0.0508035 0.234726 60.1547 -0.0523689 0.998628 0.000436154 -5.3145 -0.234382 -0.0127157 0.972061 107.648 0 0 0 1 
0.97025 0.0427875 0.238293 60.5225 -0.0435587 0.999049 -0.00203113 -5.33127 -0.238153 -0.00840901 0.971191 109.115 0 0 0 1 
0.970404 0.0436137 0.237516 60.8833 -0.0419589 0.999047 -0.0120206 -5.3526 -0.237813 0.00169899 0.971309 110.621 0 0 0 1 
0.972674 0.0411954 0.22849 61.6365 -0.0428105 0.999081 0.0021143 -5.39806 -0.228193 -0.0118383 0.973544 113.86 0 0 0 1 
0.975168 0.0508087 0.215561 62.372 -0.0484221 0.998693 -0.016342 -5.43186 -0.21611 0.00549827 0.976354 117.268 0 0 0 1 
0.976123 0.0480469 0.211839 62.5616 -0.0463001 0.99884 -0.0132014 -5.44903 -0.212227 0.00307802 0.977215 118.159 0 0 0 1 
0.977335 0.0422458 0.207439 62.9414 -0.0420843 0.999101 -0.00519362 -5.48653 -0.207472 -0.003654 0.978234 119.965 0 0 0 1 
0.977829 0.0405162 0.205448 63.7002 -0.040335 0.999173 -0.00507177 -5.53135 -0.205484 -0.00332744 0.978655 123.67 0 0 0 1 
0.976858 0.0541337 0.206923 64.0571 -0.0538008 0.998525 -0.0072397 -5.55857 -0.20701 -0.00406046 0.97833 125.546 0 0 0 1 
0.974268 0.062142 0.216655 64.8456 -0.0611385 0.998065 -0.0113378 -5.62279 -0.21694 -0.00219985 0.976182 129.38 0 0 0 1 
0.974817 0.0483973 0.21769 65.2845 -0.0475746 0.998827 -0.00902172 -5.66924 -0.217872 -0.001562 0.975976 131.302 0 0 0 1 
0.973454 0.0562578 0.221861 66.1054 -0.0579449 0.998319 0.00109722 -5.74077 -0.221426 -0.0139238 0.975078 135.129 0 0 0 1 
0.973775 0.0511087 0.221697 66.5246 -0.0479356 0.998657 -0.0196737 -5.78622 -0.222404 0.00853064 0.974917 136.991 0 0 0 1 
0.974333 0.0459811 0.220364 66.958 -0.0427251 0.998896 -0.0195217 -5.83488 -0.221018 0.00960554 0.975222 138.896 0 0 0 1 
0.974944 0.0357379 0.21956 67.3893 -0.040732 0.999003 0.0182598 -5.88556 -0.218689 -0.0267454 0.975428 140.841 0 0 0 1 
0.976002 0.0451748 0.213022 68.1872 -0.0432441 0.99897 -0.0137166 -5.93173 -0.213423 0.0041755 0.976951 144.55 0 0 0 1 
0.977459 0.0440361 0.206481 68.5708 -0.0425616 0.999027 -0.0115802 -5.98321 -0.20679 0.00253107 0.978382 146.404 0 0 0 1 
0.979247 0.0579773 0.1942 69.2613 -0.0565074 0.998316 -0.0131048 -6.07533 -0.194633 0.00185905 0.980874 150.09 0 0 0 1 
0.98 0.0543678 0.191426 69.6082 -0.0537881 0.998518 -0.00822713 -6.1204 -0.19159 -0.00223385 0.981473 151.919 0 0 0 1 
0.981767 0.0477338 0.183997 69.9495 -0.0460435 0.998849 -0.0134509 -6.16654 -0.184427 0.00473379 0.982835 153.726 0 0 0 1 
0.986108 0.038732 0.161524 70.5558 -0.0404978 0.99915 0.00765252 -6.23099 -0.161091 -0.0140876 0.986839 157.354 0 0 0 1 
0.987093 0.0484745 0.152632 70.801 -0.0499552 0.998734 0.00587845 -6.24875 -0.152154 -0.0134274 0.988266 159.135 0 0 0 1 
0.989252 0.0459323 0.138818 71.0491 -0.0452148 0.998943 -0.00831942 -6.26458 -0.139054 0.00195335 0.990283 160.926 0 0 0 1 
0.992553 0.0596844 0.106191 71.4311 -0.0587822 0.998203 -0.0116089 -6.32848 -0.106693 0.00528033 0.994278 164.615 0 0 0 1 
0.994257 0.058479 0.0896328 71.589 -0.0577478 0.998274 -0.0107319 -6.36233 -0.0901057 0.00549413 0.995917 166.488 0 0 0 1 
0.99511 0.0648357 0.0745198 71.7024 -0.0652835 0.99786 0.00358667 -6.39372 -0.0741278 -0.00843405 0.997213 168.384 0 0 0 1 
0.996313 0.0684875 0.0516629 71.8833 -0.0686475 0.99764 0.00132624 -6.42327 -0.0514502 -0.00486788 0.998664 172.137 0 0 0 1 
0.996131 0.0758009 0.0444668 71.9372 -0.0755909 0.997118 -0.00638793 -6.44503 -0.0448229 0.00300193 0.99899 174.033 0 0 0 1 
0.996524 0.077382 0.0308563 72.0372 -0.0778151 0.996882 0.0130884 -6.47166 -0.0297473 -0.015444 0.999438 177.819 0 0 0 1 
0.99758 0.0649857 0.0247024 72.0715 -0.0650865 0.997874 0.00329596 -6.47576 -0.0244357 -0.00489578 0.999689 178.737 0 0 0 1 
0.997853 0.0629496 0.0180543 72.0897 -0.0629616 0.998016 9.72316e-05 -6.47395 -0.0180124 -0.00123375 0.999837 179.652 0 0 0 1 
0.998648 0.0511377 -0.00932033 72.0737 -0.050992 0.998583 0.015253 -6.48478 0.0100871 -0.0147571 0.99984 183.399 0 0 0 1 
0.998793 0.0437066 -0.022392 72.0324 -0.0435194 0.999014 0.00878297 -6.49467 0.0227538 -0.00779789 0.999711 185.31 0 0 0 1 
0.999018 0.0242351 -0.0370888 71.9886 -0.0244405 0.999688 -0.00509556 -6.50071 0.0369537 0.00599702 0.999299 187.215 0 0 0 1 
0.998086 0.0388918 -0.0480708 71.8681 -0.0381871 0.999151 0.0154921 -6.50912 0.0486325 -0.0136268 0.998724 189.148 0 0 0 1 
0.997662 0.0442548 -0.0520742 71.7993 -0.0430531 0.998785 0.0239782 -6.51305 0.053072 -0.0216802 0.998355 190.1 0 0 0 1 
0.996599 0.0554144 -0.0609938 71.5837 -0.0554589 0.998461 0.000964366 -6.50471 0.0609533 0.00242157 0.998138 192.939 0 0 0 1 
0.996694 0.0483733 -0.0652707 71.4604 -0.0482849 0.998829 0.00293102 -6.51853 0.0653361 0.000230261 0.997863 194.855 0 0 0 1 
0.99653 0.0468083 -0.0688302 71.1765 -0.0464366 0.998897 0.00699043 -6.52901 0.0690815 -0.00376993 0.997604 198.723 0 0 0 1 
0.996953 0.025566 -0.0736984 71.0642 -0.0262613 0.999619 -0.00848125 -6.54595 0.0734535 0.0103908 0.997245 200.622 0 0 0 1 
0.996556 0.0343105 -0.07549 70.8941 -0.0338506 0.9994 0.00736431 -6.56971 0.0756974 -0.00478357 0.997119 202.581 0 0 0 1 
0.996041 0.0408751 -0.0789433 70.5658 -0.0409971 0.999159 7.61826e-05 -6.60051 0.0788801 0.00316056 0.996879 206.407 0 0 0 1 
0.995884 0.0436232 -0.0794482 70.4786 -0.043506 0.999048 0.00320744 -6.61375 0.0795125 0.000262236 0.996834 207.379 0 0 0 1 
0.995664 0.0475047 -0.0799725 70.3915 -0.0471217 0.998867 0.00667047 -6.62561 0.0801988 -0.00287311 0.996775 208.351 0 0 0 1 
0.99528 0.0542112 -0.0804944 70.2195 -0.0536698 0.998519 0.00887676 -6.63892 0.0808564 -0.00451475 0.996716 210.276 0 0 0 1 
0.995366 0.0519988 -0.0808854 70.1431 -0.0517145 0.998646 0.00560653 -6.65148 0.0810675 -0.0013976 0.996708 211.222 0 0 0 1 
0.994817 0.0557544 -0.0850357 69.8979 -0.0550899 0.99843 0.0101429 -6.66892 0.0854677 -0.00540574 0.996326 213.984 0 0 0 1 
0.995062 0.047884 -0.0869375 69.7493 -0.0462167 0.998709 0.0210915 -6.68372 0.0878352 -0.0169694 0.99599 215.758 0 0 0 1 
0.994991 0.0476078 -0.0879019 69.598 -0.0469897 0.998854 0.00908971 -6.6834 0.0882339 -0.0049137 0.996088 217.441 0 0 0 1 
0.995095 0.0469721 -0.0870566 69.5264 -0.046867 0.998896 0.00325165 -6.69345 0.0871133 0.000844384 0.996198 218.257 0 0 0 1 
0.995635 0.0404866 -0.0840969 69.3986 -0.0410236 0.999147 -0.00466663 -6.72226 0.0838363 0.00809622 0.996447 219.812 0 0 0 1 
0.99675 0.0516508 -0.0618211 69.1584 -0.0510153 0.998628 0.0118157 -6.76643 0.0623466 -0.00862347 0.998017 222.853 0 0 0 1 
0.997512 0.0506481 -0.0490406 69.0822 -0.0506043 0.998717 0.00213453 -6.78501 0.0490858 0.000352446 0.998795 224.309 0 0 0 1 
0.998507 0.0500605 -0.0218725 68.9883 -0.0502122 0.998718 -0.0064407 -6.8328 0.021522 0.00752934 0.99974 227.21 0 0 0 1 
0.999268 0.0370092 -0.00968105 68.9903 -0.037006 0.999315 0.000504096 -6.86687 0.00969308 -0.00014547 0.999953 228.642 0 0 0 1 
0.999115 0.0417596 -0.0049885 68.9716 -0.0417453 0.999124 0.00293916 -6.88166 0.00510687 -0.00272832 0.999983 230.065 0 0 0 1 
0.998632 0.0519689 -0.00577486 68.923 -0.0519438 0.99864 0.00441017 -6.90139 0.0059962 -0.00410417 0.999974 232.954 0 0 0 1 
0.998468 0.0545112 -0.00946929 68.89 -0.0546296 0.998425 -0.012739 -6.92035 0.00875996 0.0132368 0.999874 234.402 0 0 0 1 
0.998571 0.0507917 -0.0165881 68.8667 -0.0509797 0.998638 -0.0111105 -6.93553 0.0160011 0.0119402 0.999801 235.876 0 0 0 1 
0.998511 0.0452497 -0.0304683 68.7675 -0.0445434 0.998732 0.0234763 -6.95347 0.0314919 -0.0220842 0.99926 238.909 0 0 0 1 
0.998166 0.047725 -0.0372542 68.691 -0.0474244 0.998835 0.00891223 -6.94604 0.0376362 -0.00712912 0.999266 240.414 0 0 0 1 
0.998685 0.0317283 -0.0402612 68.6466 -0.0313843 0.999466 0.00914712 -6.93744 0.0405299 -0.00787153 0.999147 241.968 0 0 0 1 
0.998886 0.0132207 -0.0453032 68.5186 -0.0128562 0.999883 0.00832794 -6.94859 0.045408 -0.00773624 0.998939 245.126 0 0 0 1 
0.998804 0.00137406 -0.0488779 68.3788 -0.000506479 0.999842 0.017758 -6.95599 0.0488946 -0.017712 0.998647 248.292 0 0 0 1 
0.998794 -0.00320395 -0.0489854 68.3051 0.00360775 0.99996 0.00815713 -6.96461 0.0489573 -0.00832402 0.998766 249.84 0 0 0 1 
0.998792 -0.00218229 -0.0490941 68.1466 0.00223146 0.999997 0.000946711 -6.99505 0.0490918 -0.00105512 0.998794 252.852 0 0 0 1 
0.998753 -0.00431762 -0.0497454 68.0806 0.00500134 0.999895 0.0136281 -7.01532 0.0496813 -0.0138599 0.998669 254.31 0 0 0 1 
0.997683 -0.016341 -0.0660354 67.937 0.0175193 0.999697 0.0173042 -7.02557 0.0657326 -0.018421 0.997667 256.938 0 0 0 1 
0.995649 -0.0201869 -0.0909728 67.8265 0.0211715 0.999727 0.00987084 -7.03162 0.0907488 -0.0117539 0.995804 258.131 0 0 0 1 
0.990948 -0.0247811 -0.131939 67.6687 0.0261095 0.999624 0.00834751 -7.03354 0.131682 -0.0117168 0.991223 259.275 0 0 0 1 
0.982601 -0.0223513 -0.18438 67.4393 0.0252924 0.999587 0.0136144 -7.03965 0.184 -0.0180409 0.982761 260.388 0 0 0 1 
0.967539 -0.0217884 -0.251781 67.1427 0.0251797 0.99963 0.0102549 -7.05446 0.251464 -0.0162618 0.96773 261.435 0 0 0 1 
0.956614 -0.0175706 -0.290827 66.9595 0.0202586 0.999775 0.00623395 -7.06121 0.290652 -0.0118552 0.956755 261.927 0 0 0 1 
0.925923 -0.00841485 -0.37762 66.5197 0.00997285 0.999948 0.00217065 -7.0627 0.377582 -0.0057758 0.925958 262.876 0 0 0 1 
0.824265 0.0360019 -0.565058 65.3435 -0.0382381 0.999238 0.00788606 -7.08384 0.564911 0.0151065 0.825014 264.51 0 0 0 1 
0.751357 0.0508269 -0.657935 64.6367 -0.0481181 0.998595 0.0221932 -7.0724 0.658139 0.0149836 0.752747 265.204 0 0 0 1 
0.712536 0.0623805 -0.698857 64.2518 -0.051754 0.997999 0.0363151 -7.06197 0.699724 0.0102928 0.714339 265.522 0 0 0 1 
0.628562 0.0835008 -0.773264 63.4347 -0.0591433 0.996473 0.0595282 -7.02646 0.775508 0.00831625 0.631283 266.073 0 0 0 1 
0.584591 0.0874719 -0.806599 63.0201 -0.0581893 0.996131 0.0658524 -7.00578 0.809239 0.00843875 0.587419 266.307 0 0 0 1 
0.489199 0.0884615 -0.867674 62.1616 -0.0490597 0.996059 0.0738906 -6.95832 0.870791 0.00642064 0.491611 266.715 0 0 0 1 
0.438116 0.0832613 -0.895054 61.7493 -0.0398309 0.996521 0.0732035 -6.92902 0.898035 0.00357921 0.439908 266.879 0 0 0 1 
0.385772 0.077091 -0.919368 61.3073 -0.0307035 0.997024 0.0707192 -6.89432 0.922083 0.00094636 0.386991 267.026 0 0 0 1 
0.230336 0.0963653 -0.968328 59.7894 -0.0246753 0.995343 0.0931843 -6.78674 0.972798 0.00243012 0.231641 267.327 0 0 0 1 
0.183789 0.0767632 -0.979964 59.2549 -0.0200002 0.997032 0.0743492 -6.73875 0.982762 0.0059349 0.184779 267.399 0 0 0 1 
0.063953 0.0686545 -0.995589 57.5285 -0.0119729 0.997612 0.0680249 -6.62461 0.997881 0.0075697 0.0646223 267.479 0 0 0 1 
-0.0328805 0.0558882 -0.997895 55.0797 -0.0146943 0.9983 0.0563951 -6.47612 0.999351 0.0165177 -0.0320034 267.385 0 0 0 1 
-0.0695114 0.0493381 -0.99636 51.5546 -0.0188266 0.998533 0.0507591 -6.30079 0.997403 0.0222864 -0.0684805 267.122 0 0 0 1 
-0.0686795 0.0488092 -0.996444 48.3023 -0.016198 0.998616 0.0500321 -6.15122 0.997507 0.0195766 -0.0677939 266.89 0 0 0 1 
-0.0699797 0.0382328 -0.996815 46.5439 -0.0133299 0.99914 0.0392577 -6.06986 0.997459 0.0160346 -0.0694098 266.776 0 0 0 1 
-0.0734775 0.0528335 -0.995896 42.6087 -0.0105436 0.998499 0.0537494 -5.92555 0.997241 0.0144498 -0.0728101 266.511 0 0 0 1 
-0.0790593 0.0616669 -0.994961 40.5184 -0.00450472 0.998053 0.0622164 -5.82038 0.99686 0.0094008 -0.0786275 266.367 0 0 0 1 
-0.100565 0.066273 -0.992721 38.4777 0.000696916 0.997783 0.0665404 -5.69928 0.99493 0.00599981 -0.100389 266.21 0 0 0 1 
-0.0908913 0.0642931 -0.993783 34.0449 0.00217678 0.997924 0.0643619 -5.44773 0.995858 0.0036867 -0.0908426 265.753 0 0 0 1 
-0.0454339 0.0149692 -0.998855 29.7562 0.00431629 0.999881 0.0147883 -5.20877 0.998958 -0.00363946 -0.0454931 265.341 0 0 0 1 
-0.0855243 -0.00826314 -0.996302 27.1365 0.00114209 0.999964 -0.00839155 -5.21013 0.996335 -0.00185555 -0.0855118 265.206 0 0 0 1 
-0.0998825 -0.0229483 -0.994735 25.3759 0.00183869 0.999728 -0.0232481 -5.24929 0.994998 -0.00415109 -0.0998131 265.039 0 0 0 1 
-0.0660954 -0.123339 -0.990161 21.0514 -0.00161681 0.992343 -0.123503 -5.43261 0.997812 -0.00656208 -0.0657887 264.555 0 0 0 1 
-0.0422216 0.524841 -0.850153 20.1281 0.0343705 0.851171 0.523762 -5.56373 0.998517 -0.00710606 -0.0539768 264.492 0 0 0 1 
-0.0100898 0.971379 0.23732 19.3283 0.0577077 -0.23637 0.969948 -5.08614 0.998283 0.0234817 -0.0536711 264.442 0 0 0 1 
-0.0660609 0.0411851 -0.996965 19.5477 0.0137863 0.99909 0.0403593 -4.16289 0.99772 -0.0110783 -0.0665686 264.393 0 0 0 1 
-0.0668875 0.0161251 -0.99763 18.522 0.000696162 0.99987 0.0161146 -4.13682 0.99776 0.000383356 -0.06689 264.328 0 0 0 1 
-0.0651992 -0.00399114 -0.997864 17.5353 0.00257916 0.999988 -0.00416816 -4.1361 0.997869 -0.00284542 -0.0651881 264.272 0 0 0 1 
-0.0579132 0.0391445 -0.997554 14.7168 0.0114691 0.999191 0.0385429 -4.19431 0.998256 -0.00920888 -0.0583153 264.107 0 0 0 1 
-0.0508252 0.160243 -0.985768 12.8859 0.0252165 0.986935 0.159132 -4.14603 0.998389 -0.0167697 -0.054202 264.01 0 0 0 1 
-0.0679869 0.22002 -0.973123 11.0632 0.0339005 0.975326 0.21815 -3.87734 0.99711 -0.018158 -0.0737682 263.893 0 0 0 1 
-0.0363158 0.923289 -0.382385 9.28675 0.0493096 0.383827 0.922087 -3.51471 0.998123 0.0146311 -0.059466 263.743 0 0 0 1 
-0.0367618 0.773474 -0.632761 8.94323 0.0405421 0.633822 0.772416 -2.7106 0.998501 0.00274186 -0.0546587 263.68 0 0 0 1 
-0.0591295 -0.359076 -0.931433 8.37718 0.00574177 0.932928 -0.360017 -2.03646 0.998234 -0.0266357 -0.0531019 263.621 0 0 0 1 
-0.0769632 -0.152438 -0.985312 6.73718 -0.0212131 0.98827 -0.151239 -2.70065 0.996808 0.00926168 -0.0792941 263.501 0 0 0 1 
-0.0923075 -0.336623 -0.937104 3.05928 -0.0308972 0.941637 -0.335208 -3.31795 0.995251 -0.00198831 -0.0973209 263.122 0 0 0 1 
-0.0855092 -0.583115 -0.807877 1.17669 -0.0428097 0.812248 -0.581739 -4.02613 0.995417 -0.015159 -0.0944177 262.911 0 0 0 1 
-0.0790942 0.659161 -0.747831 -1.55551 -0.00374384 0.749979 0.66145 -6.06739 0.99686 0.0551166 -0.0568512 262.542 0 0 0 1 
-0.0889932 0.690338 -0.717993 -2.73661 0.0288837 0.722339 0.690936 -5.05612 0.995613 0.0407503 -0.0842228 262.442 0 0 0 1 
-0.0930439 0.957061 -0.27455 -3.97136 0.0609965 0.280707 0.957853 -3.91041 0.993792 0.0723758 -0.0844955 262.292 0 0 0 1 
-0.108718 0.603297 -0.790071 -4.39208 0.0316746 0.796481 0.603833 -2.53748 0.993568 0.0406224 -0.105701 262.164 0 0 0 1 
-0.101012 -0.0125738 -0.994806 -5.45026 -0.010586 0.999877 -0.011563 -1.75668 0.994829 0.00936299 -0.101132 262.03 0 0 0 1 
-0.0596246 0.224475 -0.972654 -6.6931 -0.0236869 0.973795 0.22619 -1.79401 0.99794 0.0365257 -0.052745 261.909 0 0 0 1 
-0.0367457 0.214449 -0.976044 -9.5106 -0.0243248 0.976222 0.215404 -1.19427 0.999029 0.0316572 -0.0306555 261.804 0 0 0 1 
-0.0325617 0.0429208 -0.998548 -11.4528 -0.0221744 0.998801 0.0436547 -0.805706 0.999224 0.0235637 -0.0315709 261.775 0 0 0 1 
-0.00562745 -0.0659935 -0.997804 -13.097 -0.0191549 0.997644 -0.0658748 -0.768537 0.999801 0.0187422 -0.0068783 261.769 0 0 0 1 
0.0178756 -0.0951635 -0.995301 -14.094 -0.0154026 0.995316 -0.0954415 -0.855291 0.999722 0.0170363 0.0163261 261.783 0 0 0 1 
0.0572908 -0.128813 -0.990013 -14.9954 0.000718401 0.991646 -0.128984 -0.968694 0.998357 0.00667837 0.0569048 261.825 0 0 0 1 
0.0295812 -0.413976 -0.909807 -15.7576 0.000870894 0.910216 -0.414134 -1.07997 0.999562 0.0114582 0.0272858 261.881 0 0 0 1 
0.0579855 0.229014 -0.971695 -16.5538 -0.0110093 0.97342 0.228763 -1.45398 0.998257 -0.0025673 0.0589655 261.95 0 0 0 1 
0.055121 -0.127792 -0.990268 -17.215 -0.0123669 0.991612 -0.128654 -1.29332 0.998403 0.019338 0.0530783 262.045 0 0 0 1 
0.155888 0.00427834 -0.987766 -18.0976 -0.0162373 0.999867 0.0017682 -1.4185 0.987641 0.015763 0.155936 262.182 0 0 0 1 
0.213314 -0.00095162 -0.976983 -18.709 -0.0142677 0.99989 -0.00408913 -1.42702 0.97688 0.0148115 0.213277 262.359 0 0 0 1 
0.315977 0.0396423 -0.947938 -19.3645 -0.0131904 0.999214 0.0373898 -1.43987 0.948675 0.000689336 0.316251 262.608 0 0 0 1 
0.613241 0.0476054 -0.78846 -21.6149 -0.0240964 0.998845 0.0415665 -1.37135 0.789529 -0.0064912 0.61368 264.202 0 0 0 1 
0.704308 0.0413031 -0.708692 -22.2085 -0.0268317 0.999141 0.0315649 -1.35303 0.709388 -0.00321598 0.704811 264.891 0 0 0 1 
0.762326 0.0410095 -0.645893 -22.4943 -0.032704 0.999156 0.0248397 -1.33882 0.646367 0.00218739 0.763024 265.279 0 0 0 1 
0.886793 0.0691762 -0.45696 -23.0036 -0.0389709 0.996406 0.075211 -1.32032 0.46052 -0.0488885 0.886302 266.175 0 0 0 1 
0.925109 0.0227783 -0.379019 -23.1482 -0.0274563 0.999599 -0.00694122 -1.28583 0.378709 0.0168278 0.925363 266.694 0 0 0 1 
0.812822 0.0571892 -0.579698 -23.2314 -0.0503331 0.998342 0.0279154 -1.30202 0.580333 0.00648776 0.814353 267.267 0 0 0 1 
0.888848 0.0542245 -0.454983 -23.6704 -0.0427566 0.998456 0.0354665 -1.29187 0.456203 -0.0120708 0.889794 268.151 0 0 0 1 
0.90757 0.0446511 -0.417521 -24.0136 -0.0378379 0.998981 0.0245856 -1.26138 0.418193 -0.00651503 0.908335 269.089 0 0 0 1 
0.987944 0.0410981 -0.149259 -24.543 -0.0388773 0.999086 0.0177669 -1.24095 0.149853 -0.0117499 0.988638 270.701 0 0 0 1 
0.998811 0.0311309 -0.0375035 -24.7529 -0.0307053 0.999458 0.011873 -1.21743 0.0378528 -0.0107073 0.999226 273.481 0 0 0 1 
0.999573 0.0291569 -0.00195642 -24.7788 -0.0291304 0.999498 0.0124268 -1.20985 0.00231777 -0.0123645 0.999921 274.996 0 0 0 1 
0.999676 0.025228 0.00336088 -24.7364 -0.0252568 0.999642 0.00880451 -1.19279 -0.00313755 -0.00888654 0.999956 278.27 0 0 0 1 
0.999739 0.0227762 0.00185059 -24.7249 -0.0227997 0.999644 0.0138239 -1.1853 -0.00153507 -0.0138624 0.999903 280.039 0 0 0 1 
0.9997 0.0196728 -0.0146155 -24.7188 -0.0195448 0.99977 0.00884385 -1.17634 0.0147861 -0.00855554 0.999854 281.944 0 0 0 1 
0.998755 0.0240506 -0.0436957 -24.8243 -0.0242312 0.9997 -0.00360835 -1.1872 0.0435958 0.00466266 0.999038 286.498 0 0 0 1 
0.99886 0.0243824 -0.0410394 -24.9162 -0.0238824 0.999635 0.0126288 -1.19388 0.0413323 -0.0116342 0.999078 288.623 0 0 0 1 
0.998649 0.0136116 -0.0501479 -25.0512 -0.0136281 0.999907 1.33948e-05 -1.18087 0.0501434 0.000670042 0.998742 292.036 0 0 0 1 
0.99928 0.0160628 -0.0343607 -25.2256 -0.0162835 0.999848 -0.00615254 -1.20832 0.0342566 0.00670762 0.999391 295.114 0 0 0 1 
0.9995 0.017833 -0.0261006 -25.2766 -0.0177896 0.99984 0.00189621 -1.22118 0.0261302 -0.00143094 0.999658 296.439 0 0 0 1 
0.999606 0.0179208 0.0215983 -25.3352 -0.0180647 0.999816 0.00648828 -1.2286 -0.0214781 -0.00687589 0.999746 298.637 0 0 0 1 
0.998277 0.0169309 -0.0561841 -25.3074 -0.0159387 0.99971 0.0180605 -1.23398 0.0564736 -0.0171339 0.998257 299.972 0 0 0 1 
0.995978 0.015418 -0.0882657 -25.3735 -0.0139135 0.999748 0.0176357 -1.22137 0.0885154 -0.0163366 0.995941 301.149 0 0 0 1 
0.998014 0.0118312 -0.0618652 -25.5682 -0.0114395 0.999912 0.00668146 -1.20411 0.0619389 -0.00596048 0.998062 303.393 0 0 0 1 
0.998311 0.0105305 -0.057139 -25.6365 -0.01041 0.999943 0.00240642 -1.20775 0.0571611 -0.00180754 0.998363 304.535 0 0 0 1 
0.99696 0.00822168 -0.0774829 -25.6975 -0.00797917 0.999962 0.00343886 -1.21464 0.0775083 -0.00281016 0.996988 305.656 0 0 0 1 
0.995099 0.0101201 -0.0983669 -25.8865 -0.00954139 0.999934 0.00635153 -1.23415 0.0984247 -0.00538184 0.99513 307.893 0 0 0 1 
0.992726 0.0100563 -0.119975 -26.0057 -0.010496 0.99994 -0.00303361 -1.23976 0.119937 0.0042708 0.992772 309.033 0 0 0 1 
0.999615 0.0122818 -0.0248731 -26.3042 -0.0124401 0.999903 -0.0062167 -1.27513 0.0247943 0.00652373 0.999671 311.297 0 0 0 1 
0.94205 0.0035861 0.335452 -26.355 -0.0112989 0.999715 0.0210433 -1.29608 -0.335281 -0.0236141 0.941822 312.501 0 0 0 1 
0.961578 0.0148305 -0.274132 -25.3267 -0.0133611 0.999885 0.00722667 -1.26101 0.274208 -0.00328631 0.961665 314.784 0 0 0 1 
0.994277 0.0167759 -0.105505 -25.7413 -0.0154457 0.999791 0.0134131 -1.27168 0.105708 -0.0117067 0.994328 316.196 0 0 0 1 
0.997128 0.018786 -0.0733729 -25.9693 -0.0179005 0.999759 0.012708 -1.27488 0.0735939 -0.0113581 0.997224 318.239 0 0 0 1 
0.997179 0.0175056 -0.0729894 -26.0456 -0.0168646 0.999814 0.00938848 -1.2762 0.0731401 -0.00813106 0.997289 319.246 0 0 0 1 
0.997423 0.0163857 -0.0698433 -26.1891 -0.0162601 0.999865 0.0023669 -1.29048 0.0698727 -0.00122514 0.997555 321.158 0 0 0 1 
0.997626 0.0165743 -0.0668449 -26.2627 -0.0165638 0.999863 0.000710126 -1.30114 0.0668475 0.000398767 0.997763 322.171 0 0 0 1 
0.998887 0.017112 -0.0439589 -26.3406 -0.016832 0.999836 0.00673131 -1.31424 0.0440669 -0.0059839 0.999011 323.267 0 0 0 1 
0.996901 0.0186479 -0.0764181 -26.4199 -0.0187789 0.999823 -0.000996231 -1.32594 0.076386 0.00242819 0.997075 324.796 0 0 0 1 
0.999006 0.0210288 -0.0392969 -26.6546 -0.0207222 0.999752 0.00819231 -1.36913 0.0394594 -0.00736985 0.999194 327.681 0 0 0 1 
0.998077 0.0228148 -0.0576313 -26.7029 -0.0221673 0.999684 0.0118507 -1.37161 0.0578834 -0.0105504 0.998268 328.81 0 0 0 1 
0.997749 0.0273319 -0.0612434 -26.8314 -0.0264133 0.999527 0.0157587 -1.3711 0.0616451 -0.0141056 0.997998 330.888 0 0 0 1 
0.997731 0.0339094 -0.0581719 -27.0448 -0.0340911 0.999416 -0.0021342 -1.37975 0.0580656 0.0041125 0.998304 334.052 0 0 0 1 
0.996781 0.0403859 -0.0692623 -27.3249 -0.0399588 0.999173 0.0075415 -1.44606 0.0695096 -0.00474958 0.99757 338.371 0 0 0 1 
0.996646 0.0404962 -0.0711123 -27.4022 -0.0398574 0.999151 0.0103809 -1.45029 0.0714723 -0.0075117 0.997414 339.419 0 0 0 1 
0.996909 0.0388925 -0.0682648 -27.4776 -0.0385553 0.999237 0.00625077 -1.45138 0.0684558 -0.00359947 0.997648 340.433 0 0 0 1 
0.998217 0.0362866 -0.0473934 -27.5577 -0.0360239 0.999331 0.00638612 -1.45739 0.0475934 -0.00466744 0.998856 341.619 0 0 0 1 
0.996891 0.0407402 -0.0674382 -27.618 -0.0392747 0.998966 0.0229167 -1.46435 0.0683021 -0.0201969 0.99746 342.884 0 0 0 1 
0.997008 0.040461 -0.0658631 -27.7836 -0.0404197 0.999181 0.00196013 -1.4336 0.0658884 0.000707905 0.997827 345.345 0 0 0 1 
0.997665 0.0416789 -0.0541142 -27.9426 -0.041307 0.999115 0.00797454 -1.45068 0.0543987 -0.00572062 0.998503 347.648 0 0 0 1 
0.997785 0.042059 -0.0515332 -28.0746 -0.042014 0.999115 0.001957 -1.46395 0.0515699 0.000212452 0.998669 349.946 0 0 0 1 
0.997811 0.0402338 -0.0524877 -28.197 -0.0401668 0.99919 0.00232986 -1.48145 0.0525389 -0.000216496 0.998619 352.259 0 0 0 1 
0.997816 0.0405931 -0.0521064 -28.2617 -0.0402623 0.999162 0.00738226 -1.49088 0.0523624 -0.00526821 0.998614 353.436 0 0 0 1 
0.997851 0.0412124 -0.0509335 -28.3266 -0.0407816 0.999123 0.00946871 -1.49582 0.0512791 -0.00737121 0.998657 354.613 0 0 0 1 
0.99785 0.0411056 -0.0510396 -28.4553 -0.040518 0.999101 0.0124945 -1.50011 0.0515073 -0.0103996 0.998618 356.967 0 0 0 1 
0.997565 0.034926 -0.0603606 -28.6437 -0.0344508 0.999367 0.00889507 -1.51249 0.060633 -0.00679394 0.998137 360.574 0 0 0 1 
0.998069 0.0306694 -0.0540182 -28.8132 -0.0305291 0.999528 0.00342149 -1.52531 0.0540976 -0.00176576 0.998534 363.267 0 0 0 1 
0.99737 0.0302324 -0.0658758 -28.8811 -0.0288816 0.999355 0.021362 -1.5389 0.0664791 -0.0194033 0.997599 364.537 0 0 0 1 
0.998163 0.027974 -0.0537386 -28.9633 -0.0271601 0.999506 0.0158162 -1.52934 0.0541545 -0.0143276 0.99843 365.704 0 0 0 1 
0.998914 0.0185415 -0.0427441 -29.1394 -0.0186782 0.999822 -0.00279944 -1.53427 0.0426846 0.00359479 0.999082 368.96 0 0 0 1 
0.998215 0.0149579 -0.0578246 -29.2851 -0.0150058 0.999887 -0.00039455 -1.59663 0.0578122 0.00126155 0.998327 372.328 0 0 0 1 
0.998209 0.0129524 -0.0584005 -29.4493 -0.0117481 0.999712 0.0209178 -1.64001 0.0586546 -0.0201942 0.998074 375.08 0 0 0 1 
0.998093 0.00978331 -0.0609482 -29.577 -0.00853103 0.999748 0.0207732 -1.63361 0.0611361 -0.0202136 0.997925 377.277 0 0 0 1 
0.997631 0.00954365 -0.068124 -29.7058 -0.0081308 0.999747 0.0209866 -1.62655 0.068307 -0.020383 0.997456 379.329 0 0 0 1 
0.994446 0.0165123 -0.103947 -30.132 -0.0152237 0.999797 0.0131775 -1.60579 0.104143 -0.0115219 0.994496 385.013 0 0 0 1 
0.996131 0.0170681 -0.086212 -30.4288 -0.0158867 0.999771 0.0143713 -1.61868 0.0864375 -0.0129461 0.996173 387.79 0 0 0 1 
0.998544 0.010608 -0.052887 -30.5741 -0.00998453 0.999878 0.012039 -1.62415 0.0530082 -0.0114934 0.998528 389.506 0 0 0 1 
0.999261 0.00670817 -0.0378353 -30.6592 -0.00565178 0.999593 0.0279589 -1.63363 0.0380075 -0.0277244 0.998893 391.235 0 0 0 1 
0.998417 0.0123005 -0.0548889 -30.7156 -0.0113008 0.999765 0.0184864 -1.62055 0.0551034 -0.0178369 0.998321 392.861 0 0 0 1 
0.998674 0.0154109 -0.0491202 -30.7953 -0.0142538 0.999615 0.0238209 -1.62987 0.0494684 -0.0230892 0.998509 394.328 0 0 0 1 
0.998616 0.0189329 -0.04906 -30.9319 -0.0184495 0.999777 0.010287 -1.62666 0.0492438 -0.00936766 0.998743 397.082 0 0 0 1 
0.997837 0.0258306 -0.0604485 -31.0492 -0.0258897 0.999665 -0.000193845 -1.64542 0.0604232 0.00175842 0.998171 398.899 0 0 0 1 
0.994139 0.0335361 -0.10278 -31.2374 -0.032139 0.999368 0.01522 -1.67174 0.103225 -0.0118275 0.994588 400.644 0 0 0 1 
0.990371 0.0411431 -0.132187 -31.4156 -0.0393545 0.999095 0.0161163 -1.67223 0.132731 -0.010759 0.991094 401.617 0 0 0 1 
0.992683 0.0439711 -0.112457 -31.628 -0.0414677 0.998839 0.0245047 -1.66702 0.113404 -0.0196621 0.993354 402.535 0 0 0 1 
0.980295 0.0508757 -0.190873 -31.8296 -0.0469514 0.998584 0.025029 -1.65955 0.191876 -0.015574 0.981296 403.488 0 0 0 1 
0.876673 0.0674587 -0.476334 -32.2937 -0.0538389 0.997657 0.0422007 -1.63499 0.478065 -0.0113509 0.878251 404.9 0 0 0 1 
0.74578 0.124325 -0.654489 -33.5477 -0.0745383 0.991835 0.103472 -1.54627 0.662009 -0.0283827 0.748958 406.407 0 0 0 1 
0.614152 0.169729 -0.77072 -34.9501 -0.0776481 0.984856 0.155012 -1.34988 0.785359 -0.0353562 0.61803 407.378 0 0 0 1 
0.547898 0.209132 -0.809982 -35.7937 -0.0802431 0.976921 0.197955 -1.20096 0.832687 -0.0434638 0.552035 407.828 0 0 0 1 
0.50124 0.247264 -0.829228 -36.2465 -0.0877309 0.967887 0.23558 -1.09221 0.860849 -0.0453332 0.506836 408.035 0 0 0 1 
0.495175 0.272982 -0.824792 -36.713 -0.0945203 0.960646 0.261199 -0.962781 0.863636 -0.0513795 0.50149 408.221 0 0 0 1 
0.379225 0.316402 -0.869528 -37.6078 -0.0837161 0.947599 0.308299 -0.700631 0.92151 -0.0441213 0.385841 408.551 0 0 0 1 
0.324203 0.303372 -0.896023 -38.1124 -0.0520715 0.95147 0.303305 -0.524567 0.944553 -0.051675 0.324267 408.694 0 0 0 1 
