-0.996101 0.0671341 0.0572368 -19.0002 0.067615 0.99769 0.00650392 -3.72998 -0.056668 0.0103486 -0.998339 201.969 0 0 0 1 
-0.99626 0.0651845 0.0567271 -18.8542 0.0657426 0.997804 0.00802723 -3.74095 -0.0560793 0.0117266 -0.998357 199.623 0 0 0 1 
-0.996595 0.0614235 0.0550087 -18.7067 0.0620046 0.998036 0.00891805 -3.74779 -0.0543529 0.0122985 -0.998446 197.252 0 0 0 1 
-0.99675 0.0602896 0.0534292 -18.636 0.0607979 0.998119 0.0079392 -3.752 -0.0528501 0.0111618 -0.99854 196.061 0 0 0 1 
-0.996992 0.0590205 0.0502295 -18.5017 0.059484 0.998199 0.00778083 -3.75831 -0.0496798 0.0107453 -0.998707 193.663 0 0 0 1 
-0.997032 0.0596649 0.0486519 -18.4391 0.0602482 0.998127 0.0106128 -3.75976 -0.0479276 0.0135124 -0.998759 192.454 0 0 0 1 
-0.997094 0.0596701 0.0473525 -18.3772 0.0604101 0.99807 0.0143537 -3.75824 -0.0464046 0.0171725 -0.998775 191.235 0 0 0 1 
-0.997142 0.0611999 0.0442901 -18.262 0.0619948 0.997935 0.0168022 -3.74679 -0.0431704 0.0195 -0.998877 188.78 0 0 0 1 
-0.997227 0.0609779 0.0426726 -18.2046 0.0616855 0.997976 0.0154647 -3.73997 -0.0416432 0.0180541 -0.998969 187.546 0 0 0 1 
-0.997169 0.0640678 0.0393509 -18.0996 0.064621 0.997826 0.0129503 -3.72593 -0.0384357 0.0154566 -0.999142 185.054 0 0 0 1 
-0.997066 0.0664947 0.0379081 -18.0521 0.066993 0.997681 0.0120292 -3.72142 -0.0370204 0.0145335 -0.999209 183.799 0 0 0 1 
-0.996912 0.0700505 0.0354953 -17.96 0.070415 0.997476 0.00912164 -3.71902 -0.0347667 0.0115929 -0.999328 181.266 0 0 0 1 
-0.996967 0.0697137 0.0346007 -17.912 0.070011 0.997518 0.00745387 -3.72192 -0.0339952 0.00985369 -0.999373 179.991 0 0 0 1 
-0.997267 0.0662397 0.0327346 -17.8127 0.066639 0.997714 0.0112621 -3.72454 -0.0319138 0.0134128 -0.999401 177.414 0 0 0 1 
-0.997472 0.0633929 0.0321053 -17.7633 0.063848 0.99787 0.0133537 -3.72439 -0.0311904 0.0153698 -0.999395 176.117 0 0 0 1 
-0.99753 0.0627367 0.0315917 -17.7169 0.0631257 0.99794 0.0114681 -3.72329 -0.0308072 0.0134341 -0.999435 174.82 0 0 0 1 
-0.997462 0.0638617 0.0314834 -17.6272 0.0640884 0.997925 0.00624323 -3.72496 -0.0310193 0.0082451 -0.999485 172.215 0 0 0 1 
-0.9974 0.0646627 0.0318142 -17.582 0.0648697 0.997878 0.00551891 -3.73037 -0.0313898 0.00756834 -0.999479 170.905 0 0 0 1 
-0.997318 0.065376 0.0329135 -17.4916 0.0657719 0.997773 0.0110939 -3.73936 -0.032115 0.0132289 -0.999397 168.267 0 0 0 1 
-0.997275 0.0658182 0.0333284 -17.444 0.0662143 0.997746 0.0109227 -3.74091 -0.0325344 0.0130998 -0.999385 166.946 0 0 0 1 
-0.997257 0.065824 0.0338579 -17.3946 0.0662006 0.997755 0.0101248 -3.74259 -0.0331154 0.0123384 -0.999375 165.623 0 0 0 1 
-0.99725 0.0656377 0.0344244 -17.3453 0.0659979 0.997775 0.00943375 -3.7455 -0.0337286 0.0116797 -0.999363 164.3 0 0 0 1 
-0.997206 0.0657224 0.0355153 -17.2429 0.0660797 0.997774 0.00898059 -3.75387 -0.034846 0.0113023 -0.999329 161.645 0 0 0 1 
-0.99726 0.0645043 0.0362269 -17.1896 0.0649025 0.997842 0.00992449 -3.75875 -0.0355086 0.0122485 -0.999294 160.315 0 0 0 1 
-0.997308 0.0628487 0.0377823 -17.0781 0.0633125 0.997931 0.011206 -3.76811 -0.0369998 0.0135679 -0.999223 157.656 0 0 0 1 
-0.997333 0.0618823 0.038705 -17.0223 0.0623941 0.997978 0.0121583 -3.77054 -0.0378744 0.0145409 -0.999177 156.331 0 0 0 1 
-0.997324 0.0614729 0.0395604 -16.9676 0.0620248 0.997992 0.0128787 -3.77061 -0.0386893 0.0152979 -0.999134 155.008 0 0 0 1 
-0.997293 0.0607973 0.0413497 -16.8506 0.0613391 0.998045 0.011962 -3.77229 -0.0405416 0.014466 -0.999073 152.363 0 0 0 1 
-0.997278 0.0605557 0.0420696 -16.79 0.0610803 0.998069 0.0112962 -3.77565 -0.0413043 0.0138351 -0.999051 151.045 0 0 0 1 
-0.997262 0.0602304 0.0428948 -16.7319 0.0607678 0.998088 0.0113341 -3.77956 -0.0421301 0.0139097 -0.999015 149.73 0 0 0 1 
-0.997233 0.0602421 0.0435682 -16.6733 0.0607994 0.998083 0.0115807 -3.78391 -0.0427871 0.0141976 -0.998983 148.419 0 0 0 1 
-0.997331 0.0574148 0.0450977 -16.5471 0.0579395 0.998266 0.0104141 -3.79393 -0.0444216 0.0129992 -0.998928 145.799 0 0 0 1 
-0.99738 0.0560283 0.0457696 -16.4822 0.056676 0.998308 0.0129775 -3.7968 -0.044965 0.0155375 -0.998868 144.489 0 0 0 1 
-0.997447 0.0541847 0.0465032 -16.4171 0.0551028 0.998306 0.018692 -3.79689 -0.0454116 0.0212068 -0.998743 143.179 0 0 0 1 
-0.997401 0.0541158 0.0475681 -16.353 0.0552499 0.998211 0.0228579 -3.79038 -0.046246 0.0254266 -0.998606 141.873 0 0 0 1 
-0.997252 0.0549962 0.0496348 -16.2198 0.0560444 0.998228 0.0199788 -3.77053 -0.0484481 0.0227057 -0.998568 139.276 0 0 0 1 
-0.997233 0.0541179 0.0509631 -16.15 0.0551622 0.998291 0.0193119 -3.76345 -0.0498308 0.0220697 -0.998514 137.977 0 0 0 1 
-0.997167 0.0534397 0.0529352 -16.0797 0.0545758 0.998304 0.0202538 -3.75632 -0.0517631 0.0230854 -0.998393 136.673 0 0 0 1 
-0.996992 0.0541465 0.0554614 -16.0081 0.055371 0.99825 0.0207841 -3.74971 -0.054239 0.0237926 -0.998244 135.363 0 0 0 1 
-0.996659 0.0561637 0.059293 -15.8571 0.0575886 0.998085 0.0226022 -3.73426 -0.05791 0.0259413 -0.997985 132.725 0 0 0 1 
-0.99658 0.0551461 0.0615326 -15.7714 0.056673 0.99812 0.0233515 -3.72631 -0.0601292 0.0267589 -0.997832 131.382 0 0 0 1 
-0.996716 0.0537555 0.0605574 -15.5984 0.0548805 0.998347 0.0170685 -3.71499 -0.0595397 0.0203358 -0.998019 128.71 0 0 0 1 
-0.996922 0.0509401 0.0595974 -15.5129 0.0520096 0.99851 0.0165325 -3.71609 -0.0586664 0.0195812 -0.998086 127.42 0 0 0 1 
-0.997071 0.0497722 0.0580698 -15.4348 0.0507801 0.998582 0.0160113 -3.71806 -0.0571905 0.0189132 -0.998184 126.199 0 0 0 1 
-0.997305 0.0485819 0.0549703 -15.2929 0.0495124 0.99865 0.015694 -3.72403 -0.0541337 0.0183734 -0.998365 123.844 0 0 0 1 
-0.9974 0.0483208 0.0534726 -15.2282 0.0492224 0.998665 0.0156735 -3.72755 -0.0526439 0.0182648 -0.998446 122.702 0 0 0 1 
-0.997508 0.047411 0.0522545 -15.1646 0.0482967 0.998708 0.0158186 -3.73073 -0.051437 0.0183029 -0.998509 121.582 0 0 0 1 
-0.997582 0.0466855 0.051477 -15.1045 0.0475274 0.998753 0.0152537 -3.73557 -0.0507007 0.0176634 -0.998558 120.482 0 0 0 1 
-0.997634 0.0457795 0.0512936 -15.0465 0.0465775 0.99881 0.0144723 -3.73979 -0.0505701 0.0168272 -0.998579 119.396 0 0 0 1 
-0.997603 0.0459154 0.0517694 -14.9898 0.046675 0.998818 0.0135599 -3.74492 -0.0510856 0.0159437 -0.998567 118.326 0 0 0 1 
-0.997565 0.045763 0.0526262 -14.9334 0.0465041 0.998834 0.0129432 -3.74954 -0.0519725 0.015359 -0.99853 117.269 0 0 0 1 
-0.997507 0.0482032 0.0515462 -14.7773 0.0492016 0.998622 0.018278 -3.77002 -0.0505941 0.0207686 -0.998503 114.225 0 0 0 1 
-0.99734 0.0489707 0.0539944 -14.6769 0.0500943 0.998551 0.0196566 -3.77494 -0.0529535 0.0223091 -0.998348 112.304 0 0 0 1 
-0.99786 0.047156 0.045304 -14.4822 0.0489182 0.998056 0.0386095 -3.77446 -0.0433953 0.0407431 -0.998227 108.626 0 0 0 1 
-0.997891 0.0538591 0.0362337 -14.4194 0.0528652 0.998213 -0.0278503 -3.74852 -0.0376689 -0.0258761 -0.998955 107.121 0 0 0 1 
-0.994864 0.056797 0.0837806 -14.2439 0.0632759 0.995035 0.0768186 -3.90974 -0.0790015 0.0817254 -0.993519 103.77 0 0 0 1 
-0.989661 0.0671254 0.126747 -14.0605 0.068431 0.997638 0.0059695 -3.83313 -0.126047 0.0145812 -0.991917 102.404 0 0 0 1 
-0.976671 0.0598671 0.206228 -13.769 0.0707205 0.996451 0.0456581 -3.8602 -0.202763 0.0591775 -0.977438 100.959 0 0 0 1 
-0.959722 0.0644949 0.273448 -13.4114 0.0676219 0.997709 0.00201507 -3.83605 -0.272691 0.0204249 -0.961885 99.8669 0 0 0 1 
-0.904229 0.0352053 0.425595 -12.479 0.0403177 0.999182 0.00300715 -3.88129 -0.425141 0.0198782 -0.904909 97.9238 0 0 0 1 
-0.903488 0.0232612 0.427982 -12.1831 0.0321463 0.999391 0.0135443 -3.88835 -0.427406 0.0259951 -0.903686 97.455 0 0 0 1 
-0.867743 0.00764818 0.496954 -11.5041 0.0199039 0.999614 0.0193706 -3.89064 -0.496614 0.0267001 -0.867561 96.449 0 0 0 1 
-0.810168 -0.00331068 0.586188 -10.6997 0.0127803 0.999647 0.0233094 -3.88827 -0.586058 0.0263762 -0.80984 95.4518 0 0 0 1 
-0.768906 -0.00358514 0.639352 -10.2637 0.0136385 0.999665 0.0220077 -3.88588 -0.639217 0.0256416 -0.768599 94.9858 0 0 0 1 
-0.713511 -0.00279203 0.700639 -9.80285 0.0162952 0.999655 0.0205782 -3.8811 -0.700455 0.0260998 -0.71322 94.5522 0 0 0 1 
-0.579944 -0.000484769 0.814656 -8.81032 0.0181532 0.999744 0.013518 -3.87782 -0.814454 0.0226283 -0.579786 93.8223 0 0 0 1 
-0.464365 0.00908776 0.885597 -8.29676 0.0178392 0.99984 -0.000906053 -3.87665 -0.885464 0.0153776 -0.464453 93.5484 0 0 0 1 
-0.388294 -0.015533 0.921405 -7.24323 0.0122879 0.999682 0.022031 -3.8951 -0.921454 0.0198766 -0.387979 93.2243 0 0 0 1 
-0.348908 -0.00652686 0.937134 -6.71256 0.0148292 0.999812 0.0124845 -3.89286 -0.93704 0.0182529 -0.348745 93.0935 0 0 0 1 
-0.260111 0.00714066 0.965552 -5.62449 0.0184588 0.999827 -0.00242152 -3.90204 -0.965402 0.017193 -0.260198 92.867 0 0 0 1 
-0.267383 0.0014717 0.963589 -5.06817 0.0126491 0.999918 0.00198277 -3.90712 -0.963507 0.0127187 -0.26738 92.7998 0 0 0 1 
-0.146889 -0.00551075 0.989138 -3.95676 0.0100435 0.999925 0.00706233 -3.91156 -0.989102 0.0109718 -0.146823 92.6238 0 0 0 1 
-0.123828 0.185713 0.97477 -3.36091 0.0190749 0.982595 -0.18478 -3.92251 -0.99212 -0.00428735 -0.125216 92.5734 0 0 0 1 
-0.113228 0.249939 0.961618 -2.79315 0.0219082 0.968235 -0.249079 -4.04529 -0.993327 -0.00713539 -0.115107 92.5354 0 0 0 1 
-0.10252 0.156819 0.982292 -1.67723 0.0170477 0.987627 -0.155892 -4.33918 -0.994585 0.000763843 -0.103925 92.4691 0 0 0 1 
-0.0811693 0.329208 0.940762 -1.01825 0.0124482 0.944138 -0.329315 -4.44271 -0.996623 -0.0150195 -0.080733 92.4071 0 0 0 1 
-0.0224204 -0.39165 0.919841 0.238663 0.0254828 0.919549 0.392147 -4.89785 -0.999424 0.0322322 -0.0106363 92.3357 0 0 0 1 
-0.0135927 -0.269118 0.963011 1.46064 0.0271749 0.962645 0.269399 -4.3921 -0.999538 0.0298316 -0.00577168 92.3428 0 0 0 1 
-0.0387768 0.0828017 0.995811 4.13852 0.0352021 0.996055 -0.0814512 -3.66792 -0.998628 0.0318962 -0.0415386 92.3223 0 0 0 1 
-0.0760025 0.161531 0.983937 5.64024 0.0387588 0.986524 -0.158961 -3.80078 -0.996354 0.0260548 -0.081239 92.2604 0 0 0 1 
-0.120067 0.0756454 0.98988 6.42892 0.0458821 0.99645 -0.0705822 -3.93469 -0.991705 0.0369431 -0.123111 92.1942 0 0 0 1 
-0.0225281 0.0752898 0.996907 9.89349 0.0543033 0.99578 -0.0739776 -4.20445 -0.99827 0.0524688 -0.0265216 91.7786 0 0 0 1 
0.011166 -0.0669913 0.997691 11.6662 0.0603879 0.995977 0.0662004 -4.34413 -0.998113 0.0595092 0.0151665 91.7555 0 0 0 1 
-0.0210926 0.000879124 0.999777 13.5113 0.0550942 0.998481 0.000284356 -4.2326 -0.998258 0.0550879 -0.021109 91.8325 0 0 0 1 
0.0322113 -0.0583952 0.997774 17.5081 0.0435923 0.997424 0.0569675 -4.27706 -0.99853 0.0416603 0.0346739 91.9012 0 0 0 1 
0.0428984 -0.0177891 0.998921 19.4596 0.0299565 0.999415 0.0165114 -4.18412 -0.99863 0.0292159 0.0434062 92.0191 0 0 0 1 
0.0391609 0.00554493 0.999218 23.3559 0.0102834 0.999929 -0.00595191 -4.16533 -0.99918 0.0105085 0.0391011 92.218 0 0 0 1 
0.0204761 0.0177967 0.999632 26.2452 0.000393222 0.999841 -0.0178084 -4.22416 -0.99979 0.000757724 0.0204658 92.3007 0 0 0 1 
0.0207153 0.0250477 0.999472 27.2355 -0.00222708 0.999685 -0.0250069 -4.25516 -0.999783 -0.00170788 0.0207645 92.3136 0 0 0 1 
0.0266214 -0.00664512 0.999624 28.2647 -0.0105228 0.999921 0.00692733 -4.29698 -0.99959 -0.0107033 0.0265494 92.3313 0 0 0 1 
-0.00767478 0.390072 0.920753 29.2212 -0.0176803 0.920583 -0.390147 -4.30801 -0.999814 -0.0192734 -0.000168708 92.3502 0 0 0 1 
-0.0492896 0.817557 0.573734 30.0301 -0.0217934 0.573415 -0.818975 -4.66908 -0.998547 -0.0528706 -0.0104461 92.3371 0 0 0 1 
-0.0615363 -0.80862 0.585104 30.5258 -0.0167433 0.586969 0.809436 -5.4026 -0.997964 0.0400131 -0.0496589 92.3149 0 0 0 1 
-0.0601407 0.702514 0.709124 31.6257 -0.0111352 0.709893 -0.704221 -3.91794 -0.998128 -0.0502486 -0.0348708 92.1835 0 0 0 1 
-0.0911128 0.264871 0.95997 33.1561 0.00186207 0.964023 -0.265812 -5.49248 -0.995839 -0.0224314 -0.088328 92.0696 0 0 0 1 
-0.0916802 -0.940696 0.326627 34.0906 0.0125331 0.326892 0.944979 -5.76808 -0.99571 0.0907295 -0.0181797 91.9758 0 0 0 1 
-0.0821994 -0.148135 0.985545 34.4173 0.0173163 0.98853 0.150028 -4.84276 -0.996465 0.0293982 -0.0786914 91.9539 0 0 0 1 
-0.0752815 0.0020118 0.99716 37.6694 0.0198532 0.999803 -0.000518298 -4.39128 -0.996965 0.0197578 -0.0753066 91.6963 0 0 0 1 
-0.0559304 0.0313468 0.997942 39.8772 0.0182405 0.999372 -0.0303694 -4.41096 -0.998268 0.0165044 -0.056467 91.549 0 0 0 1 
-0.0754957 0.0400346 0.996342 42.1418 0.0182715 0.999081 -0.0387602 -4.49937 -0.996979 0.0152784 -0.0761579 91.4387 0 0 0 1 
-0.0886786 0.0231219 0.995792 46.4542 0.00596055 0.999725 -0.0226824 -4.71533 -0.996042 0.00392402 -0.0887921 91.1506 0 0 0 1 
-0.131203 -0.0787029 0.988227 50.3653 -0.0104771 0.996898 0.0780025 -4.87312 -0.9913 -0.0001196 -0.13162 90.7532 0 0 0 1 
-0.190582 0.0723622 0.979001 52.9278 -0.0173504 0.996875 -0.077061 -4.69769 -0.981518 -0.0316725 -0.188731 90.3115 0 0 0 1 
-0.223225 0.147879 0.963485 54.5452 -0.00955725 0.988046 -0.153863 -4.85376 -0.97472 -0.0435543 -0.219144 89.9413 0 0 0 1 
-0.219182 -0.00235393 0.975681 55.4788 0.0010346 0.999996 0.002645 -5.01494 -0.975683 0.00158917 -0.219179 89.7027 0 0 0 1 
-0.251952 0.0164961 0.967599 56.5528 0.00302017 0.999863 -0.0162598 -5.02643 -0.967735 -0.00117437 -0.251968 89.4304 0 0 0 1 
-0.283406 0.0142177 0.958895 57.6033 0.00545635 0.999898 -0.013213 -5.06174 -0.958984 0.00148741 -0.283455 89.1281 0 0 0 1 
-0.313344 -0.0258398 0.949288 58.5775 0.00902852 0.999503 0.0301869 -5.09444 -0.949597 0.0180296 -0.312955 88.8138 0 0 0 1 
-0.368889 0.107171 0.923274 62.0374 0.0129303 0.993826 -0.110194 -4.99779 -0.929384 -0.0287111 -0.367997 87.5362 0 0 0 1 
-0.370866 0.0214394 0.928439 62.9281 0.0144031 0.999746 -0.0173326 -5.12291 -0.928575 0.00694433 -0.371081 87.1805 0 0 0 1 
-0.369986 0.0287205 0.928593 64.6976 0.0185104 0.999552 -0.02354 -5.19516 -0.928853 0.00847917 -0.370351 86.4678 0 0 0 1 
-0.367339 0.036832 0.929358 65.5914 0.0192183 0.999303 -0.0320077 -5.22517 -0.929889 0.00610299 -0.367791 86.1156 0 0 0 1 
-0.36565 0.0388021 0.929943 66.5037 0.0199863 0.999228 -0.0338345 -5.26226 -0.930538 0.00621459 -0.366143 85.7594 0 0 0 1 
-0.366008 0.040425 0.929733 67.4283 0.0193194 0.999171 -0.0358387 -5.30445 -0.930411 0.00484462 -0.366485 85.3993 0 0 0 1 
-0.372683 0.0268277 0.927571 69.2861 0.0201607 0.99958 -0.0208101 -5.3892 -0.92774 0.0109449 -0.373067 84.6629 0 0 0 1 
-0.379009 0.0285242 0.924953 70.2239 0.0202692 0.999541 -0.0225188 -5.42284 -0.925171 0.0102133 -0.379414 84.2822 0 0 0 1 
-0.398749 0.0275162 0.916647 72.0917 0.0191262 0.999582 -0.0216857 -5.49772 -0.91686 0.00888482 -0.399109 83.4897 0 0 0 1 
-0.412952 0.0302411 0.91025 73.024 0.0212982 0.999496 -0.0235438 -5.5264 -0.910504 0.00966421 -0.413388 83.0658 0 0 0 1 
-0.428062 0.0405481 0.902839 73.9597 0.0216081 0.999167 -0.0346294 -5.56207 -0.903491 0.00468509 -0.428582 82.624 0 0 0 1 
-0.464154 0.0563405 0.883961 76.7435 0.0277901 0.99841 -0.0490429 -5.72215 -0.885318 0.00180185 -0.464982 81.2036 0 0 0 1 
-0.477227 0.055002 0.877057 78.6364 0.028422 0.998483 -0.0471518 -5.84005 -0.87832 0.0024256 -0.478067 80.1889 0 0 0 1 
-0.481639 0.0415866 0.875382 82.427 0.0305981 0.999062 -0.030627 -6.08276 -0.875835 0.0120339 -0.48246 78.1126 0 0 0 1 
-0.482266 0.0470262 0.874762 83.3836 0.0293659 0.998865 -0.0375081 -6.13299 -0.875533 0.00759933 -0.483099 77.5924 0 0 0 1 
-0.489442 0.0350294 0.871332 86.1875 0.0188456 0.999384 -0.0295915 -6.29787 -0.871832 0.00193741 -0.489801 76.0596 0 0 0 1 
-0.495812 0.0412178 0.867451 87.1276 0.0146554 0.999128 -0.039098 -6.34693 -0.868306 -0.00667243 -0.495984 75.5348 0 0 0 1 
-0.535374 0.0220072 0.844328 90.7522 0.00710409 0.999742 -0.0215535 -6.5573 -0.844585 -0.00554097 -0.535392 73.3652 0 0 0 1 
-0.54669 0.0196166 0.837105 91.6309 0.00667868 0.999796 -0.0190674 -6.59513 -0.837308 -0.00483319 -0.546709 72.7975 0 0 0 1 
-0.558805 0.0198055 0.829063 92.4881 0.00614607 0.999786 -0.0197413 -6.63214 -0.829277 -0.00593607 -0.558807 72.225 0 0 0 1 
-0.571887 0.0259572 0.819922 93.3419 0.00634344 0.999609 -0.0272213 -6.67068 -0.820308 -0.0103664 -0.571828 71.635 0 0 0 1 
-0.608831 0.0269965 0.792841 95.8107 0.00524364 0.999536 -0.0300079 -6.80775 -0.793283 -0.0141124 -0.60869 69.8185 0 0 0 1 
-0.641328 0.0227427 0.766929 98.1634 0.0103609 0.999726 -0.0209821 -6.94202 -0.767197 -0.00551029 -0.641388 67.903 0 0 0 1 
-0.649268 0.0251095 0.760145 98.9248 0.0139141 0.99968 -0.0211374 -6.97781 -0.760432 -0.00314709 -0.64941 67.2475 0 0 0 1 
-0.655293 0.0341449 0.754602 99.6803 0.0183855 0.999403 -0.029256 -7.01508 -0.755151 -0.00529748 -0.65553 66.5868 0 0 0 1 
-0.661046 0.0375409 0.749405 102.579 0.0304153 0.999267 -0.0232283 -7.18979 -0.749728 0.00743838 -0.661704 64.0198 0 0 0 1 
-0.655171 0.0383145 0.754508 103.963 0.0337012 0.999201 -0.021476 -7.26478 -0.754728 0.0113574 -0.655939 62.8125 0 0 0 1 
-0.645216 0.039871 0.762959 105.293 0.0369758 0.999097 -0.0209417 -7.33741 -0.763105 0.0146991 -0.646108 61.6809 0 0 0 1 
-0.635812 0.0385323 0.770881 106.572 0.0358818 0.999149 -0.0203473 -7.4062 -0.771009 0.0147235 -0.636654 60.6347 0 0 0 1 
-0.628575 0.0396784 0.776737 107.777 0.0350606 0.999128 -0.0226661 -7.47056 -0.776959 0.0129855 -0.629418 59.6703 0 0 0 1 
-0.630025 0.051705 0.774852 110.05 0.0386921 0.998632 -0.0351773 -7.61022 -0.77561 0.00781803 -0.631164 57.8404 0 0 0 1 
-0.637385 0.0519662 0.768791 111.168 0.0413138 0.998593 -0.0332474 -7.66349 -0.769437 0.0105703 -0.638635 56.9097 0 0 0 1 
-0.654374 0.0363461 0.755297 113.36 0.0337204 0.999253 -0.018871 -7.78015 -0.755418 0.0131202 -0.655111 55.0496 0 0 0 1 
-0.65958 0.0403836 0.750549 114.449 0.0299546 0.999175 -0.0274371 -7.82054 -0.751038 0.00438545 -0.660245 54.1069 0 0 0 1 
-0.662991 0.0420335 0.747446 115.568 0.0263341 0.999114 -0.0328278 -7.87908 -0.748164 -0.00208122 -0.663511 53.1287 0 0 0 1 
-0.658912 0.030111 0.751617 117.89 0.0267633 0.999504 -0.0165795 -7.99428 -0.751744 0.00919129 -0.659391 51.0865 0 0 0 1 
-0.647413 0.0305973 0.761525 119.105 0.0274335 0.999482 -0.0168354 -8.04258 -0.761645 0.00999186 -0.647917 50.0576 0 0 0 1 
-0.623079 0.0161126 0.781993 121.679 0.00656708 0.99986 -0.0153691 -8.13577 -0.782131 -0.00444077 -0.623098 48.0331 0 0 0 1 
-0.620213 0.0166661 0.784256 122.351 -0.00443808 0.999684 -0.0247539 -8.15802 -0.784421 -0.0188333 -0.619943 47.5321 0 0 0 1 
-0.614916 0.0144577 0.78846 124.443 -0.0223397 0.999111 -0.035743 -8.25221 -0.788276 -0.0395929 -0.614047 45.9659 0 0 0 1 
-0.612394 0.0109679 0.790477 125.89 -0.0242549 0.999172 -0.0326541 -8.32511 -0.790181 -0.0391701 -0.611621 44.8662 0 0 0 1 
-0.615187 0.0139619 0.788257 128.86 -0.0200181 0.999244 -0.0333219 -8.47755 -0.788127 -0.0362786 -0.614443 42.5824 0 0 0 1 
-0.61773 0.0113138 0.786309 130.408 -0.0167223 0.999481 -0.0275181 -8.55477 -0.786213 -0.0301476 -0.61722 41.3715 0 0 0 1 
-0.620966 0.00899587 0.783786 131.994 -0.0250299 0.999197 -0.0312986 -8.6232 -0.783438 -0.0390534 -0.620242 40.1477 0 0 0 1 
-0.626161 -0.00691237 0.779663 135.24 -0.0287457 0.999486 -0.0142249 -8.77267 -0.779164 -0.031319 -0.626038 37.5882 0 0 0 1 
-0.626324 -0.0106666 0.77949 137.672 -0.038916 0.999088 -0.0175977 -8.86214 -0.778591 -0.0413565 -0.626167 35.6781 0 0 0 1 
-0.62542 -0.00861799 0.780241 138.486 -0.0436392 0.99876 -0.0239484 -8.89139 -0.779067 -0.0490269 -0.62502 35.0475 0 0 0 1 
-0.619295 -0.00286879 0.785153 140.922 -0.0297379 0.999362 -0.0198045 -8.9993 -0.784595 -0.0356136 -0.618985 33.1244 0 0 0 1 
-0.611681 0.00697471 0.791074 142.539 -0.0188881 0.999547 -0.0234176 -9.07011 -0.790879 -0.029266 -0.611272 31.8615 0 0 0 1 
-0.609349 0.00835058 0.792858 144.966 -0.0136001 0.999687 -0.0209813 -9.1823 -0.792785 -0.0235679 -0.609045 30.0089 0 0 0 1 
-0.613614 -0.00594427 0.789584 147.397 -0.0222768 0.999704 -0.009786 -9.2759 -0.789292 -0.0235942 -0.613565 28.1726 0 0 0 1 
-0.616888 -0.0106626 0.786979 148.996 -0.0317987 0.999429 -0.0113849 -9.32545 -0.786408 -0.0320482 -0.616875 26.9599 0 0 0 1 
-0.623235 0.0030015 0.782029 152.139 -0.0254011 0.999387 -0.0240791 -9.46246 -0.781622 -0.0348713 -0.622777 24.4953 0 0 0 1 
-0.623386 -0.00433738 0.781902 153.702 -0.0233319 0.999643 -0.0130565 -9.52919 -0.781566 -0.0263825 -0.623264 23.2601 0 0 0 1 
-0.620925 0.00269657 0.783866 156.753 -0.0233728 0.999486 -0.0219526 -9.65888 -0.783522 -0.0319521 -0.620542 20.8742 0 0 0 1 
-0.62129 -0.00504402 0.783564 158.24 -0.0206057 0.999739 -0.00990273 -9.72039 -0.78331 -0.0222984 -0.621232 19.7168 0 0 0 1 
-0.628697 0.0157022 0.777492 160.99 -0.00866394 0.999593 -0.0271936 -9.84396 -0.777602 -0.0238326 -0.628305 17.5258 0 0 0 1 
-0.636406 0.00121912 0.771353 162.283 -0.00144724 0.999995 -0.00277453 -9.90742 -0.771353 -0.00288206 -0.636401 16.4585 0 0 0 1 
-0.643477 2.03425e-05 0.765465 163.486 -0.000556223 1 -0.000494157 -9.94882 -0.765465 -0.000743748 -0.643477 15.4649 0 0 0 1 
-0.645804 0.0229325 0.763159 165.605 0.0190899 0.999721 -0.0138867 -10.03 -0.763264 0.00560054 -0.646062 13.6471 0 0 0 1 
-0.627628 0.0284346 0.777994 166.582 0.0363521 0.999313 -0.00719736 -10.0722 -0.777664 0.0237645 -0.62823 12.8306 0 0 0 1 
-0.585802 0.0402342 0.809455 167.565 0.0554116 0.998418 -0.00952529 -10.1046 -0.808558 0.0392732 -0.587105 12.0919 0 0 0 1 
-0.521117 0.0424356 0.85243 168.594 0.0661893 0.997765 -0.00920708 -10.1356 -0.850915 0.0516238 -0.522761 11.4514 0 0 0 1 
-0.444942 0.0355708 0.894853 169.681 0.058015 0.998257 -0.0108348 -10.1688 -0.893678 0.0470941 -0.44623 10.9483 0 0 0 1 
-0.405816 0.0390101 0.913122 170.23 0.0596295 0.99809 -0.0161391 -10.1904 -0.912007 0.0478995 -0.407367 10.7319 0 0 0 1 
-0.36627 0.0438666 0.929474 170.784 0.0633164 0.997748 -0.0221382 -10.2138 -0.928352 0.0507424 -0.368222 10.5351 0 0 0 1 
-0.326296 0.0491459 0.943989 171.347 0.0643905 0.997483 -0.0296739 -10.2372 -0.943072 0.0511015 -0.328639 10.3663 0 0 0 1 
-0.244049 0.0467883 0.968633 172.528 0.0618435 0.997553 -0.0326036 -10.2785 -0.967789 0.0519468 -0.246346 10.1016 0 0 0 1 
-0.203633 0.0422194 0.978137 173.139 0.0615255 0.997647 -0.0302529 -10.3047 -0.977112 0.0540199 -0.205751 9.99946 0 0 0 1 
-0.134563 0.027526 0.990523 174.4 0.0515747 0.998454 -0.02074 -10.3614 -0.989562 0.0482951 -0.135774 9.86841 0 0 0 1 
-0.105154 0.025494 0.994129 175.041 0.0488066 0.998599 -0.0204461 -10.3793 -0.993258 0.0463701 -0.106251 9.82446 0 0 0 1 
-0.0638668 0.01892 0.997779 176.349 0.0362471 0.999205 -0.0166269 -10.4243 -0.9973 0.0351047 -0.0645018 9.78008 0 0 0 1 
-0.0521738 0.0175793 0.998483 177.015 0.0260299 0.999529 -0.0162375 -10.4463 -0.998299 0.0251432 -0.0526068 9.77566 0 0 0 1 
-0.0394454 0.0237934 0.998938 179.053 0.0141537 0.999629 -0.023251 -10.5067 -0.999121 0.0132215 -0.0397675 9.73611 0 0 0 1 
-0.0491639 0.0158181 0.998665 181.16 0.0148803 0.999775 -0.0151031 -10.5665 -0.99868 0.0141179 -0.0493882 9.65301 0 0 0 1 
-0.0663113 0.0341823 0.997213 183.306 0.015668 0.999325 -0.0332128 -10.6457 -0.997676 0.0134219 -0.0668022 9.52994 0 0 0 1 
-0.0783975 0.037226 0.996227 184.784 0.0193688 0.999171 -0.0358118 -10.6929 -0.996734 0.0164881 -0.0790535 9.41357 0 0 0 1 
-0.0976173 0.0213478 0.994995 187.067 0.0110515 0.999732 -0.0203652 -10.7879 -0.995163 0.00900821 -0.097827 9.22605 0 0 0 1 
-0.102002 0.024731 0.994477 187.832 0.00982181 0.999667 -0.0238526 -10.8122 -0.994736 0.00733455 -0.102211 9.15637 0 0 0 1 
-0.105531 0.0272964 0.994041 188.598 0.0147637 0.999556 -0.0258805 -10.838 -0.994306 0.0119445 -0.105888 9.07599 0 0 0 1 
-0.108878 0.0300903 0.9936 189.378 0.0252504 0.999303 -0.0274961 -10.8643 -0.993734 0.022095 -0.109562 8.98202 0 0 0 1 
-0.112516 0.0297163 0.993205 190.17 0.0301787 0.999194 -0.0264766 -10.8906 -0.993192 0.0269946 -0.113322 8.88993 0 0 0 1 
-0.108314 0.0238141 0.993831 193.369 0.0292544 0.999356 -0.0207582 -11.0007 -0.993686 0.0268256 -0.108941 8.55873 0 0 0 1 
-0.100994 0.0195398 0.994695 198.238 0.0271548 0.999489 -0.0168769 -11.1424 -0.994516 0.0253063 -0.101473 8.07808 0 0 0 1 
-0.0997034 0.0234616 0.994741 199.049 0.0279009 0.999395 -0.0207749 -11.1662 -0.994626 0.0256828 -0.100298 7.99984 0 0 0 1 
-0.101726 0.0211623 0.994587 200.693 0.0237798 0.99954 -0.0188355 -11.2116 -0.994528 0.021735 -0.102182 7.85535 0 0 0 1 
-0.102788 0.0193045 0.994516 201.513 0.0289837 0.999445 -0.0164046 -11.2391 -0.994281 0.0271386 -0.103291 7.76659 0 0 0 1 
-0.106783 0.0258479 0.993946 203.162 0.0252969 0.999409 -0.0232723 -11.2893 -0.99396 0.0226587 -0.107374 7.60622 0 0 0 1 
-0.115154 0.0316128 0.992844 205.68 0.0282425 0.999194 -0.0285393 -11.3796 -0.992946 0.024754 -0.115954 7.33289 0 0 0 1 
-0.116673 0.030413 0.992705 206.533 0.0300973 0.99918 -0.0270741 -11.4141 -0.992714 0.026719 -0.117492 7.23499 0 0 0 1 
-0.11827 0.0232987 0.992708 209.133 0.040839 0.998993 -0.0185807 -11.5029 -0.992141 0.0383437 -0.119102 6.92176 0 0 0 1 
-0.119178 0.0228462 0.99261 210.013 0.0465937 0.998762 -0.0173936 -11.5304 -0.991779 0.0441765 -0.120095 6.81633 0 0 0 1 
-0.113877 0.0262405 0.993148 213.536 0.0616633 0.99791 -0.0192959 -11.6376 -0.991579 0.0590434 -0.115258 6.39199 0 0 0 1 
-0.111667 0.0252084 0.993426 214.417 0.0590779 0.998078 -0.0186858 -11.6655 -0.991988 0.0566029 -0.112941 6.30146 0 0 0 1 
-0.109788 0.0225575 0.993699 215.319 0.0552165 0.998337 -0.0165622 -11.6901 -0.99242 0.0530502 -0.110851 6.21551 0 0 0 1 
-0.101786 0.0387436 0.994052 218.841 0.0563623 0.997861 -0.0331208 -11.8108 -0.993208 0.0526558 -0.103752 5.86485 0 0 0 1 
-0.101906 0.0166737 0.994654 220.634 0.0547869 0.998436 -0.0111239 -11.8842 -0.993284 0.0533604 -0.102661 5.69095 0 0 0 1 
-0.106136 0.0274674 0.993972 224.166 0.0421458 0.998844 -0.0231017 -11.9853 -0.993458 0.0394398 -0.107171 5.3582 0 0 0 1 
-0.106148 0.0225206 0.994095 225.059 0.0473789 0.998723 -0.0175664 -12.0143 -0.993221 0.0452345 -0.107079 5.25926 0 0 0 1 
-0.107064 0.0147356 0.994143 226.865 0.0533295 0.998536 -0.00905735 -12.0634 -0.992821 0.0520474 -0.107694 5.06753 0 0 0 1 
-0.107506 0.0194813 0.994014 227.768 0.0585614 0.998196 -0.0132297 -12.0873 -0.992478 0.0567886 -0.108453 4.97003 0 0 0 1 
-0.102647 0.021522 0.994485 231.423 0.071707 0.997325 -0.0141821 -12.1883 -0.99213 0.0698558 -0.103916 4.57726 0 0 0 1 
-0.101811 0.0199939 0.994603 232.349 0.073566 0.997212 -0.0125159 -12.2136 -0.99208 0.0718947 -0.102998 4.48376 0 0 0 1 
-0.101431 0.0197392 0.994647 234.209 0.0627082 0.997942 -0.0134099 -12.2581 -0.992864 0.0610124 -0.10246 4.32125 0 0 0 1 
-0.102059 0.018686 0.994603 235.135 0.0628054 0.99795 -0.0123043 -12.2819 -0.992794 0.0612106 -0.103023 4.2321 0 0 0 1 
-0.104662 0.0202418 0.994302 236.065 0.0601734 0.99809 -0.0139849 -12.3104 -0.992686 0.0583669 -0.10568 4.14423 0 0 0 1 
-0.110049 0.0148868 0.993815 238.87 0.0664015 0.997764 -0.00759313 -12.3783 -0.991706 0.0651551 -0.110791 3.84665 0 0 0 1 
-0.111876 0.0185449 0.993549 239.804 0.0655556 0.997786 -0.0112423 -12.4033 -0.991557 0.0638749 -0.112844 3.74633 0 0 0 1 
-0.115356 0.0204494 0.993114 242.606 0.0698976 0.997477 -0.0124202 -12.4755 -0.990862 0.0679835 -0.116495 3.42784 0 0 0 1 
-0.117902 0.0118035 0.992955 243.556 0.0643631 0.997918 -0.0042201 -12.5019 -0.990937 0.0634121 -0.118416 3.33299 0 0 0 1 
-0.12215 0.0169818 0.992366 246.369 0.0544344 0.998463 -0.0103859 -12.5595 -0.991018 0.0527502 -0.122887 3.02912 0 0 0 1 
-0.120187 0.0253865 0.992427 249.151 0.0670025 0.997601 -0.0174045 -12.6353 -0.990488 0.0644033 -0.1216 2.68337 0 0 0 1 
-0.115467 0.0211399 0.993086 250.999 0.0673914 0.997637 -0.0134012 -12.6956 -0.991023 0.0653781 -0.116618 2.47371 0 0 0 1 
-0.108597 0.0256748 0.993754 253.728 0.0685018 0.997483 -0.0182853 -12.7777 -0.991723 0.0660883 -0.110083 2.18179 0 0 0 1 
-0.108164 0.0189267 0.993953 254.636 0.0721904 0.997329 -0.0111351 -12.8121 -0.991509 0.0705495 -0.109241 2.08373 0 0 0 1 
-0.100176 0.0301221 0.994514 258.218 0.0740019 0.996999 -0.0227433 -12.9275 -0.992214 0.0713176 -0.102104 1.72453 0 0 0 1 
-0.0931895 0.0191377 0.995464 260.866 0.0732662 0.997236 -0.012313 -13.0164 -0.992949 0.0717865 -0.0943341 1.48356 0 0 0 1 
-0.0907033 0.022235 0.99563 261.724 0.0793495 0.996734 -0.0150308 -13.0407 -0.992712 0.0776394 -0.0921713 1.3995 0 0 0 1 
-0.0871853 0.0239446 0.995904 263.409 0.0784681 0.99677 -0.017096 -13.0955 -0.993097 0.0766562 -0.0887826 1.25798 0 0 0 1 
-0.0857687 0.0204589 0.996105 264.239 0.0785451 0.996816 -0.0137104 -13.119 -0.993214 0.0770633 -0.0871025 1.19027 0 0 0 1 
-0.0855471 0.00932734 0.99629 265.856 0.0778636 0.996961 -0.0026478 -13.1677 -0.993287 0.0773483 -0.0860133 1.05847 0 0 0 1 
-0.0854249 0.0131331 0.996258 266.632 0.0792034 0.996838 -0.00634941 -13.1886 -0.993192 0.0783647 -0.086195 0.994243 0 0 0 1 
-0.0858958 0.018909 0.996125 267.392 0.0784422 0.996845 -0.0121586 -13.2073 -0.993211 0.0770938 -0.087108 0.932164 0 0 0 1 
-0.0877583 0.0241957 0.995848 268.142 0.0788983 0.996733 -0.0172644 -13.2289 -0.993012 0.0770556 -0.0893806 0.869182 0 0 0 1 
-0.0901738 0.0258989 0.995589 268.887 0.0792447 0.996679 -0.0187498 -13.2514 -0.992768 0.0772044 -0.0919267 0.802947 0 0 0 1 
-0.104816 0.024556 0.994188 271.043 0.0822308 0.996486 -0.0159433 -13.3255 -0.991086 0.0800818 -0.106467 0.58102 0 0 0 1 
-0.123611 0.0265093 0.991977 272.402 0.0827067 0.99644 -0.0163225 -13.3698 -0.988878 0.0800254 -0.125364 0.415725 0 0 0 1 
-0.170156 0.0179713 0.985253 274.967 0.0978744 0.995198 -0.00124949 -13.4365 -0.980545 0.0962185 -0.171098 -0.0212398 0 0 0 1 
-0.212346 0.0157173 0.977068 277.267 0.113349 0.993518 0.0086522 -13.4698 -0.970598 0.112587 -0.212751 -0.530914 0 0 0 1 
-0.231755 0.0225138 0.972514 278.283 0.119049 0.992874 0.00538484 -13.4742 -0.965462 0.117025 -0.232784 -0.788917 0 0 0 1 
-0.246732 0.0219938 0.968834 279.22 0.124912 0.992124 0.00928869 -13.4826 -0.961 0.123311 -0.247536 -1.04438 0 0 0 1 
-0.238651 0.0246553 0.970792 281.468 0.13433 0.990906 0.00785636 -13.5071 -0.96177 0.132281 -0.239793 -1.63427 0 0 0 1 
-0.129731 0.030119 0.991092 283.15 0.131452 0.991238 -0.0129168 -13.556 -0.982797 0.128605 -0.132553 -1.85905 0 0 0 1 
-0.0665993 0.0280137 0.997386 283.683 0.126125 0.991824 -0.0194356 -13.5739 -0.989776 0.124501 -0.069588 -1.84569 0 0 0 1 
0.00404537 0.0194381 0.999803 284.213 0.121304 0.992418 -0.0197853 -13.5955 -0.992607 0.12136 0.00165679 -1.79068 0 0 0 1 
0.0848572 0.0151229 0.996278 284.726 0.109637 0.993672 -0.0244216 -13.6284 -0.990343 0.111301 0.0826622 -1.67604 0 0 0 1 
0.17869 0.0165098 0.983767 285.241 0.0957067 0.994826 -0.0340794 -13.6658 -0.97924 0.100243 0.176185 -1.50376 0 0 0 1 
0.281154 0.0202638 0.959449 285.772 0.0868298 0.995139 -0.046462 -13.7069 -0.955726 0.0963717 0.278028 -1.27525 0 0 0 1 
0.336184 0.0210311 0.941562 286.045 0.0888197 0.994587 -0.0539284 -13.7307 -0.937599 0.101759 0.332496 -1.1448 0 0 0 1 
0.392691 0.0214211 0.919421 286.323 0.094703 0.993472 -0.0635948 -13.7511 -0.914781 0.112045 0.388099 -1.00293 0 0 0 1 
0.448172 0.0196905 0.89373 286.606 0.0969376 0.992792 -0.0704835 -13.7744 -0.888676 0.118225 0.443033 -0.829498 0 0 0 1 
0.557072 0.0234267 0.830134 287.133 0.0786857 0.993616 -0.0808433 -13.8404 -0.826728 0.110355 0.551672 -0.378799 0 0 0 1 
0.659862 0.0322789 0.750693 287.633 0.0533774 0.994539 -0.0896829 -13.9174 -0.749488 0.0992484 0.654536 0.190571 0 0 0 1 
0.754432 0.0283578 0.655765 288.126 0.0447232 0.994524 -0.0944593 -13.9954 -0.654853 0.100591 0.749032 0.852119 0 0 0 1 
0.827479 0.0312699 0.560625 288.56 0.0210713 0.996015 -0.0866559 -14.0976 -0.561101 0.083519 0.823523 1.64683 0 0 0 1 
0.856815 0.0372277 0.514279 288.749 0.00770717 0.996354 -0.0849647 -14.1457 -0.515567 0.0767627 0.853404 2.07011 0 0 0 1 
0.931188 0.0635014 0.358965 289.47 -0.0349187 0.995721 -0.0855622 -14.3427 -0.362863 0.0671399 0.929421 4.13577 0 0 0 1 
0.963989 0.0581759 0.259503 290.17 -0.040869 0.996596 -0.0716005 -14.5681 -0.262785 0.0584164 0.963084 6.65066 0 0 0 1 
0.984542 0.0600907 0.164518 290.697 -0.0519691 0.997229 -0.0532372 -14.7839 -0.167261 0.0438645 0.984936 9.59918 0 0 0 1 
0.988773 0.0698911 0.132074 290.881 -0.0649305 0.997026 -0.0415051 -14.8531 -0.134582 0.0324635 0.990371 11.1981 0 0 0 1 
0.993494 0.0612017 0.0960461 291.15 -0.0625396 0.997982 0.0109785 -14.9433 -0.0951804 -0.0169137 0.995316 13.8536 0 0 0 1 
0.994383 0.07443 0.0752532 291.405 -0.0750689 0.997162 0.00569306 -14.9273 -0.0746159 -0.0113103 0.997148 17.6267 0 0 0 1 
0.994574 0.0713146 0.0757474 291.628 -0.0710464 0.997454 -0.00623338 -14.924 -0.0759991 0.000817973 0.997108 20.688 0 0 0 1 
0.994281 0.0730825 0.0778776 291.702 -0.0725518 0.997318 -0.00962673 -14.932 -0.0783723 0.00392152 0.996916 21.7243 0 0 0 1 
0.994011 0.072742 0.0815473 291.78 -0.0728658 0.997341 -0.00146028 -14.9428 -0.0814366 -0.00449047 0.996668 22.7683 0 0 0 1 
0.994118 0.0656661 0.0861248 291.884 -0.0676223 0.997511 0.0199936 -14.9477 -0.0845976 -0.0256999 0.996084 23.8967 0 0 0 1 
0.993613 0.0578455 0.096886 292.285 -0.0589652 0.998222 0.008731 -14.9052 -0.0962087 -0.0143881 0.995257 28.2496 0 0 0 1 
0.993092 0.0583457 0.101806 292.498 -0.0594206 0.998204 0.00755534 -14.9027 -0.101182 -0.0135525 0.994776 30.4326 0 0 0 1 
0.993171 0.0505774 0.105131 292.959 -0.0529563 0.998397 0.0199585 -14.8662 -0.103953 -0.0253896 0.994258 34.9271 0 0 0 1 
0.993171 0.0551056 0.10283 293.406 -0.0556608 0.998447 0.00253552 -14.8607 -0.102531 -0.00824181 0.994696 39.5005 0 0 0 1 
0.993211 0.0558745 0.102032 293.519 -0.0565472 0.998393 0.00371002 -14.8694 -0.10166 -0.00945444 0.994774 40.686 0 0 0 1 
0.992982 0.0602032 0.101791 293.626 -0.0608653 0.99814 0.00340843 -14.8786 -0.101397 -0.00958006 0.9948 41.891 0 0 0 1 
0.992848 0.0624589 0.101745 293.737 -0.0635037 0.997957 0.0070582 -14.8841 -0.101097 -0.0134689 0.994785 43.1136 0 0 0 1 
0.992566 0.0689863 0.100272 293.952 -0.0710498 0.997325 0.0171515 -14.8845 -0.0988203 -0.0241483 0.994812 45.5167 0 0 0 1 
0.992584 0.0711237 0.0985773 294.059 -0.0730299 0.997204 0.0158609 -14.8835 -0.0971736 -0.0229424 0.995003 46.7022 0 0 0 1 
0.992679 0.0706768 0.0979474 294.164 -0.0724943 0.997254 0.0151181 -14.8755 -0.0966099 -0.0221081 0.995077 47.8543 0 0 0 1 
0.992818 0.0692705 0.0975441 294.379 -0.0710875 0.997353 0.0152726 -14.8742 -0.096228 -0.0220971 0.995114 50.2148 0 0 0 1 
0.992461 0.0693766 0.10103 294.791 -0.0707757 0.997439 0.0103261 -14.8796 -0.100055 -0.0173987 0.99483 54.5949 0 0 0 1 
0.991672 0.0763177 0.103745 294.996 -0.0768102 0.997045 0.000754498 -14.892 -0.103381 -0.00871687 0.994604 56.7719 0 0 0 1 
0.991152 0.07762 0.107666 295.103 -0.0780847 0.996947 0.000100806 -14.901 -0.107329 -0.00850696 0.994187 57.8862 0 0 0 1 
0.990444 0.082628 0.110423 295.213 -0.0837029 0.996478 0.00512683 -14.9124 -0.109611 -0.0143206 0.993871 59.039 0 0 0 1 
0.990063 0.0819936 0.114247 295.337 -0.0839676 0.996389 0.0125658 -14.9145 -0.112804 -0.022034 0.993373 60.2081 0 0 0 1 
0.99009 0.0797837 0.115573 295.469 -0.0821408 0.996496 0.0157704 -14.9176 -0.11391 -0.0251073 0.993174 61.3799 0 0 0 1 
0.990474 0.0742328 0.11598 295.609 -0.0763972 0.996975 0.0143231 -14.9196 -0.114566 -0.0230472 0.993148 62.5661 0 0 0 1 
0.991494 0.0666567 0.111792 295.876 -0.0675629 0.997706 0.00433283 -14.9225 -0.111247 -0.011849 0.993722 64.8472 0 0 0 1 
0.991714 0.0651868 0.110699 295.994 -0.0675958 0.997548 0.0181458 -14.9271 -0.109245 -0.0254782 0.993688 66.0021 0 0 0 1 
0.99203 0.0782594 0.0987489 296.411 -0.0783277 0.996923 -0.00319112 -14.9111 -0.0986948 -0.00456909 0.995107 70.4962 0 0 0 1 
0.992515 0.0780056 0.0939664 296.707 -0.0789407 0.99686 0.00626978 -14.946 -0.0931822 -0.0136406 0.995556 73.8659 0 0 0 1 
0.992278 0.0818463 0.0931981 296.797 -0.0828266 0.996541 0.00669284 -14.9521 -0.092328 -0.0143604 0.995625 74.9736 0 0 0 1 
0.991859 0.0842026 0.0955285 296.983 -0.0849913 0.996373 0.00420995 -14.9685 -0.0948275 -0.0122948 0.995418 77.1726 0 0 0 1 
0.991843 0.0770051 0.101579 297.399 -0.078137 0.996917 0.00720593 -15.0016 -0.100711 -0.0150842 0.994801 81.601 0 0 0 1 
0.992118 0.0725357 0.10218 297.618 -0.0722231 0.997366 -0.00676034 -15.0236 -0.102401 -0.000672714 0.994743 83.7818 0 0 0 1 
0.991936 0.0670603 0.107543 297.844 -0.0693252 0.997441 0.017458 -15.0475 -0.106097 -0.0247726 0.994047 86.0215 0 0 0 1 
0.99107 0.0696992 0.113676 298.421 -0.0690552 0.997567 -0.00959784 -15.0821 -0.114068 0.00166224 0.993472 91.5208 0 0 0 1 
0.990745 0.0680397 0.117456 298.547 -0.068684 0.997637 0.00144192 -15.1023 -0.11708 -0.0094959 0.993077 92.6414 0 0 0 1 
0.990477 0.0651583 0.121284 298.677 -0.0669142 0.997704 0.0104569 -15.1132 -0.120324 -0.0184729 0.992563 93.7536 0 0 0 1 
0.989881 0.0616002 0.127833 298.951 -0.0627802 0.998014 0.00521822 -15.1227 -0.127258 -0.0131908 0.991782 95.9517 0 0 0 1 
0.989294 0.0624614 0.131896 299.091 -0.0628307 0.998023 -0.0013638 -15.1333 -0.13172 -0.00693792 0.991263 97.0433 0 0 0 1 
0.987813 0.0614952 0.142985 299.383 -0.0616785 0.998091 -0.00315446 -15.1631 -0.142906 -0.00570306 0.98972 99.222 0 0 0 1 
0.986796 0.0600487 0.150426 299.542 -0.0610798 0.99813 0.00223935 -15.1796 -0.15001 -0.0113978 0.988619 100.299 0 0 0 1 
0.984744 0.0491308 0.166927 300.073 -0.0511817 0.998657 0.00800371 -15.2104 -0.166309 -0.0164252 0.985937 103.538 0 0 0 1 
0.983452 0.0401068 0.176673 300.453 -0.0414444 0.999133 0.00388619 -15.2243 -0.176364 -0.011144 0.984262 105.667 0 0 0 1 
0.982514 0.0468088 0.180209 300.632 -0.0484674 0.998813 0.00480919 -15.2349 -0.17977 -0.0134594 0.983617 106.729 0 0 0 1 
0.9811 0.0526918 0.186189 301.004 -0.0531715 0.998582 -0.0024198 -15.259 -0.186053 -0.00752588 0.982511 108.829 0 0 0 1 
0.980598 0.0550035 0.188154 301.195 -0.05553 0.998454 -0.00247588 -15.2722 -0.187999 -0.00802033 0.982136 109.885 0 0 0 1 
0.981015 0.0499583 0.187387 301.586 -0.0510916 0.998693 0.00121995 -15.3052 -0.187081 -0.0107707 0.982285 111.979 0 0 0 1 
0.981753 0.0435101 0.185114 301.787 -0.0443699 0.999015 0.000502429 -15.3194 -0.18491 -0.00870676 0.982717 113.017 0 0 0 1 
0.982475 0.0377675 0.182527 301.982 -0.0388259 0.999244 0.00222724 -15.3315 -0.182305 -0.00927497 0.983198 114.054 0 0 0 1 
0.983137 0.0342437 0.179635 302.17 -0.0358795 0.999339 0.00586433 -15.3448 -0.179316 -0.0122107 0.983716 115.09 0 0 0 1 
0.98448 0.0349456 0.171984 302.508 -0.0361537 0.999339 0.00389604 -15.3678 -0.171734 -0.0100534 0.985092 117.103 0 0 0 1 
0.984809 0.0345226 0.170174 302.662 -0.0349706 0.999388 -0.000365511 -15.3808 -0.170082 -0.00559111 0.985414 118.084 0 0 0 1 
0.986521 0.0121225 0.163188 303.339 -0.0147288 0.999782 0.0147706 -15.4343 -0.162973 -0.0169751 0.986484 122.083 0 0 0 1 
0.986396 0.00231434 0.164371 303.977 -0.00314289 0.999984 0.00478084 -15.4463 -0.164358 -0.0052324 0.986387 125.885 0 0 0 1 
0.985285 0.00218178 0.170906 304.283 -0.00391176 0.999944 0.00978635 -15.4618 -0.170875 -0.0103109 0.985239 127.724 0 0 0 1 
0.98097 -0.000691374 0.194157 304.938 -0.00154644 0.999934 0.011374 -15.4769 -0.194153 -0.0114578 0.980904 131.238 0 0 0 1 
0.977218 -0.00207319 0.212229 305.297 0.000640958 0.999977 0.0068171 -15.4903 -0.212238 -0.00652577 0.977196 132.899 0 0 0 1 
0.968458 0.0100082 0.248976 306.024 -0.010675 0.999942 0.00132805 -15.5346 -0.248948 -0.00394398 0.968509 135.945 0 0 0 1 
0.963714 0.0201942 0.266172 306.379 -0.0185428 0.99979 -0.00871612 -15.5519 -0.266292 0.00346428 0.963886 137.311 0 0 0 1 
0.958804 0.00664681 0.28399 307.115 -0.0108469 0.999854 0.0132194 -15.6012 -0.283861 -0.0157553 0.958736 139.804 0 0 0 1 
0.958967 0.00665413 0.283438 307.455 -0.00892631 0.999938 0.00672574 -15.6149 -0.283376 -0.00897982 0.958967 140.956 0 0 0 1 
0.961723 0.00715109 0.27393 307.777 -0.00639048 0.999973 -0.00366888 -15.6248 -0.273949 0.0017779 0.961743 142.095 0 0 0 1 
0.976719 -0.00262376 0.214506 308.33 7.46158e-05 0.999929 0.011891 -15.6469 -0.214522 -0.0115982 0.97665 144.408 0 0 0 1 
0.987533 -0.00664763 0.157272 308.507 0.0051616 0.999938 0.00985536 -15.6596 -0.157327 -0.00892072 0.987506 145.555 0 0 0 1 
0.996387 -0.00473785 0.0847975 308.581 0.00475434 0.999989 7.43184e-06 -15.6629 -0.0847966 0.000395751 0.996398 146.698 0 0 0 1 
0.999975 -0.00493387 -0.00514616 308.551 0.00491682 0.999982 -0.00332224 -15.6692 0.00516246 0.00329686 0.999981 147.866 0 0 0 1 
0.998522 -0.00478272 -0.0541379 308.493 0.00480505 0.999988 0.000282325 -15.6737 0.0541359 -0.000542043 0.998533 148.461 0 0 0 1 
