-0.778162 0.0266801 0.627496 222.361 0.0257255 0.999613 -0.0105995 -13.4023 -0.627536 0.00789454 -0.778547 492.675 0 0 0 1 
-0.774799 0.0270129 0.631631 224.284 0.0267495 0.999593 -0.00993679 -13.4753 -0.631642 0.00919681 -0.775206 490.332 0 0 0 1 
-0.772647 0.0315293 0.634052 225.568 0.0284012 0.999483 -0.0150917 -13.5274 -0.6342 0.00634727 -0.773143 488.778 0 0 0 1 
-0.771304 0.0263331 0.635922 227.504 0.0253177 0.999622 -0.0106861 -13.6139 -0.635963 0.00785783 -0.771679 486.452 0 0 0 1 
-0.771254 0.0251064 0.636032 228.79 0.0242667 0.999655 -0.010034 -13.667 -0.636065 0.00769558 -0.771597 484.914 0 0 0 1 
-0.771309 0.0247227 0.63598 229.431 0.0225249 0.99968 -0.0115431 -13.6924 -0.636062 0.00542209 -0.771619 484.148 0 0 0 1 
-0.771872 0.0240351 0.635323 230.713 0.0214147 0.999701 -0.0118026 -13.7428 -0.635417 0.00449513 -0.772156 482.614 0 0 0 1 
-0.772563 0.0238729 0.63449 231.35 0.0214574 0.999704 -0.0114874 -13.769 -0.634576 0.00473977 -0.772846 481.847 0 0 0 1 
-0.773468 0.0251948 0.633335 232.611 0.0236505 0.999661 -0.0108842 -13.8212 -0.633394 0.00656011 -0.773802 480.318 0 0 0 1 
-0.773844 0.0266264 0.632816 233.238 0.0242996 0.999628 -0.0123454 -13.8483 -0.63291 0.00582382 -0.774204 479.559 0 0 0 1 
-0.773939 0.0272945 0.632672 233.862 0.0241988 0.999616 -0.0135231 -13.8745 -0.632798 0.00484389 -0.774302 478.802 0 0 0 1 
-0.773245 0.0216933 0.633737 235.12 0.0225449 0.999723 -0.0067134 -13.9225 -0.633707 0.00909644 -0.77352 477.286 0 0 0 1 
-0.770017 0.018942 0.637742 236.997 0.0215928 0.99976 -0.00362321 -13.9793 -0.637658 0.0109807 -0.770241 475.038 0 0 0 1 
-0.767981 0.019028 0.64019 237.629 0.0195502 0.999789 -0.00626337 -13.9972 -0.640174 0.00770571 -0.768191 474.293 0 0 0 1 
-0.766264 0.0209294 0.642185 238.265 0.0196144 0.999765 -0.00917911 -14.0164 -0.642226 0.00556243 -0.766495 473.545 0 0 0 1 
-0.76471 0.0210301 0.644031 238.909 0.0197725 0.999762 -0.00916868 -14.0328 -0.644071 0.00572271 -0.764944 472.79 0 0 0 1 
-0.763528 0.0209073 0.645436 239.557 0.0201529 0.99976 -0.00854461 -14.0529 -0.64546 0.00648335 -0.763766 472.032 0 0 0 1 
-0.762304 0.0238186 0.646781 240.208 0.021331 0.999704 -0.0116746 -14.0732 -0.646867 0.00489687 -0.762587 471.274 0 0 0 1 
-0.760613 0.0282156 0.648592 241.53 0.0250172 0.999587 -0.0141468 -14.1114 -0.648724 0.00546567 -0.761005 469.726 0 0 0 1 
-0.760664 0.0257989 0.648633 242.208 0.0227436 0.999656 -0.0130887 -14.1375 -0.648747 0.00479615 -0.760989 468.94 0 0 0 1 
-0.761888 0.0219539 0.647337 243.579 0.0151504 0.999756 -0.0160746 -14.1831 -0.647532 -0.0024396 -0.762034 467.364 0 0 0 1 
-0.762734 0.0182134 0.646456 244.271 0.0119265 0.999829 -0.0140976 -14.2096 -0.646603 -0.00304275 -0.762821 466.563 0 0 0 1 
-0.763402 0.0156667 0.645734 244.967 0.0108198 0.999876 -0.0114675 -14.2356 -0.645834 -0.00176757 -0.763476 465.754 0 0 0 1 
-0.763751 0.0157459 0.645318 245.662 0.01277 0.999875 -0.0092835 -14.2584 -0.645384 0.00115043 -0.763857 464.939 0 0 0 1 
-0.764081 0.0184124 0.644858 247.047 0.0183824 0.999808 -0.00676618 -14.3036 -0.644859 0.00668416 -0.764272 463.304 0 0 0 1 
-0.764131 0.0200674 0.644749 247.739 0.0200493 0.999772 -0.00735554 -14.3252 -0.64475 0.00730621 -0.764359 462.488 0 0 0 1 
-0.763855 0.0208631 0.645051 248.432 0.0201943 0.999761 -0.00842194 -14.3493 -0.645072 0.00659324 -0.764093 461.676 0 0 0 1 
-0.763108 0.0212019 0.645923 249.124 0.0201461 0.999756 -0.00901512 -14.3737 -0.645957 0.00613336 -0.763349 460.87 0 0 0 1 
-0.760896 0.0211256 0.64853 250.504 0.0191408 0.999766 -0.0101098 -14.4278 -0.648592 0.00472086 -0.761122 459.274 0 0 0 1 
-0.760013 0.0218473 0.64954 251.193 0.0188029 0.999756 -0.0116259 -14.4552 -0.649635 0.00337741 -0.760239 458.478 0 0 0 1 
-0.756718 0.0241707 0.653294 253.247 0.0180898 0.999708 -0.0160337 -14.5431 -0.653491 -0.000315044 -0.756934 456.12 0 0 0 1 
-0.756012 0.0241508 0.654112 253.931 0.0169141 0.999706 -0.0173617 -14.5732 -0.654339 -0.00206195 -0.756199 455.342 0 0 0 1 
-0.755414 0.0226203 0.654858 254.615 0.0156062 0.999742 -0.0165308 -14.606 -0.655062 -0.0022678 -0.755571 454.566 0 0 0 1 
-0.754957 0.0206859 0.655448 255.296 0.0144634 0.999784 -0.0148939 -14.638 -0.655615 -0.00176427 -0.755094 453.795 0 0 0 1 
-0.754836 0.0179619 0.655668 255.973 0.0126199 0.999838 -0.0128617 -14.6692 -0.655793 -0.00143403 -0.75494 453.03 0 0 0 1 
-0.755099 0.0165642 0.655402 256.646 0.0112675 0.999861 -0.0122884 -14.6983 -0.655514 -0.00189425 -0.755181 452.27 0 0 0 1 
-0.757079 0.0129236 0.653196 258.593 0.0118201 0.999912 -0.00608361 -14.779 -0.653217 0.00311504 -0.757165 450.054 0 0 0 1 
-0.758448 0.0129611 0.651604 259.211 0.0125958 0.999907 -0.00522805 -14.8035 -0.651611 0.00424225 -0.758541 449.344 0 0 0 1 
-0.763913 0.0137154 0.645173 260.402 0.0128168 0.999899 -0.00608073 -14.8526 -0.645191 0.0036239 -0.764012 447.96 0 0 0 1 
-0.784737 0.0177391 0.619574 262.039 0.0121204 0.999838 -0.013275 -14.9231 -0.61971 -0.0029079 -0.784826 445.999 0 0 0 1 
-0.796584 0.0152044 0.604336 263.049 0.0157506 0.999866 -0.00439451 -14.9769 -0.604322 0.00601805 -0.796717 444.679 0 0 0 1 
-0.813259 0.0148821 0.581711 263.938 0.0137539 0.999885 -0.00635178 -15.0202 -0.581739 0.00283513 -0.813371 443.445 0 0 0 1 
-0.827411 0.0135206 0.561435 264.327 0.0124133 0.999906 -0.005786 -15.0384 -0.56146 0.00218183 -0.827501 442.859 0 0 0 1 
-0.862902 0.00388813 0.505356 265.014 0.00618371 0.999977 0.0028651 -15.0755 -0.505333 0.00559728 -0.862906 441.699 0 0 0 1 
-0.887021 0.0186843 0.46135 265.282 0.0144265 0.999815 -0.0127542 -15.088 -0.461503 -0.00465759 -0.887126 441.131 0 0 0 1 
-0.909567 0.0135012 0.415338 265.504 0.0119119 0.999908 -0.00641702 -15.1096 -0.415386 -0.000889233 -0.909645 440.563 0 0 0 1 
-0.953902 0.0236783 0.299183 265.664 0.0227692 0.999719 -0.00652441 -15.1226 -0.299253 0.000588513 -0.954174 439.969 0 0 0 1 
-0.974294 0.0260485 0.223768 265.828 0.0267895 0.999641 0.000275531 -15.1426 -0.22368 0.00626306 -0.974643 438.752 0 0 0 1 
-0.986243 0.0277958 0.162947 265.851 0.0290056 0.999566 0.00505004 -15.1514 -0.162736 0.00970696 -0.986622 438.15 0 0 0 1 
-0.994393 0.0351547 0.0997283 265.834 0.0359396 0.999335 0.00608342 -15.1583 -0.0994481 0.0096335 -0.994996 437.552 0 0 0 1 
-0.993382 0.053191 0.1018 265.778 0.0554059 0.998282 0.0190534 -15.1608 -0.100612 0.0245676 -0.994622 436.955 0 0 0 1 
-0.996601 0.0670541 -0.0478554 265.709 0.0665784 0.997715 0.0114679 -15.1418 0.048515 0.00824282 -0.998788 435.808 0 0 0 1 
-0.987237 0.114622 0.110567 265.611 0.123072 0.989718 0.0728813 -15.1346 -0.101076 0.0855588 -0.991193 435.235 0 0 0 1 
-0.854759 -0.117122 -0.505638 265.676 -0.109398 0.992976 -0.0450738 -15.0422 0.507366 0.0167885 -0.861567 434.239 0 0 0 1 
-0.873652 -0.00450974 -0.48653 264.927 -0.0186972 0.99953 0.0243093 -15.1294 0.486192 0.0303346 -0.873325 433.369 0 0 0 1 
-0.817366 0.0327285 -0.575188 264.16 0.0146069 0.999241 0.0361003 -15.119 0.575933 0.0211054 -0.817224 432.393 0 0 0 1 
-0.761559 0.0441276 -0.646592 263.286 0.0204977 0.99882 0.0440236 -15.0896 0.647771 0.020273 -0.761565 431.444 0 0 0 1 
-0.72686 0.0437704 -0.68539 262.817 0.0167604 0.9988 0.0460109 -15.0662 0.686582 0.021956 -0.726721 430.98 0 0 0 1 
-0.66178 0.0423897 -0.748499 262.314 0.0141707 0.998929 0.0440433 -15.0397 0.749565 0.0185402 -0.661672 430.524 0 0 0 1 
-0.579454 0.0456191 -0.813727 259.841 0.000562564 0.998454 0.0555746 -14.9325 0.815005 0.0317452 -0.578584 428.774 0 0 0 1 
-0.599498 0.0637801 -0.797831 258.534 0.0145221 0.997523 0.0688318 -14.8616 0.800244 0.0296784 -0.598939 427.974 0 0 0 1 
-0.433385 0.0349578 -0.900531 256.855 -0.0193802 0.998655 0.0480937 -14.7381 0.901 0.0382955 -0.432125 426.894 0 0 0 1 
-0.397652 0.0315047 -0.916995 255.371 -0.0155525 0.999035 0.0410676 -14.6717 0.917404 0.0305922 -0.396779 426.28 0 0 0 1 
-0.383503 0.0359537 -0.92284 254.575 -0.0119753 0.998964 0.043896 -14.6435 0.923462 0.0278855 -0.382675 425.971 0 0 0 1 
-0.360648 0.0343183 -0.93207 253.771 -0.00690465 0.999197 0.0394615 -14.6103 0.932676 0.0206673 -0.360122 425.676 0 0 0 1 
-0.313603 0.045977 -0.94844 252.073 0.0101505 0.998932 0.0450684 -14.5471 0.9495 0.00450644 -0.313735 425.123 0 0 0 1 
-0.289517 0.0919026 -0.952751 251.163 0.0241333 0.995764 0.0887182 -14.508 0.956869 0.00269234 -0.290508 424.846 0 0 0 1 
-0.203789 -0.0117638 -0.978944 249.533 -0.0129081 0.999873 -0.00932819 -14.3673 0.97893 0.0107353 -0.203915 424.397 0 0 0 1 
-0.151358 -0.0011466 -0.988478 248.668 -0.00269113 0.999996 -0.000747888 -14.3877 0.988475 0.00254692 -0.15136 424.145 0 0 0 1 
-0.180745 0.0647968 -0.981393 246.236 0.0065978 0.997885 0.0646706 -14.3967 0.983508 0.00521387 -0.18079 423.831 0 0 0 1 
-0.181463 0.0626362 -0.981401 245.182 0.0121796 0.998036 0.0614459 -14.3346 0.983322 -0.000802923 -0.18187 423.659 0 0 0 1 
-0.17839 0.0982262 -0.979045 244.156 0.0251028 0.995135 0.0952666 -14.2778 0.98364 -0.00758214 -0.179988 423.488 0 0 0 1 
-0.138983 0.0423441 -0.989389 242.251 0.0195649 0.999008 0.0400074 -14.1088 0.990101 -0.0137969 -0.139674 423.177 0 0 0 1 
-0.118282 0.0353185 -0.992352 238.943 0.0208081 0.999236 0.0330833 -14.0015 0.992762 -0.0167358 -0.118927 422.756 0 0 0 1 
-0.11899 0.0422244 -0.991997 236.608 0.0224225 0.998955 0.039831 -13.9361 0.992642 -0.0175036 -0.119813 422.487 0 0 0 1 
-0.11968 0.0350755 -0.992193 235.42 0.0226477 0.999212 0.0325918 -13.8957 0.992554 -0.0185703 -0.12038 422.344 0 0 0 1 
-0.120096 0.0475634 -0.991622 234.167 0.0208284 0.998753 0.0453829 -13.8627 0.992544 -0.0152036 -0.120937 422.19 0 0 0 1 
-0.116062 0.0455279 -0.992198 231.754 0.0219084 0.998823 0.0432692 -13.7753 0.993 -0.0167156 -0.116923 421.901 0 0 0 1 
-0.111484 0.0457447 -0.992713 230.541 0.0178577 0.998871 0.044023 -13.7326 0.993606 -0.0128197 -0.112175 421.75 0 0 0 1 
-0.10835 0.0456397 -0.993065 228.091 0.0135338 0.998921 0.0444322 -13.6483 0.994021 -0.00862567 -0.108851 421.468 0 0 0 1 
-0.103627 0.0467252 -0.993518 226.865 0.0131939 0.998873 0.0456008 -13.6083 0.994529 -0.00838287 -0.104127 421.333 0 0 0 1 
-0.0983497 0.046676 -0.994057 224.427 0.00877286 0.998901 0.0460355 -13.5215 0.995113 -0.00419314 -0.0986511 421.074 0 0 0 1 
-0.0891974 0.0515641 -0.994678 223.169 0.00771708 0.998665 0.0510788 -13.478 0.995984 -0.00311992 -0.0894763 420.95 0 0 0 1 
-0.084347 0.0521985 -0.995068 218.115 0.00259227 0.998635 0.0521659 -13.2663 0.996433 0.00182055 -0.0843672 420.499 0 0 0 1 
-0.0819678 0.0473407 -0.99551 215.596 -0.00102197 0.998867 0.0475845 -13.1668 0.996634 0.00491778 -0.0818265 420.277 0 0 0 1 
-0.0800482 0.0481035 -0.99563 214.336 -0.00319203 0.998817 0.0485141 -13.1256 0.996786 0.00706155 -0.0798 420.164 0 0 0 1 
-0.0770189 0.0478962 -0.995879 213.07 -0.00255144 0.998833 0.0482356 -13.0813 0.997026 0.00625598 -0.0768068 420.058 0 0 0 1 
-0.07277 0.049935 -0.996098 211.81 -0.00166615 0.998738 0.0501891 -13.0353 0.997347 0.00531191 -0.072595 419.959 0 0 0 1 
-0.0714185 0.0517146 -0.996105 209.3 -0.00383836 0.998633 0.0521211 -12.9399 0.997439 0.00754582 -0.0711224 419.767 0 0 0 1 
-0.0692484 0.052623 -0.996211 208.071 -0.00489693 0.998578 0.0530884 -12.895 0.997587 0.00855466 -0.0688922 419.673 0 0 0 1 
-0.062061 0.057683 -0.996404 206.833 -0.00491353 0.998299 0.0580988 -12.8473 0.99806 0.00850153 -0.061672 419.582 0 0 0 1 
-0.0528026 0.0669845 -0.996356 203.177 -0.00235283 0.997737 0.067202 -12.6818 0.998602 0.00589269 -0.0525255 419.352 0 0 0 1 
-0.0526733 0.0600336 -0.996806 197.064 -0.00128498 0.998186 0.0601846 -12.3734 0.998611 0.004451 -0.0525007 419.031 0 0 0 1 
-0.0582759 0.0602981 -0.996478 193.449 0.00153236 0.998178 0.0603114 -12.2046 0.998299 0.00198773 -0.0582621 418.833 0 0 0 1 
-0.0593606 0.0599119 -0.996437 192.264 0.000382172 0.998199 0.0599951 -12.1523 0.998237 0.00318053 -0.0592766 418.757 0 0 0 1 
-0.0596079 0.0591409 -0.996468 191.08 -0.000354137 0.998242 0.0592674 -12.0995 0.998222 0.00388569 -0.0594822 418.68 0 0 0 1 
-0.0594744 0.0590843 -0.99648 189.903 -0.00136219 0.998241 0.05927 -12.0476 0.998229 0.00488244 -0.0592893 418.601 0 0 0 1 
-0.0589754 0.0592404 -0.9965 188.717 -0.0016648 0.99823 0.0594418 -11.9958 0.998258 0.00516458 -0.0587724 418.523 0 0 0 1 
-0.0567505 0.0608766 -0.996531 187.543 -0.00146587 0.998133 0.061058 -11.9436 0.998387 0.00492585 -0.0565554 418.444 0 0 0 1 
-0.0577512 0.0591794 -0.996575 185.223 0.000654891 0.998244 0.0592405 -11.8374 0.998331 0.00276856 -0.0576885 418.304 0 0 0 1 
-0.0555455 0.0608302 -0.996601 184.072 0.000898979 0.998145 0.0608744 -11.7862 0.998456 0.00248538 -0.0554972 418.231 0 0 0 1 
-0.0539426 0.0576456 -0.996879 181.795 0.000415114 0.998333 0.0577073 -11.6845 0.998544 0.00269906 -0.0538766 418.096 0 0 0 1 
-0.0480716 0.0586922 -0.997118 180.676 0.00030817 0.998273 0.0587454 -11.6392 0.998844 0.0025167 -0.0480066 418.032 0 0 0 1 
-0.0414513 0.0542793 -0.997665 177.357 0.00264797 0.998526 0.0542161 -11.5042 0.999137 -0.000394454 -0.0415339 417.881 0 0 0 1 
-0.0331319 0.0615449 -0.997554 175.192 0.00646165 0.998095 0.0613637 -11.422 0.99943 -0.00441275 -0.0334664 417.802 0 0 0 1 
-0.0239297 0.0552533 -0.998186 171.105 0.00792335 0.998451 0.055078 -11.2509 0.999682 -0.00659097 -0.0243304 417.694 0 0 0 1 
-0.0196529 0.0580693 -0.998119 170.148 0.00916085 0.99828 0.0578983 -11.2163 0.999765 -0.00800575 -0.0201511 417.676 0 0 0 1 
-0.0165709 0.0588179 -0.998131 168.282 0.016023 0.998156 0.0585534 -11.1492 0.999734 -0.0150228 -0.0174828 417.645 0 0 0 1 
-0.039096 0.0611857 -0.99736 164.781 0.0274473 0.997813 0.0601375 -11.0041 0.998858 -0.0250238 -0.0406898 417.553 0 0 0 1 
-0.0596289 0.0613249 -0.996335 163.165 0.0319913 0.997716 0.0594953 -10.9403 0.997708 -0.0283264 -0.0614545 417.456 0 0 0 1 
-0.133294 0.0668616 -0.988819 160.23 0.0405749 0.997253 0.0619624 -10.8185 0.990246 -0.031862 -0.135641 417.118 0 0 0 1 
-0.201446 0.0700128 -0.976994 158.969 0.0492684 0.996904 0.0612809 -10.7707 0.97826 -0.0357901 -0.204272 416.85 0 0 0 1 
-0.295379 0.0707664 -0.952756 157.861 0.053745 0.996905 0.0573833 -10.7332 0.953867 -0.034256 -0.298268 416.479 0 0 0 1 
-0.349343 0.0709143 -0.934308 157.346 0.0542435 0.99699 0.05539 -10.7158 0.935424 -0.03133 -0.352138 416.248 0 0 0 1 
-0.405496 0.0714395 -0.911301 156.857 0.0566705 0.996988 0.0529404 -10.7002 0.912339 -0.0301768 -0.408323 415.987 0 0 0 1 
-0.526497 0.0758997 -0.846782 155.937 0.0663864 0.996636 0.048055 -10.6676 0.847581 -0.030914 -0.529765 415.383 0 0 0 1 
-0.586926 0.0788124 -0.805795 155.509 0.0692919 0.996489 0.0469927 -10.6532 0.80667 -0.0282539 -0.590327 415.026 0 0 0 1 
-0.644216 0.0796457 -0.760685 155.119 0.0704151 0.996516 0.044704 -10.6407 0.761595 -0.0247647 -0.64758 414.638 0 0 0 1 
-0.750479 0.0762945 -0.656476 154.455 0.0691355 0.996927 0.0368259 -10.6162 0.657269 -0.0177487 -0.753447 413.77 0 0 0 1 
-0.795517 0.078471 -0.600828 154.171 0.0705992 0.996829 0.0367147 -10.6046 0.601804 -0.0132108 -0.798535 413.305 0 0 0 1 
-0.873764 0.0777508 -0.480095 153.709 0.0663947 0.996966 0.0406203 -10.577 0.481797 0.00361683 -0.876275 412.306 0 0 0 1 
-0.904648 0.0729805 -0.419864 153.53 0.0616673 0.997276 0.0404762 -10.5697 0.421674 0.0107248 -0.906684 411.773 0 0 0 1 
-0.928902 0.0707171 -0.363512 153.372 0.060385 0.997384 0.0397248 -10.5662 0.36537 0.0149498 -0.930742 411.223 0 0 0 1 
-0.963631 0.0656592 -0.259046 153.124 0.0596896 0.99774 0.0308519 -10.5513 0.260486 0.0142675 -0.965372 410.076 0 0 0 1 
-0.98313 0.0528785 -0.175099 152.973 0.0506407 0.998568 0.017227 -10.5289 0.175759 0.00806925 -0.9844 408.896 0 0 0 1 
-0.988191 0.0423826 -0.147251 152.927 0.0404638 0.999053 0.0160033 -10.5191 0.14779 0.00985593 -0.98897 408.245 0 0 0 1 
-0.997418 0.0433001 -0.057295 152.762 0.0420949 0.99887 0.0220786 -10.4988 0.0581863 0.0196097 -0.998113 405.505 0 0 0 1 
-0.999164 0.0369192 -0.0175719 152.741 0.0366955 0.999243 0.0128902 -10.4766 0.0180345 0.0122346 -0.999763 403.297 0 0 0 1 
-0.999098 0.041431 -0.009343 152.733 0.0413182 0.999075 0.0119509 -10.4692 0.00982949 0.0115541 -0.999885 402.542 0 0 0 1 
-0.999064 0.0430904 -0.00368297 152.734 0.0430459 0.999008 0.0114179 -10.4629 0.00417132 0.0112487 -0.999928 401.75 0 0 0 1 
-0.999083 0.0426643 -0.00357834 152.742 0.0426215 0.999028 0.0112714 -10.4602 0.00405575 0.0111086 -0.99993 400.936 0 0 0 1 
-0.998971 0.0453107 -0.00194462 152.752 0.0452938 0.998942 0.00798378 -10.4548 0.00230431 0.00788749 -0.999966 399.272 0 0 0 1 
-0.99832 0.0547587 0.018961 152.817 0.0548673 0.99848 0.00525651 -10.4487 -0.0186443 0.00628802 -0.999806 395.757 0 0 0 1 
-0.997747 0.0564145 0.0363218 152.962 0.056413 0.998407 -0.00106872 -10.4563 -0.0363242 0.000982704 -0.99934 391.909 0 0 0 1 
-0.996363 0.0667026 0.0530216 153.146 0.0671767 0.997715 0.00720795 -10.4597 -0.0524196 0.0107436 -0.998567 387.684 0 0 0 1 
-0.996653 0.0547349 0.060717 153.31 0.0555007 0.998398 0.0109979 -10.4492 -0.0600177 0.0143309 -0.998094 385.408 0 0 0 1 
-0.996917 0.048168 0.0619338 153.4 0.0491904 0.998675 0.0150896 -10.4428 -0.0611249 0.0180896 -0.997966 384.242 0 0 0 1 
-0.99727 0.0435067 0.0596594 153.49 0.0445402 0.998878 0.0161047 -10.4383 -0.0588918 0.018718 -0.998089 383.064 0 0 0 1 
-0.997176 0.0459349 0.0594056 153.641 0.0463439 0.99891 0.00552463 -10.4225 -0.0590871 0.00826212 -0.998219 380.698 0 0 0 1 
-0.997326 0.0497385 0.0535386 153.711 0.050176 0.998717 0.00685759 -10.4236 -0.0531289 0.00952561 -0.998542 379.542 0 0 0 1 
-0.997259 0.0447665 0.0589169 153.982 0.0453182 0.99894 0.00806038 -10.4303 -0.0584936 0.0107083 -0.99823 374.903 0 0 0 1 
-0.997136 0.0449053 0.0608534 154.06 0.0454386 0.99894 0.00740732 -10.4355 -0.0604562 0.0101512 -0.998119 373.694 0 0 0 1 
-0.996915 0.0484384 0.061764 154.134 0.0487704 0.998802 0.00387768 -10.4391 -0.0615022 0.00687797 -0.998083 372.49 0 0 0 1 
-0.996637 0.0520733 0.0632662 154.208 0.0522913 0.99863 0.00179385 -10.4452 -0.0630861 0.00509608 -0.997995 371.283 0 0 0 1 
-0.996402 0.0541719 0.0651798 154.285 0.0543336 0.998523 0.000709358 -10.4597 -0.065045 0.00424826 -0.997873 370.068 0 0 0 1 
-0.996347 0.0535245 0.0665412 154.369 0.0536339 0.998561 -0.000142038 -10.4699 -0.066453 0.00342735 -0.997784 368.851 0 0 0 1 
-0.996569 0.0506128 0.0654876 154.459 0.0510162 0.998688 0.0045015 -10.4834 -0.0651738 0.00782698 -0.997843 367.627 0 0 0 1 
-0.996704 0.0467149 0.0663202 154.624 0.0471653 0.998873 0.00524098 -10.5046 -0.0660007 0.00835172 -0.997785 365.305 0 0 0 1 
-0.996999 0.0468979 0.0615843 154.706 0.047123 0.998887 0.00220736 -10.5122 -0.0614122 0.00510278 -0.998099 364.139 0 0 0 1 
-0.996273 0.0569714 0.0647707 154.914 0.0579571 0.998229 0.0134406 -10.5372 -0.0638902 0.0171444 -0.99781 360.572 0 0 0 1 
-0.996351 0.0551787 0.0651148 154.997 0.0562001 0.998322 0.0139592 -10.5404 -0.0642353 0.0175678 -0.99778 359.379 0 0 0 1 
-0.996495 0.0537996 0.0640565 155.081 0.0545419 0.998462 0.00989479 -10.5414 -0.0634257 0.0133539 -0.997897 358.189 0 0 0 1 
-0.996804 0.048999 0.0631016 155.172 0.0494872 0.998756 0.00619612 -10.5498 -0.0627195 0.00929904 -0.997988 356.991 0 0 0 1 
-0.997053 0.0459853 0.0614085 155.26 0.0464252 0.998905 0.00575434 -10.556 -0.0610767 0.00858828 -0.998096 355.791 0 0 0 1 
-0.997238 0.0447889 0.0592502 155.335 0.0455268 0.998901 0.0111632 -10.5572 -0.0586851 0.0138298 -0.998181 354.602 0 0 0 1 
-0.997787 0.0416836 0.0518045 155.412 0.0425582 0.998968 0.0158965 -10.5593 -0.0510884 0.018066 -0.998531 353.415 0 0 0 1 
-0.997762 0.0470491 0.0475194 155.601 0.0475074 0.998834 0.00856199 -10.5486 -0.0470612 0.0108003 -0.998834 349.886 0 0 0 1 
-0.996838 0.0573438 0.0550132 155.827 0.0582226 0.998198 0.0145052 -10.5269 -0.0540823 0.0176623 -0.99838 345.081 0 0 0 1 
-0.996579 0.0600909 0.0567352 155.893 0.061041 0.99802 0.015164 -10.5193 -0.0557116 0.0185753 -0.998274 343.851 0 0 0 1 
-0.996414 0.0626746 0.0568395 155.962 0.0637054 0.997832 0.016507 -10.5128 -0.0556817 0.0200688 -0.998247 342.607 0 0 0 1 
-0.996221 0.0655551 0.0569829 156.03 0.0665804 0.997648 0.0162829 -10.5068 -0.0557814 0.0200153 -0.998242 341.363 0 0 0 1 
-0.996062 0.0675243 0.0574616 156.101 0.0683549 0.997581 0.0126121 -10.5015 -0.056471 0.0164902 -0.998268 340.125 0 0 0 1 
-0.995893 0.0700108 0.0574072 156.172 0.0705982 0.997471 0.00826486 -10.4977 -0.0566834 0.0122838 -0.998317 338.878 0 0 0 1 
-0.996022 0.0691107 0.0562468 156.246 0.069578 0.997556 0.0063902 -10.4992 -0.0556677 0.0102783 -0.998396 337.636 0 0 0 1 
-0.996542 0.0657297 0.0508221 156.329 0.0662704 0.997761 0.00902611 -10.5021 -0.050115 0.0123629 -0.998667 336.402 0 0 0 1 
-0.996352 0.0645256 0.0558441 156.538 0.065718 0.997642 0.0197842 -10.4867 -0.0544358 0.023382 -0.998243 332.586 0 0 0 1 
-0.996301 0.0652807 0.0558746 156.613 0.0665807 0.997544 0.0217268 -10.4768 -0.054319 0.0253666 -0.998201 331.301 0 0 0 1 
-0.996455 0.0662519 0.0518499 156.685 0.0673155 0.99755 0.0190418 -10.4662 -0.0504614 0.0224646 -0.998473 330.012 0 0 0 1 
-0.996351 0.0672141 0.0525954 156.82 0.0680486 0.99758 0.0142373 -10.448 -0.0515112 0.0177644 -0.998514 327.423 0 0 0 1 
-0.996418 0.0676959 0.050677 156.89 0.0685691 0.997523 0.0156923 -10.4456 -0.0494892 0.019111 -0.998592 326.109 0 0 0 1 
-0.996177 0.0681054 0.0547029 157.029 0.0686243 0.997613 0.00766244 -10.44 -0.0540504 0.0113871 -0.998473 323.524 0 0 0 1 
-0.996023 0.0691502 0.0561789 157.104 0.0696 0.997556 0.00608592 -10.4442 -0.0556207 0.00997176 -0.998402 322.214 0 0 0 1 
-0.99605 0.069203 0.0556323 157.178 0.0697627 0.99753 0.00818073 -10.4522 -0.0549288 0.0120295 -0.998418 320.904 0 0 0 1 
-0.996316 0.0683849 0.0517521 157.254 0.0691224 0.997529 0.0125951 -10.4561 -0.0507629 0.0161259 -0.998581 319.611 0 0 0 1 
-0.996113 0.0646315 0.0598462 157.476 0.065079 0.997865 0.00555676 -10.4653 -0.0593593 0.0094299 -0.998192 315.946 0 0 0 1 
-0.996312 0.0618039 0.0595165 157.561 0.0617013 0.998088 -0.00356219 -10.4779 -0.0596228 0.000123189 -0.998221 314.742 0 0 0 1 
-0.995958 0.0614826 0.0654815 157.72 0.0617439 0.99809 0.00197345 -10.5162 -0.0652351 0.00600856 -0.997852 312.334 0 0 0 1 
-0.995776 0.0628752 0.0669164 157.802 0.0635588 0.997945 0.00813346 -10.5257 -0.0662675 0.0123522 -0.997725 311.115 0 0 0 1 
-0.995876 0.0613143 0.0668712 157.889 0.0624037 0.997948 0.0143227 -10.5297 -0.0658558 0.0184366 -0.997659 309.906 0 0 0 1 
-0.996107 0.0616064 0.0630465 157.975 0.0628158 0.997874 0.0173809 -10.5308 -0.0618417 0.0212735 -0.997859 308.686 0 0 0 1 
-0.996296 0.0606404 0.0609629 158.138 0.0617501 0.997955 0.0164855 -10.5223 -0.0598386 0.0201889 -0.998004 306.257 0 0 0 1 
-0.996221 0.0620213 0.0608034 158.287 0.0628229 0.99796 0.0113593 -10.5228 -0.0599748 0.0151363 -0.998085 303.846 0 0 0 1 
-0.996686 0.0606583 0.0541945 158.365 0.0608466 0.998145 0.00182953 -10.5265 -0.053983 0.00512102 -0.998529 302.645 0 0 0 1 
-0.997289 0.0485238 0.0553208 158.59 0.0493258 0.998695 0.0132245 -10.5597 -0.0546069 0.0159174 -0.998381 299.016 0 0 0 1 
-0.997259 0.0469701 0.0571619 158.73 0.0486672 0.998404 0.0286667 -10.5464 -0.0557242 0.0313701 -0.997953 296.605 0 0 0 1 
-0.99748 0.0453215 0.0545853 158.802 0.0469382 0.998485 0.0287077 -10.5324 -0.0532016 0.0311975 -0.998096 295.425 0 0 0 1 
-0.996543 0.0619792 0.0553268 158.909 0.0622098 0.99806 0.00245436 -10.5234 -0.0550674 0.00588774 -0.998465 293.113 0 0 0 1 
-0.996542 0.0640752 0.052895 158.97 0.0639188 0.997944 -0.00464504 -10.5311 -0.0530839 -0.00124799 -0.998589 291.952 0 0 0 1 
-0.996342 0.0641187 0.0564872 159.095 0.0650885 0.997759 0.0154982 -10.5556 -0.0553669 0.0191182 -0.998283 289.606 0 0 0 1 
-0.99662 0.0616604 0.0542778 159.161 0.0630876 0.997695 0.0249836 -10.5503 -0.0526122 0.0283235 -0.998213 288.446 0 0 0 1 
-0.996902 0.0559982 0.0552399 159.301 0.0580562 0.99765 0.0363818 -10.5179 -0.0530728 0.0394761 -0.99781 286.137 0 0 0 1 
-0.997398 0.0539879 0.0477787 159.368 0.0556461 0.997869 0.0340835 -10.5011 -0.0458367 0.0366535 -0.998276 284.997 0 0 0 1 
-0.997398 0.0518065 0.0501348 159.596 0.0521692 0.998621 0.00595214 -10.4735 -0.0497573 0.00855214 -0.998725 280.516 0 0 0 1 
-0.997401 0.0534546 0.0483091 159.65 0.0537513 0.998543 0.0048636 -10.4821 -0.0479787 0.00744764 -0.998821 279.394 0 0 0 1 
-0.997371 0.0526144 0.0498201 159.763 0.0536911 0.998347 0.020524 -10.4917 -0.0486579 0.023145 -0.998547 277.147 0 0 0 1 
-0.997479 0.0485789 0.0517278 159.827 0.0501629 0.998297 0.0297763 -10.4854 -0.0501933 0.0322961 -0.998217 276.029 0 0 0 1 
-0.997684 0.0433357 0.0524213 159.899 0.0451234 0.998422 0.033413 -10.4716 -0.0508906 0.035701 -0.998066 274.923 0 0 0 1 
-0.997947 0.0376993 0.0517759 159.973 0.0392917 0.998775 0.0300905 -10.4585 -0.0505781 0.0320631 -0.998205 273.836 0 0 0 1 
-0.998123 0.0353292 0.0500191 160.04 0.0364782 0.999087 0.0222469 -10.4484 -0.0491874 0.0240298 -0.9985 272.768 0 0 0 1 
-0.997547 0.0418652 0.0560938 160.149 0.0423459 0.999076 0.00740788 -10.4502 -0.0557318 0.00976505 -0.998398 270.692 0 0 0 1 
-0.997212 0.0464678 0.0583856 160.205 0.0469191 0.998878 0.00638062 -10.4574 -0.0580237 0.00910223 -0.998274 269.669 0 0 0 1 
-0.997062 0.0500406 0.0580007 160.261 0.0508456 0.998628 0.0124849 -10.4653 -0.0572964 0.0153973 -0.998238 268.665 0 0 0 1 
-0.997243 0.0530358 0.0518975 160.314 0.0539582 0.998406 0.0165351 -10.473 -0.0509378 0.0192898 -0.998516 267.702 0 0 0 1 
-0.996765 0.0532447 0.0602121 160.524 0.053543 0.99856 0.00335028 -10.5024 -0.059947 0.00656337 -0.99818 264.038 0 0 0 1 
-0.996732 0.0507248 0.0628706 160.643 0.0510668 0.998688 0.00384273 -10.5278 -0.0625931 0.00704077 -0.998014 262.296 0 0 0 1 
-0.997288 0.0379669 0.0630492 160.777 0.0387216 0.999192 0.0107912 -10.5472 -0.0625885 0.0132033 -0.997952 260.626 0 0 0 1 
-0.99648 0.0338664 0.0766845 161.011 0.0351598 0.99926 0.01558 -10.5638 -0.0761002 0.0182214 -0.996934 257.579 0 0 0 1 
-0.995947 0.034497 0.0830592 161.126 0.0357689 0.999264 0.0138739 -10.5661 -0.0825194 0.0167886 -0.996448 256.203 0 0 0 1 
-0.996455 0.0254958 0.0801765 161.255 0.027492 0.999336 0.0238925 -10.5695 -0.0795141 0.026012 -0.996494 254.911 0 0 0 1 
-0.998437 0.0134165 0.0542612 161.473 0.0144582 0.999718 0.0188511 -10.563 -0.053993 0.0196062 -0.998349 252.06 0 0 0 1 
-0.999798 0.00960116 0.0176709 161.5 0.00995042 0.999755 0.0197837 -10.5597 -0.0174766 0.0199555 -0.999648 251.037 0 0 0 1 
-0.994528 0.0232488 -0.101851 161.319 0.0212578 0.999562 0.02059 -10.5563 0.102285 0.0183122 -0.994587 249.187 0 0 0 1 
-0.975539 0.0388795 -0.216359 160.984 0.0349739 0.999149 0.021853 -10.5493 0.217024 0.0137515 -0.976069 247.901 0 0 0 1 
-0.965002 0.0451406 -0.258329 160.835 0.0409265 0.998927 0.0216701 -10.5418 0.25903 0.0103392 -0.965814 247.486 0 0 0 1 
-0.938757 0.0500856 -0.340921 160.496 0.043806 0.998699 0.0260977 -10.5344 0.341785 0.00956502 -0.93973 246.682 0 0 0 1 
-0.922349 0.0552842 -0.382383 160.294 0.0470724 0.998416 0.0308056 -10.528 0.38348 0.0104138 -0.92349 246.291 0 0 0 1 
-0.901638 0.0580329 -0.428581 160.069 0.0476693 0.998254 0.0348851 -10.5141 0.429857 0.0110236 -0.90283 245.907 0 0 0 1 
-0.850638 0.0621981 -0.52206 159.548 0.0482188 0.998022 0.040337 -10.4852 0.523536 0.0091391 -0.851955 245.153 0 0 0 1 
-0.819863 0.0641452 -0.568955 159.245 0.0470388 0.997891 0.0447216 -10.4731 0.570624 0.00990255 -0.821152 244.782 0 0 0 1 
-0.750719 0.0635835 -0.657554 158.562 0.0399973 0.997906 0.0508303 -10.4419 0.659409 0.0118589 -0.751691 244.063 0 0 0 1 
-0.710282 0.0591268 -0.70143 158.184 0.0337865 0.998181 0.0499285 -10.4191 0.703106 0.0117645 -0.710988 243.722 0 0 0 1 
-0.627228 0.0506929 -0.777185 157.343 0.0271305 0.998696 0.0432456 -10.3749 0.778363 0.00603941 -0.627785 243.093 0 0 0 1 
-0.583086 0.0471503 -0.811041 156.882 0.0245218 0.998881 0.0404409 -10.3548 0.81204 0.00369231 -0.58359 242.802 0 0 0 1 
-0.535853 0.044912 -0.843116 156.397 0.0215155 0.998986 0.0395407 -10.3362 0.844037 0.00304794 -0.536276 242.528 0 0 0 1 
-0.446959 0.0460828 -0.893367 155.329 0.0138228 0.998909 0.0446113 -10.2954 0.894448 0.00759052 -0.447108 242.021 0 0 0 1 
-0.401524 0.0477689 -0.914602 154.761 0.0132549 0.998837 0.0463494 -10.266 0.915753 0.00648736 -0.40169 241.806 0 0 0 1 
-0.317714 0.0522392 -0.946746 153.551 0.012144 0.998623 0.0510263 -10.2184 0.948109 0.00471454 -0.317911 241.433 0 0 0 1 
-0.277476 0.048972 -0.959483 152.923 0.00644985 0.998772 0.049112 -10.1983 0.960711 0.0074389 -0.277452 241.266 0 0 0 1 
-0.238809 0.0428371 -0.970121 152.267 0.00347691 0.999058 0.043259 -10.1738 0.97106 0.00695763 -0.238733 241.113 0 0 0 1 
-0.15564 0.0399773 -0.987005 150.141 0.0155374 0.999156 0.0380194 -10.0874 0.987692 -0.00941815 -0.15613 240.79 0 0 0 1 
-0.127951 0.03904 -0.991012 149.36 0.0190148 0.999138 0.0369051 -10.0626 0.991598 -0.0141219 -0.128584 240.7 0 0 0 1 
-0.0803198 0.0464862 -0.995685 146.077 0.0253625 0.998684 0.0445803 -9.94557 0.996446 -0.0216723 -0.0813931 240.434 0 0 0 1 
-0.0710119 0.0485642 -0.996293 145.215 0.0261963 0.99856 0.0468075 -9.91244 0.997131 -0.0227753 -0.0721819 240.376 0 0 0 1 
-0.0533659 0.0440788 -0.997602 144.298 0.0229269 0.998816 0.042906 -9.87248 0.998312 -0.0205822 -0.0543133 240.315 0 0 0 1 
-0.0321535 0.0266853 -0.999127 140.406 0.0354817 0.999044 0.0255412 -9.74574 0.998853 -0.0346295 -0.0330696 240.198 0 0 0 1 
-0.0340838 0.0299005 -0.998972 138.307 0.0393757 0.998816 0.0285524 -9.69094 0.998643 -0.038362 -0.0352208 240.143 0 0 0 1 
-0.0326834 0.0335089 -0.998904 137.215 0.0355938 0.998843 0.0323422 -9.65762 0.998832 -0.0344977 -0.0338383 240.096 0 0 0 1 
-0.037121 0.0512651 -0.997995 134.976 0.0307488 0.998269 0.0501355 -9.58237 0.998838 -0.028826 -0.0386331 240.004 0 0 0 1 
-0.036304 0.0497741 -0.9981 133.849 0.030358 0.998353 0.0486825 -9.53776 0.99888 -0.028533 -0.0377552 239.955 0 0 0 1 
-0.0324445 0.0390755 -0.998709 132.703 0.033366 0.998721 0.037992 -9.49347 0.998916 -0.0320903 -0.0337068 239.912 0 0 0 1 
-0.032953 0.0353753 -0.998831 130.363 0.0379954 0.998695 0.034117 -9.42667 0.998734 -0.0368267 -0.0342541 239.832 0 0 0 1 
-0.0268657 0.0370137 -0.998954 129.189 0.0392754 0.998582 0.0359436 -9.39519 0.998867 -0.0382686 -0.0282814 239.792 0 0 0 1 
-0.0242234 0.0416445 -0.998839 126.861 0.0399277 0.998375 0.0406568 -9.32837 0.998909 -0.0388965 -0.0258468 239.715 0 0 0 1 
-0.0358729 0.0485491 -0.998176 123.326 0.0381585 0.998157 0.0471768 -9.21526 0.998628 -0.0363966 -0.0376593 239.59 0 0 0 1 
-0.0403108 0.0408939 -0.99835 120.968 0.0381619 0.998496 0.039359 -9.13858 0.998458 -0.0365123 -0.0418108 239.482 0 0 0 1 
-0.0399256 0.0461165 -0.998138 118.598 0.0407071 0.99818 0.0444902 -9.06517 0.998373 -0.038855 -0.0417302 239.371 0 0 0 1 
-0.053793 0.0439124 -0.997586 113.922 0.0415595 0.998265 0.0417013 -8.93359 0.997687 -0.039216 -0.0555247 239.149 0 0 0 1 
-0.0641962 0.0360616 -0.997286 111.608 0.0447513 0.998446 0.0332228 -8.87499 0.996933 -0.0424971 -0.0657102 239.022 0 0 0 1 
-0.0657871 0.0413346 -0.996977 110.46 0.0471028 0.998156 0.0382753 -8.84374 0.996721 -0.0444424 -0.0676128 238.95 0 0 0 1 
-0.0609045 0.049496 -0.996916 109.337 0.0502884 0.997654 0.0464603 -8.81564 0.996876 -0.0473037 -0.0632507 238.882 0 0 0 1 
-0.0509164 0.0439015 -0.997738 108.203 0.049304 0.997926 0.0413937 -8.78204 0.997485 -0.0470848 -0.0529753 238.813 0 0 0 1 
-0.0519557 0.0420206 -0.997765 104.82 0.0534613 0.997799 0.0392382 -8.69741 0.997217 -0.0513031 -0.0540878 238.646 0 0 0 1 
-0.061861 0.0431709 -0.997151 102.565 0.0562928 0.997625 0.0396991 -8.63783 0.996496 -0.0536766 -0.0641442 238.516 0 0 0 1 
-0.0830434 0.036408 -0.995881 101.42 0.0599114 0.997707 0.0314789 -8.60524 0.994743 -0.0570505 -0.0850343 238.444 0 0 0 1 
-0.134495 0.00331227 -0.990909 99.0828 0.0621055 0.998057 -0.00509334 -8.5674 0.988966 -0.0622259 -0.134439 238.234 0 0 0 1 
-0.0774246 0.107224 -0.991216 97.7995 0.0656789 0.992589 0.102242 -8.58842 0.994832 -0.0571859 -0.0838932 238.059 0 0 0 1 
-0.0554183 0.0644331 -0.996382 96.7378 0.060804 0.996281 0.0610447 -8.49247 0.99661 -0.057201 -0.0591301 237.965 0 0 0 1 
-0.0437616 0.0572145 -0.997402 94.7475 0.0550934 0.996978 0.0547729 -8.40451 0.997522 -0.0525533 -0.0467814 237.827 0 0 0 1 
-0.0527633 0.0652367 -0.996474 91.1137 0.055667 0.996504 0.0622912 -8.27361 0.997054 -0.052184 -0.0562104 237.639 0 0 0 1 
-0.0457796 0.0549154 -0.997441 90.2473 0.0552979 0.997096 0.0523584 -8.2377 0.99742 -0.0527594 -0.0486833 237.591 0 0 0 1 
-0.0433402 0.0714124 -0.996505 87.095 0.0522643 0.996238 0.0691203 -8.12315 0.997692 -0.0490859 -0.0469094 237.433 0 0 0 1 
-0.0363741 0.0694502 -0.996922 85.7035 0.0528066 0.996322 0.0674817 -8.05804 0.997942 -0.0501895 -0.0399077 237.378 0 0 0 1 
-0.0203468 0.0676883 -0.997499 83.3106 0.0555436 0.996241 0.06647 -7.95492 0.998249 -0.0540523 -0.02403 237.332 0 0 0 1 
-0.0106357 0.0573867 -0.998295 82.247 0.0559834 0.99682 0.0567054 -7.91323 0.998375 -0.0552849 -0.0138146 237.333 0 0 0 1 
0.0351187 0.104762 -0.993877 80.1638 0.0495142 0.993087 0.106428 -7.83464 0.998156 -0.0529486 0.0296887 237.411 0 0 0 1 
0.166391 -0.0402836 -0.985237 79.0185 0.0406359 0.998596 -0.0339671 -7.73731 0.985222 -0.0343842 0.167794 237.523 0 0 0 1 
0.34205 0.147898 -0.92797 77.0472 0.016646 0.986428 0.163351 -7.8468 0.939534 -0.0713212 0.334945 238.108 0 0 0 1 
0.442791 0.0659037 -0.894199 75.2516 -0.0170083 0.997733 0.065112 -7.55163 0.896463 -0.0136222 0.442908 239.084 0 0 0 1 
0.464943 0.0557803 -0.883582 74.8081 -0.0117689 0.998314 0.0568305 -7.52158 0.885262 -0.0160241 0.464816 239.371 0 0 0 1 
0.547274 0.054544 -0.835175 73.9281 -0.0125363 0.998296 0.0569825 -7.46935 0.83686 -0.0207151 0.547025 240 0 0 0 1 
0.588548 0.0568059 -0.806464 73.4931 -0.0156633 0.998142 0.0588765 -7.44861 0.80831 -0.0220198 0.588345 240.35 0 0 0 1 
0.670672 0.057105 -0.739553 72.6771 -0.0235684 0.998169 0.0557009 -7.41052 0.74138 -0.0199269 0.67079 241.123 0 0 0 1 
0.709821 0.0575234 -0.70203 72.2987 -0.0297278 0.998218 0.051735 -7.39002 0.703755 -0.0158528 0.710266 241.54 0 0 0 1 
0.781012 0.0517617 -0.622368 71.6041 -0.0400074 0.998659 0.032852 -7.35246 0.623234 -0.000758479 0.782035 242.437 0 0 0 1 
0.81286 0.0435732 -0.580827 71.3064 -0.0346233 0.999049 0.026493 -7.33626 0.581429 -0.00142496 0.813596 242.92 0 0 0 1 
0.866281 0.0259918 -0.49888 70.7825 -0.0183283 0.999627 0.0202546 -7.31704 0.49922 -0.00840257 0.866435 243.961 0 0 0 1 
0.922858 0.0309468 -0.383895 70.1042 -0.0251502 0.999481 0.0201116 -7.3083 0.384318 -0.00890507 0.923158 245.568 0 0 0 1 
0.960612 0.0227967 -0.276958 69.6211 -0.0192151 0.999693 0.0156394 -7.30102 0.27723 -0.00970158 0.960755 247.299 0 0 0 1 
0.970013 0.0262076 -0.241637 69.4686 -0.0239327 0.999637 0.0123456 -7.29918 0.241873 -0.00619241 0.970288 247.9 0 0 0 1 
0.992066 0.0121822 -0.125127 69.1318 -0.0133918 0.999871 -0.00883042 -7.31909 0.125003 0.010436 0.992101 250.306 0 0 0 1 
0.998094 0.0104173 -0.0608275 68.9193 -0.00978741 0.999895 0.0106438 -7.35486 0.060932 -0.0100282 0.998092 253.434 0 0 0 1 
0.996127 -0.00999485 -0.087351 68.727 0.010791 0.999904 0.008647 -7.36579 0.0872563 -0.00955612 0.99614 256.572 0 0 0 1 
0.991957 -0.0148175 -0.125709 68.5643 0.0157998 0.999852 0.00682088 -7.37027 0.125589 -0.00875219 0.992044 257.832 0 0 0 1 
0.969535 -0.00818919 -0.244816 67.9867 0.0121726 0.999817 0.0147623 -7.38225 0.24465 -0.0172926 0.969457 260.291 0 0 0 1 
0.958462 -0.00476887 -0.285179 67.7823 0.00870174 0.999884 0.0125254 -7.38857 0.285086 -0.0144866 0.958392 260.869 0 0 0 1 
0.943913 -0.00019482 -0.330194 67.5378 0.00415196 0.999928 0.0112791 -7.39079 0.330168 -0.0120174 0.943846 261.449 0 0 0 1 
0.880188 0.0284109 -0.473774 66.6223 -0.0273739 0.999584 0.00908637 -7.38132 0.473835 0.0049713 0.8806 263.023 0 0 0 1 
0.816674 0.0535965 -0.574606 65.8614 -0.0524222 0.998451 0.0186244 -7.3759 0.574714 0.0149121 0.818218 263.956 0 0 0 1 
0.777841 0.0610137 -0.625493 65.4503 -0.0578954 0.998001 0.0253532 -7.36766 0.625789 0.0164924 0.779818 264.39 0 0 0 1 
0.691642 0.0743321 -0.718405 64.5553 -0.055775 0.997216 0.049483 -7.32435 0.720084 0.00584452 0.693862 265.196 0 0 0 1 
0.642715 0.0817868 -0.761727 64.0707 -0.0538333 0.996649 0.061588 -7.29445 0.764212 0.00142274 0.644964 265.542 0 0 0 1 
0.539375 0.093196 -0.836893 63.0363 -0.0580651 0.995607 0.0734476 -7.23543 0.840061 0.00897845 0.542417 266.096 0 0 0 1 
0.48168 0.0874606 -0.871972 62.503 -0.0504004 0.996125 0.0720721 -7.19959 0.874897 0.00923212 0.484221 266.339 0 0 0 1 
0.421222 0.0795447 -0.903463 61.9703 -0.0351899 0.99683 0.0713586 -7.15807 0.906275 0.00173499 0.422686 266.555 0 0 0 1 
0.301798 0.0709641 -0.950727 60.7868 -0.0172768 0.997469 0.0689687 -7.06784 0.953215 -0.00438909 0.30226 266.884 0 0 0 1 
0.245797 0.0724289 -0.966612 60.1683 -0.016249 0.997372 0.0706019 -7.03142 0.969185 -0.00164725 0.246328 266.981 0 0 0 1 
0.144613 0.0782074 -0.986393 58.8705 -0.0174347 0.996918 0.0764858 -6.95241 0.989335 0.0061366 0.145531 267.099 0 0 0 1 
0.0622137 0.0718061 -0.995476 57.8131 -0.0111834 0.997396 0.0712456 -6.90475 0.998 0.00670035 0.0628547 267.129 0 0 0 1 
0.0245066 0.0721574 -0.997092 57.2628 -0.0105615 0.997355 0.0719168 -6.86339 0.999644 0.0087683 0.0252039 267.13 0 0 0 1 
-0.0299645 0.068915 -0.997172 55.9296 -0.0174946 0.997431 0.0694586 -6.77313 0.999398 0.0195264 -0.0286819 267.063 0 0 0 1 
-0.0761356 0.0642795 -0.995023 52.0494 -0.0176189 0.997677 0.0657991 -6.52947 0.996942 0.0225409 -0.0748262 266.762 0 0 0 1 
-0.07048 0.0650931 -0.995387 48.5757 -0.0134667 0.997716 0.0661989 -6.30879 0.997422 0.0180703 -0.0694424 266.509 0 0 0 1 
-0.0689477 0.0604737 -0.995786 46.6827 -0.00968172 0.998073 0.061283 -6.18433 0.997573 0.0138662 -0.0682294 266.394 0 0 0 1 
-0.0516325 0.0420838 -0.997779 42.3077 -0.00427242 0.999093 0.0423603 -5.92056 0.998657 0.00645009 -0.0514059 266.119 0 0 0 1 
-0.0399089 0.0668849 -0.996962 40.3526 0.000452943 0.997758 0.0669201 -5.84768 0.999203 0.00221914 -0.0398497 266.021 0 0 0 1 
-0.0372546 0.0781398 -0.996246 38.3645 0.0031382 0.996942 0.078077 -5.71595 0.999301 -0.000217696 -0.0373859 265.943 0 0 0 1 
-0.0390949 0.0830369 -0.995779 36.2957 0.00315085 0.996546 0.0829772 -5.56453 0.999231 0.000106431 -0.0392215 265.857 0 0 0 1 
-0.0629174 0.0557728 -0.996459 32.0037 0.00377445 0.998443 0.0556456 -5.2383 0.998012 -0.000260007 -0.06303 265.647 0 0 0 1 
-0.0829973 0.0177385 -0.996392 30.8103 0.00122362 0.999843 0.017698 -5.17742 0.996549 0.000249678 -0.083006 265.581 0 0 0 1 
-0.0792848 0.0200059 -0.996651 29.5858 0.00400211 0.999797 0.0197507 -5.16001 0.996844 -0.00242278 -0.0793487 265.486 0 0 0 1 
-0.057419 -0.0261857 -0.998007 28.4192 0.00262392 0.999649 -0.0263798 -5.14095 0.998347 -0.0041334 -0.0573301 265.406 0 0 0 1 
-0.118221 0.131731 -0.984211 24.1349 0.00577636 0.991236 0.131978 -5.29861 0.99297 0.00991743 -0.117946 265.137 0 0 0 1 
-0.108241 0.158382 -0.981427 19.8939 0.0115784 0.987361 0.158063 -4.78213 0.994057 0.00574542 -0.108706 264.618 0 0 0 1 
-0.0798779 0.167028 -0.982711 18.4749 0.0166109 0.985947 0.166228 -4.57039 0.996666 -0.00304578 -0.0815299 264.462 0 0 0 1 
-0.0841228 0.125344 -0.98854 17.1063 0.0120353 0.992112 0.124773 -4.35635 0.996383 -0.0014011 -0.0849678 264.357 0 0 0 1 
-0.0563031 0.0411103 -0.997567 14.5481 0.017449 0.99904 0.0401861 -4.06619 0.998261 -0.0151439 -0.0569663 264.163 0 0 0 1 
-0.079569 0.168346 -0.982511 11.862 0.0258552 0.985653 0.166791 -3.99133 0.996494 -0.0121316 -0.0827801 264.006 0 0 0 1 
-0.0773677 0.242711 -0.967009 9.60216 0.0243651 0.970086 0.241534 -3.64285 0.996705 -0.00487427 -0.080967 263.79 0 0 0 1 
-0.0792207 0.246581 -0.965879 8.46978 0.02096 0.969122 0.24569 -3.37807 0.996637 -0.000781077 -0.0819429 263.689 0 0 0 1 
-0.0903025 0.135495 -0.986654 7.34645 0.0129871 0.990778 0.134873 -3.11066 0.99583 -0.000634397 -0.0912294 263.588 0 0 0 1 
-0.0793364 -0.13408 -0.98779 6.17061 -0.0135997 0.990966 -0.133419 -2.96847 0.996755 0.00284868 -0.0804432 263.476 0 0 0 1 
-0.0904083 -0.16766 -0.981691 1.62456 -0.0429524 0.985467 -0.164349 -3.63608 0.994978 0.0273075 -0.0962957 263.063 0 0 0 1 
-0.0873365 -0.684757 -0.723519 0.990474 -0.0514143 0.728425 -0.683194 -3.75027 0.994851 -0.0224686 -0.0988244 262.992 0 0 0 1 
-0.0999384 0.0788484 -0.991865 -0.59228 -0.030849 0.99613 0.0822958 -5.28786 0.994515 0.0388225 -0.0971193 262.753 0 0 0 1 
