-0.99456 0.0760003 0.0712296 -14.988 0.0765532 0.997053 0.00506144 -0.246964 -0.070635 0.0104868 -0.997447 193.542
-0.994559 0.0758075 0.0714579 -14.8165 0.0764662 0.997051 0.00652412 -0.25982 -0.0707526 0.0119527 -0.997422 191.268
-0.994846 0.0731091 0.0702552 -14.6402 0.0738417 0.997239 0.00788566 -0.269497 -0.0694847 0.0130328 -0.997498 188.97
-0.995069 0.0709464 0.0693085 -14.5519 0.0716742 0.997395 0.0080679 -0.274217 -0.0685556 0.0129958 -0.997563 187.813
-0.995433 0.0688731 0.0661079 -14.3835 0.0694268 0.997568 0.00611292 -0.283248 -0.0655262 0.0106747 -0.997794 185.488
-0.995553 0.0686299 0.0645344 -14.3025 0.0692221 0.997577 0.0069836 -0.287196 -0.0638987 0.0114197 -0.997891 184.317
-0.995602 0.0693421 0.0630008 -14.2246 0.0700958 0.997492 0.0098294 -0.28967 -0.0621612 0.0142023 -0.997965 183.138
-0.99573 0.0698723 0.0603338 -14.0716 0.0709339 0.997358 0.0156353 -0.285968 -0.0590819 0.0198483 -0.998056 180.759
-0.995754 0.0709434 0.0586538 -13.9994 0.071997 0.997276 0.0160466 -0.280436 -0.0573556 0.0202013 -0.998149 179.559
-0.995846 0.0723793 0.0552534 -13.857 0.0732122 0.997229 0.0132001 -0.268019 -0.0541448 0.0171905 -0.998385 177.145
-0.995804 0.0740724 0.0537367 -13.7915 0.0748291 0.997122 0.0122067 -0.261362 -0.0526779 0.0161765 -0.998481 175.929
-0.99556 0.0792255 0.0508254 -13.6649 0.0798239 0.99676 0.00985009 -0.257492 -0.0498804 0.0138634 -0.998659 173.472
-0.99552 0.080392 0.0497616 -13.601 0.0809073 0.996686 0.00842467 -0.257841 -0.0489194 0.012413 -0.998726 172.235
-0.995723 0.0790709 0.0477867 -13.4717 0.0795209 0.996804 0.00758749 -0.262969 -0.047034 0.0113551 -0.998829 169.74
-0.995922 0.0769853 0.047038 -13.4048 0.077562 0.996932 0.0105562 -0.264739 -0.046081 0.0141616 -0.998837 168.48
-0.99615 0.0743956 0.0463786 -13.3387 0.0750566 0.997099 0.0126752 -0.265494 -0.0453011 0.0161074 -0.998844 167.214
-0.996153 0.0747751 0.0456936 -13.2119 0.0752146 0.997135 0.00797446 -0.264643 -0.0449664 0.0113806 -0.998924 164.682
-0.99609 0.0755904 0.0457185 -13.1501 0.0759249 0.997098 0.00562242 -0.26916 -0.0451608 0.00907161 -0.998939 163.409
-0.995989 0.0766985 0.0460861 -13.0876 0.0770059 0.997018 0.00493113 -0.275324 -0.0455705 0.00846025 -0.998925 162.132
-0.995856 0.0777108 0.0472455 -12.9639 0.078289 0.996875 0.0105113 -0.28654 -0.0462811 0.0141665 -0.998828 159.56
-0.995768 0.078569 0.0476777 -12.8997 0.0791449 0.99681 0.01031 -0.288702 -0.0467156 0.0140399 -0.99881 158.271
-0.995707 0.079012 0.0482109 -12.8334 0.0795584 0.996785 0.00952047 -0.290749 -0.0473036 0.0133152 -0.998792 156.981
-0.995586 0.0799067 0.0492319 -12.701 0.0804191 0.996725 0.00851465 -0.298367 -0.0483903 0.0124363 -0.998751 154.396
-0.995556 0.0798856 0.049861 -12.6321 0.0804015 0.996727 0.0084261 -0.3035 -0.0490247 0.0123976 -0.998721 153.102
-0.995582 0.0786616 0.0512752 -12.4892 0.0792688 0.996804 0.00991466 -0.314966 -0.0503314 0.0139354 -0.998635 150.512
-0.995576 0.0776653 0.0528902 -12.4268 0.0782957 0.996881 0.00994987 -0.314922 -0.0519524 0.0140469 -0.998551 149.282
-0.995485 0.0770987 0.0553625 -12.2884 0.0778171 0.996908 0.0109364 -0.316255 -0.0543481 0.0151952 -0.998406 146.757
-0.995421 0.0771983 0.0563617 -12.2132 0.0779233 0.996901 0.0107771 -0.318994 -0.0553551 0.0151197 -0.998352 145.445
-0.995364 0.0773916 0.0571138 -12.1338 0.0780588 0.996903 0.00954038 -0.323531 -0.0561985 0.0139544 -0.998322 144.134
-0.995285 0.0778914 0.0577947 -12.0541 0.0785158 0.996876 0.00861042 -0.329589 -0.0569435 0.0131076 -0.998291 142.825
-0.99511 0.0790848 0.0591695 -11.9009 0.0797276 0.99678 0.00857785 -0.343094 -0.0583006 0.0132533 -0.998211 140.239
-0.995125 0.078333 0.059914 -11.8197 0.0789285 0.996851 0.00763328 -0.352048 -0.0591274 0.012325 -0.998174 138.94
-0.995203 0.0762212 0.0613256 -11.6524 0.0769419 0.996991 0.00947501 -0.367288 -0.0604188 0.0141481 -0.998073 136.362
-0.995236 0.0751614 0.0620986 -11.5671 0.0762242 0.996979 0.014924 -0.371689 -0.0607893 0.0195863 -0.997958 135.065
-0.99512 0.075875 0.0630808 -11.4837 0.0771956 0.996839 0.0187647 -0.370016 -0.0614577 0.0235427 -0.997832 133.771
-0.994863 0.0777672 0.06481 -11.3153 0.0789402 0.996755 0.015734 -0.362142 -0.0633761 0.0207692 -0.997774 131.222
-0.99481 0.0778501 0.0655174 -11.2286 0.0789794 0.996766 0.0148224 -0.360545 -0.0641516 0.01992 -0.997741 129.939
-0.994738 0.0780778 0.0663383 -11.1412 0.0792722 0.996732 0.0155634 -0.359399 -0.0649063 0.0207403 -0.997676 128.659
-0.994438 0.0806123 0.0677901 -10.9691 0.0819729 0.99648 0.0175298 -0.356129 -0.0661384 0.0229893 -0.997546 126.132
-0.994327 0.0815074 0.0683404 -10.8916 0.0829374 0.996386 0.0183507 -0.355369 -0.0665976 0.0239146 -0.997493 124.982
-0.994376 0.0806855 0.0686053 -10.8071 0.0821451 0.996444 0.0187231 -0.355376 -0.0668507 0.0242534 -0.997468 123.775
-0.994535 0.0795629 0.067607 -10.637 0.0805967 0.996666 0.0126982 -0.358647 -0.0663713 0.0180777 -0.997631 121.378
-0.994745 0.0770538 0.0674227 -10.5498 0.0780821 0.996865 0.0127487 -0.364566 -0.066229 0.0179462 -0.997643 120.179
-0.994875 0.0760237 0.0666653 -10.4657 0.0770394 0.996946 0.0127964 -0.370454 -0.0654888 0.0178667 -0.997693 118.996
-0.994992 0.0755747 0.0654211 -10.3864 0.0765604 0.996984 0.0126901 -0.376455 -0.0642647 0.0176352 -0.997777 117.83
-0.995114 0.0749724 0.0642511 -10.3066 0.0759085 0.99704 0.0122509 -0.383997 -0.0631424 0.0170682 -0.997859 116.683
-0.995177 0.0749824 0.0632554 -10.2331 0.0758973 0.997041 0.0121825 -0.390816 -0.0621548 0.0169246 -0.997923 115.558
-0.995301 0.0742573 0.0621388 -10.1595 0.0751617 0.997095 0.0123422 -0.39809 -0.0610418 0.0169547 -0.997991 114.451
-0.995528 0.0731624 0.0597587 -10.0232 0.0739567 0.997199 0.0111864 -0.416045 -0.0587729 0.0155559 -0.99815 112.298
-0.995568 0.073509 0.0586499 -9.95939 0.0742387 0.997187 0.0103575 -0.424073 -0.0577235 0.0146657 -0.998225 111.242
-0.995639 0.073359 0.0576291 -9.89827 0.0740639 0.997201 0.0101893 -0.430186 -0.0567203 0.0144131 -0.998286 110.183
-0.995592 0.0747162 0.0566944 -9.83538 0.0753659 0.997112 0.00940725 -0.438162 -0.0558277 0.0136386 -0.998347 109.077
-0.995687 0.0758845 0.0533777 -9.6773 0.0765774 0.997002 0.0110563 -0.465898 -0.0523787 0.0150962 -0.998513 106.164
-0.995733 0.0759534 0.0524022 -9.62437 0.0766946 0.996979 0.0122796 -0.475404 -0.0513113 0.0162462 -0.998551 105.283
-0.996 0.0739445 0.0501571 -9.52907 0.0747353 0.997104 0.0140758 -0.491841 -0.0489711 0.017768 -0.998642 103.561
-0.996065 0.074382 0.0481875 -9.4514 0.0752831 0.997015 0.0171598 -0.502931 -0.0467673 0.02072 -0.998691 101.854
-0.994483 0.0857161 0.0604712 -9.30964 0.0869962 0.99603 0.0188587 -0.510172 -0.0586146 0.0240154 -0.997992 98.831
-0.991732 0.0916485 0.0898229 -9.19745 0.0935906 0.995454 0.017644 -0.509271 -0.0877976 0.0259047 -0.995801 97.4621
-0.986333 0.0936702 0.135546 -9.02095 0.0966273 0.995202 0.015389 -0.515297 -0.133454 0.0282761 -0.990652 96.1899
-0.975538 0.0949555 0.198266 -8.77615 0.098789 0.995063 0.00951099 -0.527621 -0.196384 0.0288648 -0.980102 95.0065
-0.958058 0.0877179 0.27282 -8.43845 0.0919123 0.995764 0.00260593 -0.548091 -0.271436 0.0275722 -0.962062 93.9083
-0.894827 0.0600223 0.44236 -7.51181 0.0649244 0.997882 -0.00406698 -0.598163 -0.441668 0.0250807 -0.896828 91.9469
-0.843887 0.0422065 0.534858 -6.88991 0.0476396 0.998858 -0.00365669 -0.621211 -0.534402 0.0223946 -0.844934 91.0403
-0.781706 0.0276527 0.623034 -6.16231 0.0348117 0.999394 -0.000679584 -0.640671 -0.622675 0.0211576 -0.782195 90.1899
-0.744597 0.0231667 0.667112 -5.76606 0.0314098 0.999507 0.000348334 -0.650672 -0.666775 0.0212132 -0.744957 89.7861
-0.703751 0.0213417 0.710126 -5.36377 0.0304253 0.999537 0.000112647 -0.654563 -0.709795 0.0216851 -0.704074 89.4419
-0.614169 0.0221484 0.788864 -4.50107 0.0312336 0.999505 -0.00374556 -0.67915 -0.788556 0.0223387 -0.614557 88.8335
-0.565853 0.0217343 0.82422 -4.04519 0.0294402 0.999548 -0.00614606 -0.695255 -0.823981 0.0207874 -0.566236 88.5787
-0.464076 0.0164029 0.885644 -3.07673 0.0240676 0.999693 -0.00590379 -0.719957 -0.885468 0.0185755 -0.464328 88.1379
-0.412228 0.0140352 0.910973 -2.55337 0.018517 0.999804 -0.00702454 -0.728095 -0.910892 0.0139728 -0.412407 87.9965
-0.307352 0.0166924 0.95145 -1.53565 0.0173412 0.999778 -0.0119385 -0.747926 -0.951438 0.01283 -0.307573 87.733
-0.258723 0.0191132 0.965762 -1.03333 0.0180386 0.999725 -0.0149529 -0.780994 -0.965783 0.0135523 -0.258997 87.6052
-0.175111 0.0168718 0.984404 0.0831655 0.00655864 0.999851 -0.0159699 -0.806839 -0.984527 0.00365985 -0.175195 87.4662
-0.137756 0.0179358 0.990304 0.635545 0.00294247 0.999839 -0.0176992 -0.81785 -0.990462 0.000475772 -0.137787 87.4131
-0.106412 0.0208617 0.994103 1.19373 0.00442152 0.99978 -0.0205075 -0.837797 -0.994312 0.00221321 -0.10648 87.3641
-0.0672815 0.0297583 0.99729 2.30496 0.00272623 0.999557 -0.029642 -0.871888 -0.99773 0.00072448 -0.0673328 87.3242
-0.0535328 0.0363678 0.997904 2.92284 0.0015083 0.999338 -0.0363392 -0.886223 -0.998565 -0.000440199 -0.0535522 87.3207
-0.033207 0.034477 0.998854 4.09782 0.00587565 0.999394 -0.0343003 -0.930698 -0.999431 0.0047299 -0.0333895 87.2919
-0.0221334 0.0266094 0.999401 5.33005 0.00480555 0.999637 -0.0265092 -0.985418 -0.999743 0.00421593 -0.0222533 87.2816
-0.018186 0.0283004 0.999434 8.00326 0.0150393 0.999494 -0.0280284 -1.09164 -0.999722 0.0145211 -0.0186024 87.2226
-0.0185442 0.0287427 0.999415 9.41419 0.0197911 0.999401 -0.0283751 -1.13828 -0.999632 0.0192533 -0.0191019 87.1958
-0.0164452 0.0278757 0.999476 11.6315 0.0308547 0.999149 -0.0273589 -1.21231 -0.999389 0.0303886 -0.0172913 87.1464
-0.0141639 0.0282524 0.9995 12.4174 0.0354215 0.998988 -0.0277359 -1.23649 -0.999272 0.035011 -0.0151503 87.1461
-0.00976671 0.0281582 0.999556 13.2214 0.038338 0.998879 -0.0277645 -1.26402 -0.999217 0.0380498 -0.0108353 87.1259
0.00519727 0.0277335 0.999602 14.8714 0.0441575 0.998634 -0.0279362 -1.31989 -0.999011 0.0442851 0.00396553 87.1141
0.0464029 0.0225705 0.998668 18.3755 0.0435352 0.998749 -0.0245952 -1.43451 -0.997974 0.0446185 0.0453622 87.2323
0.0675228 0.0289743 0.997297 20.2355 0.0373213 0.998805 -0.0315449 -1.49975 -0.997019 0.0393504 0.0663607 87.3726
0.0856089 0.0311811 0.995841 23.9991 0.0141095 0.999372 -0.0325047 -1.66881 -0.996229 0.0168335 0.0851152 87.7417
0.0624875 0.031512 0.997548 27.7098 -0.0024502 0.999503 -0.0314203 -1.84387 -0.998043 -0.000480813 0.0625337 88.0728
0.0419167 0.0306596 0.998651 29.5196 -0.00621419 0.999518 -0.0304254 -1.92408 -0.999102 -0.00493047 0.042087 88.1564
0.0309238 0.028328 0.99912 30.4116 -0.0066069 0.999582 -0.0281366 -1.96209 -0.9995 -0.005731 0.031098 88.1723
0.0229686 0.0257152 0.999405 31.315 -0.00396946 0.999664 -0.0256307 -2.00273 -0.999728 -0.0033784 0.023063 88.1901
-0.000190704 0.0279791 0.999608 33.0969 -0.000542957 0.999608 -0.0279792 -2.07237 -1 -0.00054808 -0.000175438 88.2004
-0.012112 0.028749 0.999513 33.9904 0.00156023 0.999586 -0.0287322 -2.11059 -0.999925 0.00121147 -0.0121518 88.1955
-0.0353068 0.026927 0.999014 35.8144 0.00430684 0.999632 -0.0267915 -2.18798 -0.999367 0.00335667 -0.0354098 88.1372
-0.0457895 0.0268187 0.998591 36.7296 0.00614781 0.999628 -0.0265646 -2.22056 -0.998932 0.00492277 -0.0459374 88.0886
-0.0589019 0.0290156 0.997842 38.5198 0.011487 0.999531 -0.0283866 -2.28995 -0.998198 0.00979017 -0.0592076 88.0029
-0.0620564 0.0316772 0.99757 39.4411 0.0114477 0.999453 -0.0310249 -2.32492 -0.998007 0.00949463 -0.0623851 87.9243
-0.0620375 0.0362048 0.997417 43.1253 0.0141612 0.999273 -0.0353914 -2.4911 -0.997973 0.011929 -0.0625051 87.6952
-0.052727 0.0285109 0.998202 46.9476 0.0117598 0.999541 -0.027928 -2.65539 -0.99854 0.0102661 -0.0530381 87.4888
-0.0541249 0.0285662 0.998125 48.8734 0.00501981 0.999586 -0.0283358 -2.73594 -0.998522 0.00347672 -0.0542459 87.4124
-0.0879769 0.0322613 0.9956 52.6934 -0.013469 0.999346 -0.0335729 -2.9029 -0.996031 -0.0163634 -0.0874848 87.1927
-0.142411 0.0340393 0.989222 55.5134 -0.0156522 0.999206 -0.0366361 -3.04071 -0.989684 -0.0207009 -0.141765 86.8653
-0.162859 0.0288673 0.986227 56.4196 -0.0130996 0.999421 -0.0314167 -3.08528 -0.986562 -0.0180356 -0.162386 86.7118
-0.18377 0.0271957 0.982593 57.3213 -0.0123015 0.999475 -0.0299636 -3.12894 -0.982892 -0.0175937 -0.183339 86.5411
-0.204221 0.0274747 0.978539 58.2114 -0.00798159 0.999526 -0.0297297 -3.16868 -0.978892 -0.0138817 -0.203905 86.352
-0.279294 0.0307456 0.959713 61.7745 0.0117058 0.999522 -0.0286144 -3.3368 -0.960134 0.00324242 -0.27952 85.3904
-0.316761 0.0208962 0.948275 64.434 0.0187231 0.9997 -0.0157752 -3.43401 -0.948321 0.0127577 -0.317057 84.5274
-0.324504 0.0104213 0.945827 65.3329 0.0166858 0.999847 -0.00529176 -3.45816 -0.945737 0.0140646 -0.324629 84.2241
-0.329025 0.00681232 0.944297 66.2167 0.0172151 0.999851 -0.00121477 -3.47934 -0.944164 0.0158565 -0.329093 83.9201
-0.330559 0.0143558 0.943676 67.1004 0.01923 0.999779 -0.0084732 -3.49899 -0.943589 0.015346 -0.330762 83.6108
-0.329726 0.037364 0.943337 69.7664 0.0227596 0.999241 -0.031623 -3.58099 -0.943802 0.011043 -0.330326 82.6836
-0.337072 0.0246268 0.941157 72.5274 0.023059 0.999574 -0.0178968 -3.6886 -0.941196 0.0156696 -0.337496 81.716
-0.343103 0.0221931 0.939036 73.4646 0.0234994 0.999611 -0.0150386 -3.71772 -0.939004 0.016907 -0.34349 81.3782
-0.351421 0.0231888 0.93593 74.3951 0.0232161 0.999602 -0.0160492 -3.74606 -0.93593 0.0160886 -0.351819 81.033
-0.376059 0.0287116 0.926151 76.2503 0.024637 0.999476 -0.020981 -3.80014 -0.926268 0.0149275 -0.37657 80.3002
-0.415837 0.0450613 0.908322 79.0172 0.0287261 0.998924 -0.036405 -3.90821 -0.908985 0.010954 -0.416684 79.0771
-0.434036 0.0466222 0.899688 80.8725 0.0303649 0.99885 -0.0371118 -3.99725 -0.900384 0.0112111 -0.434953 78.1931
-0.442728 0.0412768 0.895706 84.6617 0.0352479 0.998969 -0.0286133 -4.16924 -0.895963 0.0189038 -0.443726 76.334
-0.452373 0.033229 0.891209 89.3552 0.0220312 0.999417 -0.0260807 -4.3852 -0.891557 0.00783619 -0.452842 74.0281
-0.478023 0.0237844 0.878025 92.1252 0.0111353 0.999717 -0.0210185 -4.50951 -0.878277 -0.000270226 -0.478153 72.5944
-0.488938 0.0214219 0.872055 93.0174 0.0113042 0.99977 -0.0182212 -4.54654 -0.872245 0.000948859 -0.489068 72.0988
-0.500538 0.0210599 0.865459 93.9115 0.00970289 0.999778 -0.0187168 -4.58081 -0.86566 -0.00097101 -0.500631 71.5909
-0.538281 0.0203781 0.842519 96.4952 0.00926523 0.99979 -0.0182626 -4.68261 -0.842715 -0.00202426 -0.538357 70.0129
-0.576189 0.0217057 0.817028 98.9773 0.00797997 0.999749 -0.0209323 -4.78933 -0.817277 -0.00554109 -0.576218 68.3367
-0.618141 0.0245779 0.785683 102.104 0.0165714 0.999696 -0.0182351 -4.92564 -0.785893 0.00174802 -0.61836 65.9647
-0.630369 0.0307427 0.775686 104.347 0.0276595 0.999471 -0.0171341 -5.02047 -0.775802 0.0106543 -0.630886 64.1414
-0.630189 0.0344064 0.775679 105.797 0.0334234 0.999294 -0.0171708 -5.0835 -0.775722 0.015105 -0.630894 62.9607
-0.613817 0.0374071 0.788562 108.533 0.0403004 0.999059 -0.0160226 -5.20716 -0.788419 0.0219444 -0.614747 60.7891
-0.603886 0.0360937 0.796253 109.823 0.0392934 0.999108 -0.0154885 -5.26553 -0.796101 0.0219341 -0.604766 59.8179
-0.596116 0.0345536 0.802155 111.039 0.0385834 0.999152 -0.0143665 -5.32059 -0.801971 0.0223858 -0.596944 58.9249
-0.597507 0.0494961 0.800335 113.338 0.0425823 0.998643 -0.0299696 -5.43299 -0.800732 0.016173 -0.598804 57.2252
-0.604981 0.0470451 0.794849 114.468 0.0453849 0.998667 -0.024565 -5.47768 -0.794946 0.0212128 -0.60631 56.3615
-0.622641 0.0338364 0.781776 116.69 0.037763 0.9992 -0.0131707 -5.56814 -0.781596 0.0213215 -0.623421 54.6295
-0.627843 0.0381215 0.777406 117.797 0.0341656 0.999187 -0.0214043 -5.59946 -0.77759 0.013122 -0.628635 53.7504
-0.631258 0.0373519 0.774673 120.087 0.0308226 0.999259 -0.0230642 -5.68873 -0.774961 0.00931794 -0.631941 51.9039
-0.614554 0.0248331 0.788484 122.509 0.0328482 0.999443 -0.00587499 -5.76608 -0.788191 0.0222897 -0.615028 49.9908
-0.60749 0.0254065 0.793921 123.138 0.0293899 0.999523 -0.0094976 -5.7776 -0.793783 0.0175635 -0.607947 49.5227
-0.589235 0.0146131 0.80783 125.113 0.0126529 0.999881 -0.00885807 -5.82218 -0.807863 0.00500192 -0.58935 48.1172
-0.585839 0.013327 0.810318 125.792 0.00194445 0.999885 -0.0150389 -5.83814 -0.810425 -0.00723476 -0.585797 47.6558
-0.583741 0.0153907 0.811794 126.48 -0.00612511 0.999708 -0.0233578 -5.85472 -0.811917 -0.0186072 -0.583477 47.1888
-0.579856 0.0128747 0.814617 127.904 -0.0153665 0.999524 -0.0267352 -5.90555 -0.814574 -0.0280204 -0.579382 46.2145
-0.576048 0.0106819 0.817346 130.859 -0.0125693 0.999681 -0.0219234 -6.01461 -0.817319 -0.0229024 -0.57573 44.1569
-0.581951 0.00869369 0.813177 133.949 -0.00895324 0.999814 -0.0170964 -6.12347 -0.813175 -0.0172299 -0.581765 41.9692
-0.584945 0.00487598 0.811058 135.556 -0.0169843 0.999689 -0.0182593 -6.17016 -0.810895 -0.0244559 -0.58468 40.8403
-0.590703 -0.0104585 0.806822 138.839 -0.0206371 0.999785 -0.00214941 -6.26399 -0.806625 -0.0179202 -0.590791 38.4827
-0.590825 -0.0146753 0.806666 139.665 -0.0230395 0.999734 0.00131288 -6.28194 -0.806471 -0.0178095 -0.591006 37.8875
-0.591454 -0.0120515 0.806249 141.303 -0.0307265 0.999499 -0.00760041 -6.31512 -0.805753 -0.0292685 -0.591528 36.719
-0.590499 -0.0110577 0.806963 142.131 -0.0355394 0.999292 -0.0123129 -6.33292 -0.806256 -0.0359498 -0.590474 36.1353
-0.584084 -0.00517215 0.811677 144.602 -0.0220677 0.999711 -0.00950962 -6.40352 -0.811393 -0.0234663 -0.584029 34.3554
-0.579947 -0.00174123 0.814652 145.418 -0.019029 0.999754 -0.0114098 -6.42687 -0.814432 -0.0221191 -0.579838 33.7744
-0.575928 0.00370677 0.817492 146.232 -0.0116663 0.999851 -0.0127526 -6.45086 -0.817417 -0.0168817 -0.575798 33.1966
-0.574456 -0.000599452 0.818535 149.509 -0.00972768 0.999934 -0.00609468 -6.55263 -0.818478 -0.0114636 -0.574424 30.9241
-0.577764 -0.00841773 0.81616 151.136 -0.0166458 0.99986 -0.00147125 -6.59141 -0.816034 -0.0144356 -0.577824 29.8046
-0.581008 -0.0135874 0.813785 152.754 -0.0273647 0.999621 -0.00284701 -6.62321 -0.813438 -0.0239231 -0.58116 28.6878
-0.587863 0.00153401 0.808959 155.939 -0.0225425 0.999579 -0.018277 -6.72392 -0.808646 -0.0289803 -0.587581 26.4125
-0.588236 -0.00689448 0.80866 157.535 -0.0221459 0.999726 -0.00758588 -6.77813 -0.808386 -0.0223708 -0.588227 25.2662
-0.587325 -0.000822493 0.809351 159.091 -0.0200349 0.999708 -0.0135229 -6.82757 -0.809103 -0.0241575 -0.58717 24.1505
-0.586454 -0.00369249 0.809974 161.391 -0.0265171 0.999541 -0.0146428 -6.91542 -0.809548 -0.0300655 -0.586283 22.5218
-0.587979 -0.00656712 0.80885 162.863 -0.020817 0.999759 -0.00701545 -6.97084 -0.808609 -0.0209628 -0.587973 21.4626
-0.599823 0.00922139 0.800079 165.591 -0.0101205 0.999766 -0.0191103 -7.08536 -0.800068 -0.0195599 -0.59959 19.4523
-0.607886 -0.00558301 0.794005 166.864 -0.00990091 0.999951 -0.000548974 -7.14311 -0.793963 -0.00819509 -0.607911 18.488
-0.614256 0.00884861 0.789057 168.021 -0.00483787 0.999876 -0.0149789 -7.18601 -0.789092 -0.0130182 -0.614137 17.5912
-0.61781 0.0206519 0.786056 169.095 0.00147621 0.999684 -0.0251042 -7.23155 -0.786326 -0.0143492 -0.617645 16.7473
-0.608879 0.0265543 0.792819 170.104 0.017586 0.999646 -0.0199757 -7.28103 -0.793068 0.00177969 -0.60913 15.9465
-0.523456 0.0430211 0.850966 172.111 0.0446121 0.998738 -0.0230496 -7.37174 -0.850884 0.025898 -0.524715 14.5748
-0.411296 0.0347044 0.910841 173.73 0.0350483 0.999138 -0.0222423 -7.43576 -0.910828 0.0227752 -0.412158 13.8381
-0.371802 0.0382398 0.927524 174.28 0.0340169 0.999041 -0.0275525 -7.46216 -0.927689 0.0213074 -0.372746 13.646
-0.331559 0.0430431 0.942452 174.833 0.0350801 0.99883 -0.0332766 -7.49017 -0.942782 0.0220282 -0.332681 13.4739
-0.290747 0.0480825 0.955591 175.395 0.0335622 0.998634 -0.0400367 -7.51829 -0.956211 0.0204312 -0.291964 13.3293
-0.207408 0.0461101 0.977167 176.572 0.0283105 0.998753 -0.0411196 -7.56711 -0.977845 0.0191355 -0.208455 13.1133
-0.166509 0.0413121 0.985174 177.181 0.0256257 0.998966 -0.0375593 -7.59605 -0.985707 0.0189918 -0.167396 13.0363
-0.0970729 0.0271975 0.994906 178.433 0.0132582 0.999573 -0.0260315 -7.65625 -0.995189 0.0106637 -0.0973921 12.9557
-0.0671767 0.0249623 0.997429 179.07 0.00849916 0.999665 -0.0244459 -7.67525 -0.997705 0.00683512 -0.0673663 12.937
-0.0428201 0.0226654 0.998826 179.715 0.00276672 0.999741 -0.0225676 -7.69569 -0.999079 0.00179712 -0.0428718 12.933
-0.00450619 0.0202331 0.999785 181.7 -0.0250416 0.999479 -0.0203397 -7.76286 -0.999676 -0.0251279 -0.00399718 12.9858
-0.000215574 0.0225463 0.999746 182.372 -0.0311183 0.999261 -0.0225421 -7.78189 -0.999516 -0.0311152 0.000486186 13.0018
0.000819838 0.0244657 0.9997 183.037 -0.0322179 0.999182 -0.0244266 -7.8033 -0.999481 -0.0321882 0.0016074 13.0136
-0.0147645 0.0180107 0.999729 185.851 -0.033089 0.999281 -0.0184913 -7.89237 -0.999343 -0.033353 -0.0141579 13.0129
-0.0395857 0.0380655 0.998491 188.742 -0.0326781 0.99869 -0.0393687 -7.99879 -0.998682 -0.0341872 -0.0382899 12.9325
-0.0601032 0.0231813 0.997923 191.014 -0.0426924 0.998756 -0.025772 -8.10076 -0.997279 -0.0441527 -0.0590388 12.8409
-0.0684784 0.0292823 0.997223 192.542 -0.0425147 0.998575 -0.0322415 -8.15905 -0.996746 -0.0446044 -0.067136 12.7528
-0.0703224 0.0318115 0.997017 193.313 -0.0340602 0.998832 -0.0342718 -8.1905 -0.996943 -0.0363687 -0.0691568 12.6915
-0.0716038 0.0305485 0.996965 194.098 -0.031118 0.998976 -0.0328451 -8.22203 -0.996948 -0.0333754 -0.0705798 12.6355
-0.0719971 0.0281471 0.997008 194.895 -0.0372189 0.99883 -0.0308862 -8.25502 -0.99671 -0.0393313 -0.0708653 12.5951
-0.0665593 0.0230483 0.997516 198.083 -0.0371039 0.998985 -0.025558 -8.37965 -0.997092 -0.0387129 -0.0656365 12.4041
-0.0627987 0.0163366 0.997892 201.304 -0.0430879 0.998889 -0.0190645 -8.48597 -0.997096 -0.0441944 -0.062025 12.2383
-0.0630937 0.0265274 0.997655 203.712 -0.0440542 0.998598 -0.0293385 -8.56598 -0.997035 -0.045802 -0.0618366 12.1083
-0.0646445 0.0232455 0.997638 204.528 -0.0443625 0.998673 -0.0261442 -8.59672 -0.996922 -0.0459478 -0.0635275 12.0667
-0.0690631 0.0277024 0.997228 206.983 -0.0468051 0.998424 -0.0309771 -8.69155 -0.996514 -0.0488147 -0.0676577 11.9199
-0.0715461 0.0322042 0.996917 207.81 -0.046165 0.998301 -0.035562 -8.72576 -0.996368 -0.048567 -0.0699378 11.867
-0.0789183 0.0323221 0.996357 210.324 -0.0449449 0.998343 -0.0359464 -8.84119 -0.995867 -0.047618 -0.0773348 11.69
-0.0805458 0.0319442 0.996239 211.173 -0.039906 0.998582 -0.0352457 -8.8765 -0.995952 -0.0425948 -0.0791567 11.6222
-0.0811426 0.0240391 0.996413 213.775 -0.0316867 0.999142 -0.0266853 -8.98702 -0.996199 -0.0337384 -0.0803112 11.4178
-0.0769315 0.0276359 0.996653 217.263 -0.018275 0.999409 -0.0291229 -9.12528 -0.996869 -0.0204543 -0.076381 11.1422
-0.0747025 0.0267899 0.996846 218.136 -0.022508 0.999339 -0.0285436 -9.16 -0.996952 -0.0245693 -0.0740501 11.0883
-0.0714992 0.0237647 0.997158 219.028 -0.0278476 0.999279 -0.025812 -9.19133 -0.997052 -0.029614 -0.0707859 11.0395
-0.0635831 0.0404178 0.997158 222.515 -0.0282235 0.998707 -0.0422803 -9.33946 -0.997577 -0.0308316 -0.0623601 10.8386
-0.0669729 0.0253294 0.997433 226.021 -0.0349946 0.999003 -0.027719 -9.49066 -0.997141 -0.0367612 -0.0660197 10.6468
-0.0684693 0.0298835 0.997206 226.887 -0.0438139 0.998497 -0.0329305 -9.51936 -0.996691 -0.0459462 -0.0670571 10.6095
-0.0701698 0.0246848 0.99723 228.656 -0.0417108 0.998747 -0.0276573 -9.59038 -0.996663 -0.043536 -0.0690522 10.4996
-0.07115 0.0169042 0.997322 230.443 -0.0373166 0.999111 -0.0195967 -9.65648 -0.996767 -0.038611 -0.070456 10.3815
-0.0676389 0.0278365 0.997321 234.036 -0.0251094 0.999247 -0.0295932 -9.78789 -0.997394 -0.0270438 -0.0668889 10.1383
-0.0666639 0.0215302 0.997543 235.865 -0.0213574 0.999507 -0.0229999 -9.85871 -0.997547 -0.0228382 -0.0661712 10.0215
-0.0669479 0.0219111 0.997516 237.704 -0.0336368 0.999141 -0.0242043 -9.91872 -0.997189 -0.0351737 -0.0661533 9.93126
-0.0673404 0.0209121 0.997511 238.617 -0.034627 0.999129 -0.0232836 -9.95077 -0.997129 -0.0361088 -0.0665577 9.87787
-0.0690488 0.0223739 0.997362 239.536 -0.0382973 0.998952 -0.025061 -9.98795 -0.996878 -0.0399267 -0.0681196 9.82711
-0.0711819 0.022747 0.997204 240.458 -0.0411875 0.99882 -0.0257239 -10.0188 -0.996613 -0.0429034 -0.070161 9.77513
-0.0748085 0.0171798 0.99705 242.315 -0.0327612 0.99927 -0.0196761 -10.0848 -0.99666 -0.0341365 -0.0741911 9.64326
-0.0776943 0.0282766 0.996576 244.146 -0.0277344 0.99915 -0.0305118 -10.152 -0.996591 -0.03001 -0.076844 9.507
-0.0802421 0.0226945 0.996517 246.006 -0.0314036 0.999187 -0.025284 -10.224 -0.996281 -0.0333231 -0.0794642 9.37624
-0.0819686 0.0141152 0.996535 246.943 -0.0377967 0.999136 -0.017261 -10.2598 -0.995918 -0.0390806 -0.0813643 9.31849
-0.0858719 0.0132683 0.996218 248.799 -0.0437791 0.998895 -0.0170776 -10.3184 -0.995344 -0.04508 -0.0851961 9.19105
-0.0861028 0.0197198 0.996091 249.722 -0.0487196 0.998525 -0.0239793 -10.3484 -0.995094 -0.0505939 -0.085015 9.12927
-0.0855824 0.0315145 0.995833 251.551 -0.0401567 0.998578 -0.0350525 -10.4224 -0.995522 -0.0429892 -0.0841952 8.97699
-0.0848205 0.0278831 0.996006 252.473 -0.0371398 0.998825 -0.0311249 -10.4595 -0.995704 -0.0396315 -0.0836853 8.90044
-0.0801364 0.0235664 0.996505 254.298 -0.0377151 0.998933 -0.0266568 -10.5422 -0.99607 -0.0397195 -0.0791621 8.76871
-0.0783346 0.0310793 0.996443 255.2 -0.0370222 0.998734 -0.0340612 -10.5803 -0.996239 -0.0395587 -0.0770848 8.70643
-0.072429 0.0211824 0.997149 257.905 -0.0346906 0.999116 -0.023744 -10.7006 -0.99677 -0.0363114 -0.0716302 8.52712
-0.0704744 0.0228686 0.997251 258.794 -0.0345208 0.999082 -0.0253502 -10.7418 -0.996916 -0.0362124 -0.0696203 8.47114
-0.0653463 0.0325538 0.997331 261.435 -0.0337062 0.998825 -0.034811 -10.8538 -0.997293 -0.035891 -0.0641723 8.31566
-0.0600233 0.0217788 0.997959 264.051 -0.0350633 0.999099 -0.0239126 -10.9695 -0.997581 -0.0364271 -0.0592056 8.18069
-0.0560141 0.0265167 0.998078 265.733 -0.0299972 0.999151 -0.0282287 -11.0398 -0.997979 -0.0315208 -0.0551711 8.08849
-0.0547374 0.0264877 0.998149 266.565 -0.0308838 0.999125 -0.0282072 -11.0748 -0.998023 -0.0323706 -0.0538715 8.05215
-0.0532071 0.0159685 0.998456 268.189 -0.0315567 0.999346 -0.0176643 -11.1384 -0.998085 -0.0324479 -0.0526684 7.97967
-0.0536375 0.0119106 0.998489 268.978 -0.0325057 0.999378 -0.0136674 -11.1701 -0.998031 -0.0331896 -0.053217 7.94499
-0.0542901 0.0215297 0.998293 270.494 -0.032563 0.999198 -0.0233201 -11.2248 -0.997994 -0.0337735 -0.0535454 7.87541
-0.0557314 0.0268484 0.998085 271.236 -0.0323267 0.999066 -0.0286798 -11.254 -0.997922 -0.0338631 -0.0548114 7.8404
-0.0572419 0.028468 0.997954 271.971 -0.032212 0.99902 -0.0303461 -11.2844 -0.997841 -0.0338831 -0.0562688 7.80263
-0.0604663 0.0277525 0.997784 272.698 -0.0297374 0.99912 -0.0295917 -11.3183 -0.997727 -0.0314608 -0.0595877 7.75854
-0.0901717 0.028988 0.995504 275.448 -0.028524 0.999091 -0.0316761 -11.4479 -0.995518 -0.031252 -0.0892629 7.55421
-0.137313 0.0198535 0.990329 277.992 -0.0125099 0.999685 -0.0217757 -11.5647 -0.990449 -0.015379 -0.137021 7.2197
-0.160277 0.0126828 0.986991 279.177 -0.00542516 0.999891 -0.0137296 -11.6132 -0.987057 -0.00755512 -0.160191 7.01894
-0.208716 0.0241681 0.977678 281.755 0.0144501 0.999662 -0.0216267 -11.7083 -0.97787 0.00961369 -0.208995 6.47126
-0.220115 0.0228759 0.975206 282.641 0.0202653 0.999616 -0.0188744 -11.7456 -0.975263 0.0156083 -0.220494 6.25881
-0.207594 0.0255174 0.977882 284.444 0.0267999 0.999433 -0.0203904 -11.8195 -0.977848 0.0219742 -0.20816 5.8602
-0.166792 0.0326853 0.98545 285.303 0.0222779 0.99932 -0.0293747 -11.8608 -0.98574 0.0170543 -0.167407 5.74475
-0.124591 0.0324944 0.991676 285.847 0.0229015 0.999292 -0.0298667 -11.8851 -0.991944 0.0189897 -0.125247 5.70312
-0.0691037 0.0306401 0.997139 286.383 0.0186539 0.999393 -0.0294166 -11.9022 -0.997435 0.0165677 -0.0696333 5.71111
-0.00214272 0.0250821 0.999683 286.912 0.0131541 0.9996 -0.0250518 -11.9188 -0.999911 0.0130963 -0.00247179 5.76397
0.0725774 0.0179017 0.997202 287.433 0.0058004 0.999814 -0.0183708 -11.9374 -0.997346 0.00711748 0.0724601 5.86521
0.160095 0.0174694 0.986947 287.938 -0.00833328 0.999832 -0.0163457 -11.9576 -0.987066 -0.00560765 0.160213 6.02962
0.258022 0.0207935 0.965915 288.454 -0.0150725 0.999733 -0.0174953 -11.9737 -0.966022 -0.0100446 0.258266 6.2417
0.364361 0.0232186 0.930968 288.983 -0.0128826 0.999719 -0.0198913 -11.9916 -0.931169 -0.00474566 0.364558 6.51036
0.474694 0.021233 0.879895 289.529 0.0021722 0.999678 -0.0252954 -12.0014 -0.880148 0.0139189 0.474495 6.84508
0.581177 0.0250479 0.813392 290.032 -0.00891325 0.999662 -0.0244153 -12.0219 -0.813729 0.00693964 0.581204 7.31582
0.681366 0.0343048 0.731138 290.51 -0.0250771 0.999409 -0.023522 -12.0391 -0.731513 -0.00230771 0.681824 7.90169
0.773111 0.0301184 0.633556 290.979 -0.0226203 0.999546 -0.0199142 -12.0495 -0.633868 0.00106468 0.773441 8.57462
0.811026 0.0301133 0.584235 291.19 -0.0273509 0.999534 -0.0135511 -12.0593 -0.584371 -0.00498908 0.811471 8.9611
0.843538 0.0334641 0.536026 291.384 -0.0350351 0.99936 -0.00725577 -12.0706 -0.535925 -0.0126592 0.844171 9.37816
0.871579 0.0392854 0.488679 291.562 -0.0419745 0.999104 -0.0054558 -12.0774 -0.488455 -0.0157569 0.872447 9.812
0.941413 0.0660974 0.330716 292.214 -0.0677643 0.99768 -0.00650053 -12.0806 -0.330378 -0.016291 0.943708 11.8831
0.971206 0.0612024 0.230244 292.831 -0.062302 0.998054 -0.00249848 -12.0903 -0.229949 -0.0119182 0.97313 14.4055
0.989013 0.0618912 0.134246 293.271 -0.0620793 0.998067 -0.00278834 -12.0946 -0.134159 -0.00557619 0.990944 17.3636
0.994946 0.068085 0.0738063 293.534 -0.0685808 0.997637 0.00420237 -12.0916 -0.0733458 -0.00924283 0.997264 20.7448
0.99639 0.0643671 0.0553606 293.636 -0.0650179 0.997834 0.0100343 -12.099 -0.0545948 -0.0135975 0.998416 22.5777
0.996186 0.0757984 0.0432125 293.727 -0.0760173 0.997101 0.00344409 -12.0816 -0.0428262 -0.00671585 0.99906 25.4533
0.996016 0.0782643 0.0427446 293.76 -0.0785203 0.996903 0.0043396 -12.08 -0.0422726 -0.00767863 0.999077 26.4617
0.996177 0.0758 0.0434181 293.803 -0.075972 0.997107 0.0023224 -12.0816 -0.0431165 -0.00561209 0.999054 27.4569
0.996399 0.0718148 0.0450662 293.852 -0.0718993 0.997412 0.000255036 -12.0849 -0.0449313 -0.00349435 0.998984 28.4708
0.996149 0.0737663 0.0473938 293.898 -0.0737843 0.997273 -0.00137083 -12.0854 -0.0473657 -0.00213136 0.998875 29.5104
0.996167 0.0639866 0.059649 294.131 -0.064787 0.997832 0.0115808 -12.0914 -0.0587786 -0.0154009 0.998152 33.8493
0.996198 0.0582763 0.0647513 294.269 -0.0585277 0.998284 0.00199105 -12.097 -0.0645241 -0.00577322 0.997899 36.0064
0.996135 0.050426 0.0719214 294.57 -0.0513242 0.998625 0.0106942 -12.1299 -0.0712833 -0.0143442 0.997353 40.4358
0.995983 0.052171 0.0727797 294.72 -0.0531587 0.998518 0.0117 -12.1281 -0.0720614 -0.0155218 0.997279 42.6579
0.995826 0.0563376 0.0718109 295.019 -0.0569063 0.998362 0.00589598 -12.1601 -0.0713611 -0.00995786 0.997401 47.2423
0.995771 0.0577143 0.0714731 295.095 -0.0585923 0.998229 0.0102472 -12.1643 -0.0707551 -0.0143916 0.99739 48.4271
0.995521 0.0621621 0.071228 295.165 -0.0630513 0.997957 0.0103026 -12.1651 -0.070442 -0.0147475 0.997407 49.6313
0.995382 0.0647306 0.0708832 295.24 -0.0656816 0.997778 0.0111664 -12.1616 -0.0700029 -0.0157706 0.997422 50.8586
0.99505 0.0707521 0.069778 295.311 -0.0721455 0.997238 0.0176522 -12.154 -0.0683364 -0.022599 0.997406 52.0912
0.995002 0.0713979 0.0698054 295.384 -0.0731955 0.99704 0.02354 -12.1506 -0.0679181 -0.0285318 0.997283 53.3148
0.994979 0.0734149 0.0680191 295.457 -0.0750316 0.996949 0.021523 -12.142 -0.0662315 -0.0265185 0.997452 54.5232
0.995293 0.0714678 0.0654608 295.661 -0.0724772 0.997283 0.0131741 -12.1254 -0.0643414 -0.0178565 0.997768 57.9036
0.995503 0.0676579 0.0663101 295.79 -0.0680359 0.997677 0.00345618 -12.1278 -0.0659223 -0.0079521 0.997793 59.9744
0.994223 0.0784496 0.073253 296.043 -0.0791927 0.996833 0.00729065 -12.1415 -0.0724491 -0.0130496 0.997287 64.1328
0.993137 0.0852089 0.080112 296.177 -0.0864447 0.996183 0.0120794 -12.1465 -0.078777 -0.0189218 0.996713 66.2019
0.99286 0.0847506 0.0839441 296.256 -0.0866509 0.996053 0.0192535 -12.1411 -0.081981 -0.0263899 0.996284 67.2603
0.992944 0.0824936 0.0851904 296.343 -0.0846358 0.996173 0.0218424 -12.1365 -0.0830625 -0.0288984 0.996125 68.3151
0.993411 0.0767651 0.0851012 296.433 -0.0785629 0.996747 0.0179766 -12.1316 -0.0834444 -0.024544 0.99621 69.361
0.994377 0.0685212 0.0807462 296.611 -0.0694715 0.997543 0.00901561 -12.126 -0.0799301 -0.0145745 0.996694 71.4502
0.994622 0.0675591 0.0785015 296.688 -0.0690742 0.997471 0.0167454 -12.125 -0.0771716 -0.0220778 0.996773 72.5101
0.994776 0.0685084 0.0756819 296.761 -0.0702996 0.997299 0.0212597 -12.1215 -0.074021 -0.026469 0.996905 73.5714
0.994733 0.0715423 0.0734019 296.825 -0.0731473 0.997132 0.0194122 -12.1147 -0.0718026 -0.0246791 0.997114 74.6257
0.994563 0.0769209 0.0701911 296.883 -0.0776236 0.996956 0.00733498 -12.1129 -0.0694132 -0.0127436 0.997507 75.664
0.994525 0.0801524 0.0670462 296.942 -0.0802347 0.996775 -0.00146781 -12.114 -0.0669476 -0.00391966 0.997749 76.7137
0.994512 0.0843495 0.0618949 297.17 -0.0851629 0.99631 0.0106196 -12.14 -0.0607707 -0.0158325 0.998026 80.9203
0.994119 0.0868513 0.064684 297.339 -0.087295 0.996174 0.00405965 -12.1561 -0.0640839 -0.00968236 0.997898 84.0238
0.994292 0.0836544 0.0662276 297.405 -0.0843412 0.996408 0.00763897 -12.163 -0.0653507 -0.0131811 0.997775 85.0636
0.994612 0.0766143 0.0698394 297.606 -0.0769886 0.997028 0.00267978 -12.1809 -0.0694265 -0.00804218 0.997555 88.1603
0.994734 0.0745013 0.0703807 297.677 -0.0744865 0.997218 -0.00283855 -12.1859 -0.0703964 -0.00241881 0.997516 89.182
0.994613 0.0738792 0.0727163 297.745 -0.074392 0.99722 0.00436597 -12.1926 -0.0721915 -0.00975196 0.997343 90.2225
0.994517 0.0707246 0.0770314 297.964 -0.0717922 0.997357 0.0111759 -12.1994 -0.0760374 -0.0166448 0.996966 93.3172
0.994329 0.0729428 0.0773922 298.036 -0.0728507 0.997335 -0.00401707 -12.2025 -0.0774789 -0.00164379 0.996993 94.3324
0.993694 0.0708373 0.0869098 298.274 -0.0717257 0.997399 0.00713843 -12.244 -0.0861781 -0.0133271 0.996191 97.4326
0.993414 0.0655465 0.0939826 298.458 -0.0673641 0.997595 0.0162957 -12.2479 -0.0926885 -0.0225194 0.99544 99.5007
0.993154 0.0645599 0.0973539 298.556 -0.065929 0.997765 0.0109093 -12.2474 -0.096432 -0.017253 0.99519 100.521
0.991996 0.0684996 0.106074 298.753 -0.0690519 0.997612 0.00153884 -12.2573 -0.105715 -0.00885114 0.994357 102.563
0.991593 0.0642165 0.112333 298.866 -0.0648954 0.997889 0.0023932 -12.269 -0.111942 -0.00966294 0.993668 103.588
0.990068 0.0638397 0.125258 299.104 -0.0650855 0.997862 0.00587481 -12.2849 -0.124615 -0.0139689 0.992107 105.625
0.989853 0.055098 0.130975 299.245 -0.0568777 0.998332 0.00988362 -12.2892 -0.130212 -0.0172329 0.991336 106.637
0.988827 0.0462356 0.141715 299.531 -0.048272 0.998774 0.0109634 -12.2994 -0.141035 -0.0176818 0.989847 108.651
0.988291 0.0432012 0.146335 299.678 -0.0450084 0.998946 0.00905941 -12.3002 -0.145789 -0.0155396 0.989194 109.651
0.986653 0.0547128 0.153371 299.956 -0.056356 0.99839 0.00638329 -12.3103 -0.152775 -0.0149414 0.988148 111.641
0.986199 0.0557764 0.155886 300.105 -0.0569153 0.998375 0.00284897 -12.3175 -0.155474 -0.011682 0.987771 112.626
0.985725 0.0574279 0.158266 300.4 -0.0589104 0.998252 0.004688 -12.3351 -0.15772 -0.0139446 0.987385 114.595
0.9861 0.0531902 0.157409 300.555 -0.0549103 0.99847 0.0065956 -12.3462 -0.156817 -0.0151473 0.987511 115.574
0.987418 0.0410996 0.152695 300.865 -0.0427547 0.999057 0.00757029 -12.3603 -0.152239 -0.0140034 0.988244 117.515
0.988063 0.0377289 0.149358 301.011 -0.0397291 0.999156 0.0104299 -12.367 -0.148838 -0.0162392 0.988728 118.486
0.989204 0.0383148 0.141444 301.275 -0.0399803 0.99916 0.00895098 -12.3791 -0.140983 -0.0145093 0.989906 120.408
0.989738 0.0375917 0.137858 301.404 -0.0383312 0.999261 0.00271231 -12.386 -0.137655 -0.00796874 0.990448 121.357
0.99055 0.0321453 0.133331 301.656 -0.0325711 0.999469 0.00101292 -12.4053 -0.133228 -0.00534608 0.991071 123.256
0.990935 0.0256262 0.131876 301.783 -0.0269968 0.999598 0.00861517 -12.4171 -0.131602 -0.0120973 0.991229 124.202
0.991403 0.00582098 0.130714 302.047 -0.00881206 0.999712 0.0223159 -12.4212 -0.130547 -0.0232759 0.991169 126.064
0.991415 0.00241892 0.13073 302.17 -0.00530861 0.999749 0.0217602 -12.4212 -0.130645 -0.0222674 0.991179 126.97
0.991268 0.0037372 0.131808 302.282 -0.00582981 0.999863 0.0154938 -12.4236 -0.131733 -0.0161269 0.991154 127.855
0.990231 0.00581608 0.139316 302.629 -0.00767768 0.999888 0.0128287 -12.4313 -0.139225 -0.013773 0.990165 130.464
0.988768 0.00500715 0.149374 302.874 -0.00786651 0.999797 0.0185576 -12.4361 -0.149251 -0.0195242 0.988607 132.157
0.983509 0.00147277 0.180856 303.425 -0.0034285 0.999939 0.0105016 -12.4436 -0.180829 -0.0109485 0.983454 135.329
0.979643 0.00731102 0.200616 303.714 -0.0104718 0.999837 0.0146987 -12.4524 -0.200475 -0.0165002 0.97956 136.817
0.971532 0.023536 0.235738 304.305 -0.0230579 0.999723 -0.00478477 -12.4856 -0.235785 -0.00078706 0.971805 139.487
0.968365 0.0230436 0.248473 304.609 -0.026692 0.99958 0.011324 -12.5046 -0.248107 -0.017598 0.968573 140.706
0.96709 0.0106039 0.254212 305.205 -0.0138324 0.999845 0.0109157 -12.5302 -0.254057 -0.0140728 0.967087 142.919
0.969613 0.0109647 0.244399 305.474 -0.0113519 0.999936 0.000175801 -12.5352 -0.244381 -0.00294484 0.969675 143.99
0.974978 -0.00452397 0.222255 305.744 0.00307442 0.999972 0.00686758 -12.538 -0.22228 -0.00601243 0.974964 145.074
0.991808 -0.00268737 0.127711 306.064 0.000809313 0.999891 0.0147551 -12.5549 -0.127737 -0.0145309 0.991702 147.247
0.99942 -0.00131132 -0.0340269 306.048 0.00139913 0.999996 0.0025572 -12.5533 0.0340234 -0.00260333 0.999418 149.408
0.996594 -0.00106337 -0.0824559 305.976 0.00156636 0.999981 0.00603564 -12.5551 0.0824478 -0.00614423 0.996576 149.961
0.982367 0.00165794 -0.186955 305.739 0.000922617 0.999906 0.0137153 -12.5559 0.18696 -0.0136459 0.982273 151.057
0.970295 0.00391514 -0.241891 305.571 -0.000175854 0.99988 0.0154782 -12.5543 0.241923 -0.0149759 0.97018 151.594
0.954626 0.00736146 -0.297717 305.368 -0.00205161 0.999833 0.0181438 -12.5498 0.297801 -0.0167097 0.954482 152.12
0.912186 0.0118118 -0.409607 304.862 -0.00185624 0.999693 0.0246944 -12.5318 0.409773 -0.0217655 0.911928 153.146
0.885766 0.0131267 -0.463947 304.561 0.00018611 0.99959 0.0286373 -12.5224 0.464133 -0.0254523 0.8854 153.647
0.822235 0.0246028 -0.568616 303.835 -0.00298629 0.999238 0.0389166 -12.4994 0.569141 -0.0303005 0.821682 154.612
0.785151 0.030782 -0.618539 303.423 -0.00653752 0.99912 0.0414234 -12.4794 0.61927 -0.0284799 0.784662 155.063
0.745841 0.0361203 -0.665144 302.973 -0.00837215 0.998958 0.0448601 -12.4556 0.666072 -0.0278898 0.745366 155.504
0.664643 0.0424008 -0.745957 301.967 -0.00470654 0.998606 0.052568 -12.4012 0.747146 -0.0314281 0.663916 156.356
0.623075 0.0419809 -0.781035 301.427 -0.00297153 0.998678 0.0513088 -12.3772 0.782157 -0.0296483 0.622376 156.748
0.545696 0.0345665 -0.83727 300.24 -0.00412465 0.999248 0.0385654 -12.3215 0.837973 -0.0175916 0.545428 157.482
0.512099 0.0314956 -0.858349 299.604 -0.0090074 0.999469 0.0312999 -12.2897 0.858879 -0.00829717 0.512111 157.826
0.466563 0.0428458 -0.883449 298.244 -0.0203136 0.999082 0.0377258 -12.2374 0.884254 0.000344598 0.467005 158.502
0.453191 0.0498166 -0.890021 297.54 -0.0226624 0.998758 0.0443634 -12.2128 0.891125 6.48669e-05 0.453757 158.844
0.444319 0.0553417 -0.894158 296.823 -0.0259052 0.998466 0.048925 -12.1849 0.895494 0.00142508 0.445071 159.185
0.439073 0.0587477 -0.896529 295.375 -0.0332481 0.998239 0.0491295 -12.1185 0.897836 0.00823642 0.440253 159.872
0.439563 0.0587216 -0.89629 294.647 -0.0356199 0.998215 0.0479304 -12.0863 0.897505 0.0108573 0.44087 160.222
0.440521 0.0582857 -0.895848 293.924 -0.0359912 0.998235 0.047249 -12.0514 0.897021 0.0114285 0.441841 160.576
0.45061 0.0566213 -0.890923 290.837 -0.0507886 0.997996 0.0377384 -11.9239 0.891275 0.0282434 0.452583 162.083
0.461257 0.058326 -0.885348 288.402 -0.0539447 0.997835 0.037632 -11.8344 0.885625 0.0304018 0.463404 163.325
