2.452755e-02 4.569910e-02 -9.986541e-01 -7.068082e+01 -1.484367e-02 9.988611e-01 4.534401e-02 -3.460593e+00 9.995890e-01 1.371151e-02 2.517796e-02 1.760582e+02
2.366204e-02 4.040400e-02 -9.989032e-01 -7.174923e+01 -1.749389e-02 9.990467e-01 3.999542e-02 -3.434708e+00 9.995670e-01 1.652833e-02 2.434631e-02 1.760809e+02
2.309466e-02 3.712162e-02 -9.990438e-01 -7.281964e+01 -1.952479e-02 9.991365e-01 3.667373e-02 -3.412173e+00 9.995426e-01 1.865915e-02 2.379951e-02 1.761026e+02
2.253329e-02 3.819285e-02 -9.990163e-01 -7.389568e+01 -2.067590e-02 9.990741e-01 3.772872e-02 -3.390842e+00 9.995323e-01 1.980541e-02 2.330210e-02 1.761241e+02
2.206374e-02 4.334170e-02 -9.988166e-01 -7.497650e+01 -2.082123e-02 9.988631e-01 4.288379e-02 -3.367524e+00 9.995398e-01 1.985041e-02 2.294109e-02 1.761459e+02
2.141856e-02 4.742704e-02 -9.986450e-01 -7.605764e+01 -2.065329e-02 9.986820e-01 4.698584e-02 -3.344669e+00 9.995573e-01 1.961894e-02 2.236986e-02 1.761714e+02
2.046055e-02 4.598428e-02 -9.987326e-01 -7.713401e+01 -2.028795e-02 9.987551e-01 4.556970e-02 -3.318655e+00 9.995848e-01 1.932986e-02 2.136801e-02 1.761965e+02
1.945399e-02 4.341934e-02 -9.988675e-01 -7.820879e+01 -2.132799e-02 9.988472e-01 4.300309e-02 -3.293468e+00 9.995833e-01 2.046726e-02 2.035762e-02 1.762180e+02
1.801232e-02 4.228241e-02 -9.989433e-01 -7.928739e+01 -2.450020e-02 9.988240e-01 4.183560e-02 -3.271490e+00 9.995376e-01 2.372075e-02 1.902707e-02 1.762341e+02
1.622458e-02 4.220138e-02 -9.989774e-01 -8.036695e+01 -2.918046e-02 9.987033e-01 4.171589e-02 -3.250868e+00 9.994425e-01 2.847380e-02 1.743500e-02 1.762443e+02
1.434862e-02 4.221213e-02 -9.990056e-01 -8.144707e+01 -2.897747e-02 9.987064e-01 4.178330e-02 -3.230620e+00 9.994771e-01 2.834912e-02 1.555326e-02 1.762579e+02
1.141212e-02 3.956921e-02 -9.991516e-01 -8.252764e+01 -2.890573e-02 9.988122e-01 3.922563e-02 -3.208247e+00 9.995170e-01 2.843356e-02 1.254234e-02 1.762700e+02
8.365985e-03 4.015016e-02 -9.991586e-01 -8.360948e+01 -2.804854e-02 9.988098e-01 3.990130e-02 -3.186890e+00 9.995716e-01 2.769112e-02 9.482183e-03 1.762796e+02
5.627318e-03 3.876020e-02 -9.992327e-01 -8.469218e+01 -2.281284e-02 9.989934e-01 3.862245e-02 -3.168462e+00 9.997239e-01 2.257799e-02 6.505886e-03 1.762906e+02
3.707893e-03 3.581891e-02 -9.993514e-01 -8.577305e+01 -2.202257e-02 9.991188e-01 3.572888e-02 -3.153257e+00 9.997506e-01 2.187580e-02 4.493452e-03 1.762928e+02
1.486301e-03 3.060748e-02 -9.995304e-01 -8.685268e+01 -2.180213e-02 9.992949e-01 3.056786e-02 -3.138841e+00 9.997612e-01 2.174646e-02 2.152563e-03 1.762926e+02
-7.824610e-04 2.978333e-02 -9.995561e-01 -8.793679e+01 -2.239296e-02 9.993052e-01 2.979339e-02 -3.126815e+00 9.997490e-01 2.240633e-02 -1.149784e-04 1.762887e+02
-3.113029e-03 3.217743e-02 -9.994773e-01 -8.902466e+01 -2.362341e-02 9.992008e-01 3.224212e-02 -3.116234e+00 9.997161e-01 2.371144e-02 -2.350398e-03 1.762831e+02
-5.156991e-03 3.713198e-02 -9.992970e-01 -9.011810e+01 -2.411255e-02 9.990152e-01 3.724595e-02 -3.102292e+00 9.996960e-01 2.428768e-02 -4.256563e-03 1.762705e+02
-7.358941e-03 4.174064e-02 -9.991014e-01 -9.121129e+01 -2.401336e-02 9.988329e-01 4.190631e-02 -3.083165e+00 9.996846e-01 2.430017e-02 -6.348018e-03 1.762584e+02
-9.527283e-03 4.363077e-02 -9.990023e-01 -9.230254e+01 -2.487439e-02 9.987281e-01 4.385603e-02 -3.064897e+00 9.996452e-01 2.526740e-02 -8.429875e-03 1.762410e+02
-1.199915e-02 3.940000e-02 -9.991515e-01 -9.339307e+01 -2.297177e-02 9.989488e-01 3.966790e-02 -3.043695e+00 9.996641e-01 2.342826e-02 -1.108144e-02 1.762245e+02
-1.444282e-02 3.413126e-02 -9.993130e-01 -9.448444e+01 -2.172744e-02 9.991705e-01 3.444043e-02 -3.024598e+00 9.996596e-01 2.220993e-02 -1.368925e-02 1.762048e+02
-1.700235e-02 3.175556e-02 -9.993510e-01 -9.557350e+01 -2.167062e-02 9.992490e-01 3.212102e-02 -3.010653e+00 9.996206e-01 2.220268e-02 -1.630142e-02 1.761812e+02
-1.960864e-02 3.165188e-02 -9.993066e-01 -9.665901e+01 -2.125146e-02 9.992597e-01 3.206741e-02 -2.997553e+00 9.995819e-01 2.186553e-02 -1.892148e-02 1.761540e+02
-2.228841e-02 3.473255e-02 -9.991481e-01 -9.775700e+01 -2.160766e-02 9.991461e-01 3.521450e-02 -2.983233e+00 9.995181e-01 2.237412e-02 -2.151889e-02 1.761216e+02
-2.481058e-02 3.685876e-02 -9.990124e-01 -9.885399e+01 -2.302309e-02 9.990339e-01 3.743135e-02 -2.968686e+00 9.994271e-01 2.392905e-02 -2.393800e-02 1.760869e+02
-2.737084e-02 3.697018e-02 -9.989414e-01 -9.994875e+01 -2.363943e-02 9.990124e-01 3.762054e-02 -2.950607e+00 9.993458e-01 2.464411e-02 -2.646985e-02 1.760474e+02
-2.975559e-02 3.651931e-02 -9.988898e-01 -1.010452e+02 -2.358126e-02 9.990285e-01 3.722684e-02 -2.930300e+00 9.992790e-01 2.466279e-02 -2.886551e-02 1.760044e+02
-3.224418e-02 3.659215e-02 -9.988099e-01 -1.021429e+02 -2.270272e-02 9.990449e-01 3.733367e-02 -2.911418e+00 9.992222e-01 2.387950e-02 -3.138265e-02 1.759586e+02
-3.498567e-02 3.591744e-02 -9.987422e-01 -1.032400e+02 -2.157114e-02 9.990940e-01 3.668573e-02 -2.893548e+00 9.991550e-01 2.282748e-02 -3.417919e-02 1.759128e+02
-3.763537e-02 3.402385e-02 -9.987121e-01 -1.043390e+02 -2.009134e-02 9.991924e-01 3.479734e-02 -2.874527e+00 9.990896e-01 2.137508e-02 -3.692139e-02 1.758621e+02
-4.000094e-02 3.268299e-02 -9.986650e-01 -1.054372e+02 -1.973858e-02 9.992440e-01 3.349257e-02 -2.858445e+00 9.990047e-01 2.105196e-02 -3.932558e-02 1.758098e+02
-4.182228e-02 3.404618e-02 -9.985448e-01 -1.065395e+02 -1.924572e-02 9.992063e-01 3.487482e-02 -2.840079e+00 9.989397e-01 2.067626e-02 -4.113384e-02 1.757519e+02
-4.376356e-02 3.329194e-02 -9.984870e-01 -1.076403e+02 -1.926921e-02 9.992305e-01 3.416130e-02 -2.824004e+00 9.988561e-01 2.073507e-02 -4.308838e-02 1.756946e+02
-4.539533e-02 3.181375e-02 -9.984624e-01 -1.087404e+02 -1.667322e-02 9.993294e-01 3.259944e-02 -2.806967e+00 9.988300e-01 1.812745e-02 -4.483445e-02 1.756373e+02
-4.745340e-02 3.228211e-02 -9.983516e-01 -1.098435e+02 -1.415754e-02 9.993555e-01 3.298751e-02 -2.790175e+00 9.987732e-01 1.569958e-02 -4.696578e-02 1.755812e+02
-4.889021e-02 3.578810e-02 -9.981628e-01 -1.109486e+02 -1.372364e-02 9.992394e-01 3.649890e-02 -2.774611e+00 9.987099e-01 1.548287e-02 -4.836188e-02 1.755205e+02
-5.078529e-02 3.906369e-02 -9.979453e-01 -1.120575e+02 -1.265637e-02 9.991293e-01 3.975413e-02 -2.755965e+00 9.986294e-01 1.464929e-02 -5.024667e-02 1.754596e+02
-5.201110e-02 3.662954e-02 -9.979745e-01 -1.131625e+02 -1.283302e-02 9.992200e-01 3.734409e-02 -2.735063e+00 9.985641e-01 1.474934e-02 -5.150047e-02 1.753930e+02
-5.362789e-02 3.406089e-02 -9.979799e-01 -1.142677e+02 -1.348695e-02 9.993022e-01 3.483077e-02 -2.717301e+00 9.984699e-01 1.532760e-02 -5.313109e-02 1.753260e+02
-5.480229e-02 3.443276e-02 -9.979033e-01 -1.153758e+02 -1.300562e-02 9.992958e-01 3.519505e-02 -2.700498e+00 9.984126e-01 1.490713e-02 -5.431588e-02 1.752594e+02
-5.610228e-02 3.402934e-02 -9.978449e-01 -1.164880e+02 -1.171680e-02 9.993277e-01 3.473868e-02 -2.685105e+00 9.983563e-01 1.364047e-02 -5.566584e-02 1.751917e+02
-5.733181e-02 3.252728e-02 -9.978251e-01 -1.175985e+02 -1.073083e-02 9.993913e-01 3.319490e-02 -2.671202e+00 9.982975e-01 1.261062e-02 -5.694786e-02 1.751231e+02
-5.843893e-02 3.192871e-02 -9.977802e-01 -1.187098e+02 -9.276938e-03 9.994278e-01 3.252478e-02 -2.658124e+00 9.982479e-01 1.115706e-02 -5.810929e-02 1.750547e+02
-5.866785e-02 3.540085e-02 -9.976497e-01 -1.198273e+02 -8.394657e-03 9.993182e-01 3.595372e-02 -2.641605e+00 9.982423e-01 1.048426e-02 -5.833067e-02 1.749853e+02
-5.855056e-02 3.715713e-02 -9.975927e-01 -1.209426e+02 -2.918769e-03 9.992964e-01 3.739191e-02 -2.627680e+00 9.982802e-01 5.101063e-03 -5.840091e-02 1.749232e+02
-5.842735e-02 3.692965e-02 -9.976083e-01 -1.220620e+02 -2.188062e-03 9.993084e-01 3.712074e-02 -2.613523e+00 9.982893e-01 4.351698e-03 -5.830613e-02 1.748566e+02
-5.868674e-02 3.231319e-02 -9.977533e-01 -1.231757e+02 -3.990105e-03 9.994604e-01 3.260318e-02 -2.600324e+00 9.982685e-01 5.894517e-03 -5.852614e-02 1.747877e+02
-5.839753e-02 3.098951e-02 -9.978123e-01 -1.242939e+02 -3.740325e-03 9.995042e-01 3.126098e-02 -2.585573e+00 9.982864e-01 5.557710e-03 -5.825267e-02 1.747188e+02
-5.795067e-02 2.846674e-02 -9.979135e-01 -1.254127e+02 -5.766669e-03 9.995671e-01 2.884880e-02 -2.577424e+00 9.983028e-01 7.426447e-03 -5.776143e-02 1.746490e+02
-5.781771e-02 3.011989e-02 -9.978727e-01 -1.265349e+02 -1.013318e-02 9.994755e-01 3.075540e-02 -2.568074e+00 9.982758e-01 1.188983e-02 -5.748217e-02 1.745741e+02
-5.824212e-02 3.310312e-02 -9.977535e-01 -1.276630e+02 -9.839092e-03 9.993825e-01 3.373151e-02 -2.557687e+00 9.982540e-01 1.178158e-02 -5.788045e-02 1.745059e+02
-5.865335e-02 3.538032e-02 -9.976512e-01 -1.287911e+02 -8.679976e-03 9.993159e-01 3.594967e-02 -2.542800e+00 9.982407e-01 1.076816e-02 -5.830613e-02 1.744380e+02
-5.907139e-02 3.702467e-02 -9.975669e-01 -1.299195e+02 -1.013998e-02 9.992381e-01 3.768715e-02 -2.526566e+00 9.982023e-01 1.234154e-02 -5.865095e-02 1.743664e+02
-5.986866e-02 3.732799e-02 -9.975081e-01 -1.310489e+02 -1.017307e-02 9.992258e-01 3.800285e-02 -2.508856e+00 9.981545e-01 1.242290e-02 -5.944257e-02 1.742953e+02
-6.059960e-02 3.553654e-02 -9.975294e-01 -1.321800e+02 -1.106783e-02 9.992807e-01 3.627130e-02 -2.492033e+00 9.981008e-01 1.323851e-02 -6.016269e-02 1.742224e+02
-6.111935e-02 3.345604e-02 -9.975696e-01 -1.333093e+02 -1.154937e-02 9.993475e-01 3.422329e-02 -2.476347e+00 9.980637e-01 1.361300e-02 -6.069307e-02 1.741484e+02
-6.149238e-02 3.291457e-02 -9.975647e-01 -1.344431e+02 -1.400889e-02 9.993292e-01 3.383635e-02 -2.462008e+00 9.980093e-01 1.605545e-02 -6.099003e-02 1.740725e+02
-6.168455e-02 3.309413e-02 -9.975469e-01 -1.355747e+02 -1.607906e-02 9.992875e-01 3.414615e-02 -2.450133e+00 9.979662e-01 1.814591e-02 -6.110847e-02 1.739964e+02
-6.172552e-02 3.348454e-02 -9.975313e-01 -1.367100e+02 -1.576635e-02 9.992797e-01 3.451883e-02 -2.437846e+00 9.979687e-01 1.785813e-02 -6.115313e-02 1.739239e+02
-6.174860e-02 3.450283e-02 -9.974952e-01 -1.378472e+02 -1.673207e-02 9.992261e-01 3.559849e-02 -2.423048e+00 9.979515e-01 1.888832e-02 -6.112351e-02 1.738482e+02
-6.148574e-02 3.511175e-02 -9.974902e-01 -1.389823e+02 -1.597492e-02 9.992184e-01 3.615729e-02 -2.408265e+00 9.979801e-01 1.815799e-02 -6.087677e-02 1.737749e+02
-6.097099e-02 3.390718e-02 -9.975634e-01 -1.401220e+02 -1.348635e-02 9.993036e-01 3.479062e-02 -2.390520e+00 9.980485e-01 1.557471e-02 -6.047125e-02 1.737057e+02
-6.081493e-02 3.456855e-02 -9.975503e-01 -1.412620e+02 -1.293050e-02 9.992889e-01 3.541711e-02 -2.374200e+00 9.980653e-01 1.505271e-02 -6.032469e-02 1.736350e+02
-6.107731e-02 3.419085e-02 -9.975473e-01 -1.423995e+02 -1.177548e-02 9.993189e-01 3.497256e-02 -2.361339e+00 9.980636e-01 1.388263e-02 -6.063309e-02 1.735660e+02
-6.136920e-02 3.028261e-02 -9.976556e-01 -1.435357e+02 -1.168100e-02 9.994494e-01 3.105561e-02 -2.348108e+00 9.980468e-01 1.355948e-02 -6.098168e-02 1.734921e+02
-6.143343e-02 2.913140e-02 -9.976860e-01 -1.446753e+02 -1.267703e-02 9.994706e-01 2.996411e-02 -2.334856e+00 9.980307e-01 1.448850e-02 -6.103161e-02 1.734155e+02
-6.124630e-02 3.259628e-02 -9.975903e-01 -1.458162e+02 -1.408536e-02 9.993388e-01 3.351819e-02 -2.322625e+00 9.980233e-01 1.610428e-02 -6.074667e-02 1.733376e+02
-6.125731e-02 3.485684e-02 -9.975132e-01 -1.469598e+02 -1.494265e-02 9.992460e-01 3.583503e-02 -2.307135e+00 9.980102e-01 1.710064e-02 -6.069027e-02 1.732599e+02
-6.137916e-02 3.483460e-02 -9.975065e-01 -1.480934e+02 -1.147291e-02 9.993001e-01 3.560320e-02 -2.289416e+00 9.980486e-01 1.362960e-02 -6.093654e-02 1.731890e+02
-6.204761e-02 3.440576e-02 -9.974800e-01 -1.492316e+02 -8.486128e-03 9.993513e-01 3.499820e-02 -2.271249e+00 9.980371e-01 1.063630e-02 -6.171539e-02 1.731167e+02
-6.267929e-02 3.514146e-02 -9.974148e-01 -1.503676e+02 -5.554016e-03 9.993521e-01 3.555875e-02 -2.254789e+00 9.980183e-01 7.768458e-03 -6.244350e-02 1.730442e+02
-6.322791e-02 3.571699e-02 -9.973598e-01 -1.515066e+02 -4.693736e-03 9.993377e-01 3.608539e-02 -2.238994e+00 9.979881e-01 6.962950e-03 -6.301838e-02 1.729673e+02
-6.355021e-02 3.415361e-02 -9.973940e-01 -1.526375e+02 -5.348532e-03 9.993882e-01 3.456269e-02 -2.223484e+00 9.979643e-01 7.531063e-03 -6.332866e-02 1.728880e+02
-6.374121e-02 3.294226e-02 -9.974226e-01 -1.537672e+02 -5.418887e-03 9.994289e-01 3.335483e-02 -2.206655e+00 9.979518e-01 7.531001e-03 -6.352629e-02 1.728079e+02
-6.377776e-02 3.503603e-02 -9.973489e-01 -1.549018e+02 -5.251290e-03 9.993579e-01 3.544242e-02 -2.189866e+00 9.979503e-01 7.497810e-03 -6.355283e-02 1.727283e+02
-6.390332e-02 4.029374e-02 -9.971423e-01 -1.560426e+02 -5.049594e-03 9.991587e-01 4.069884e-02 -2.170747e+00 9.979434e-01 7.635958e-03 -6.364609e-02 1.726488e+02
-6.381654e-02 4.469153e-02 -9.969604e-01 -1.571702e+02 -3.975762e-03 9.989774e-01 4.503645e-02 -2.146778e+00 9.979538e-01 6.837751e-03 -6.357360e-02 1.725710e+02
-6.375519e-02 4.177957e-02 -9.970906e-01 -1.582929e+02 -1.328570e-03 9.991188e-01 4.194952e-02 -2.124401e+00 9.979647e-01 3.999208e-03 -6.364350e-02 1.724947e+02
-6.336285e-02 3.111700e-02 -9.975053e-01 -1.594032e+02 -4.744351e-03 9.994931e-01 3.148039e-02 -2.104432e+00 9.979793e-01 6.727206e-03 -6.318310e-02 1.724115e+02
-6.267042e-02 2.169556e-02 -9.977984e-01 -1.605142e+02 -5.769169e-03 9.997391e-01 2.210012e-02 -2.092754e+00 9.980176e-01 7.141495e-03 -6.252891e-02 1.723299e+02
-6.237427e-02 2.439110e-02 -9.977547e-01 -1.616322e+02 -5.300567e-03 9.996791e-01 2.476951e-02 -2.083280e+00 9.980388e-01 6.833649e-03 -6.222497e-02 1.722504e+02
-6.209179e-02 3.389053e-02 -9.974949e-01 -1.627528e+02 -4.609212e-03 9.994029e-01 3.424228e-02 -2.069616e+00 9.980598e-01 6.723833e-03 -6.189851e-02 1.721736e+02
-6.146157e-02 4.142570e-02 -9.972494e-01 -1.638691e+02 -2.192075e-03 9.991303e-01 4.163894e-02 -2.048595e+00 9.981071e-01 4.745244e-03 -6.131730e-02 1.720977e+02
-6.177511e-02 4.499955e-02 -9.970751e-01 -1.649749e+02 -2.546991e-03 9.989727e-01 4.524301e-02 -2.021386e+00 9.980869e-01 5.334437e-03 -6.159704e-02 1.720226e+02
-6.175680e-02 4.292880e-02 -9.971676e-01 -1.660744e+02 -3.562195e-03 9.990587e-01 4.323084e-02 -1.995178e+00 9.980849e-01 6.221907e-03 -6.154575e-02 1.719453e+02
-6.127776e-02 3.417076e-02 -9.975356e-01 -1.671580e+02 1.313529e-03 9.994157e-01 3.415448e-02 -1.975524e+00 9.981199e-01 7.826218e-04 -6.128684e-02 1.718752e+02
-6.139673e-02 2.505276e-02 -9.977990e-01 -1.682360e+02 3.955343e-03 9.996832e-01 2.485670e-02 -1.961720e+00 9.981056e-01 -2.420512e-03 -6.147637e-02 1.718032e+02
-6.314417e-02 2.453378e-02 -9.977028e-01 -1.693203e+02 7.270956e-03 9.996825e-01 2.412229e-02 -1.950410e+00 9.979780e-01 -5.731066e-03 -6.330251e-02 1.717341e+02
-6.451881e-02 3.980966e-02 -9.971221e-01 -1.704137e+02 9.962817e-03 9.991798e-01 3.924718e-02 -1.929903e+00 9.978668e-01 -7.401958e-03 -6.486251e-02 1.716631e+02
-6.426604e-02 5.539471e-02 -9.963941e-01 -1.715024e+02 1.583390e-02 9.983890e-01 5.448436e-02 -1.904604e+00 9.978072e-01 -1.227530e-02 -6.503962e-02 1.715970e+02
-6.423052e-02 5.921716e-02 -9.961766e-01 -1.725710e+02 1.383558e-02 9.981947e-01 5.844506e-02 -1.869883e+00 9.978392e-01 -1.002872e-02 -6.493387e-02 1.715208e+02
-6.379791e-02 5.426786e-02 -9.964862e-01 -1.736221e+02 1.137167e-02 9.984951e-01 5.364922e-02 -1.834797e+00 9.978981e-01 -7.908996e-03 -6.431901e-02 1.714424e+02
-6.407316e-02 4.205668e-02 -9.970586e-01 -1.746683e+02 5.372183e-03 9.991116e-01 4.179806e-02 -1.814384e+00 9.979308e-01 -2.678243e-03 -6.424218e-02 1.713599e+02
-6.445810e-02 3.036693e-02 -9.974583e-01 -1.756844e+02 4.381188e-03 9.995358e-01 3.014707e-02 -1.801522e+00 9.979108e-01 -2.426825e-03 -6.456122e-02 1.712844e+02
-6.524662e-02 2.666030e-02 -9.975129e-01 -1.767136e+02 2.179671e-03 9.996444e-01 2.657471e-02 -1.792166e+00 9.978668e-01 -4.403355e-04 -6.528153e-02 1.712081e+02
-6.525414e-02 3.362614e-02 -9.973019e-01 -1.777464e+02 1.474938e-03 9.994342e-01 3.360153e-02 -1.781877e+00 9.978676e-01 7.216845e-04 -6.526682e-02 1.711325e+02
-6.574498e-02 4.373505e-02 -9.968775e-01 -1.787763e+02 -4.957698e-04 9.990374e-01 4.386251e-02 -1.764893e+00 9.978364e-01 3.377965e-03 -6.566001e-02 1.710553e+02
-6.606710e-02 5.084245e-02 -9.965190e-01 -1.797942e+02 -2.206107e-03 9.986911e-01 5.109955e-02 -1.742396e+00 9.978128e-01 5.574430e-03 -6.586846e-02 1.709774e+02
-6.668060e-02 5.224813e-02 -9.964054e-01 -1.808032e+02 -2.323724e-03 9.986172e-01 5.251963e-02 -1.714755e+00 9.977717e-01 5.817415e-03 -6.646698e-02 1.709033e+02
-6.783664e-02 4.909307e-02 -9.964878e-01 -1.818002e+02 -1.958704e-03 9.987801e-01 4.933936e-02 -1.689522e+00 9.976946e-01 5.298845e-03 -6.765773e-02 1.708323e+02
-6.808804e-02 4.854158e-02 -9.964977e-01 -1.827927e+02 3.462228e-04 9.988167e-01 4.863090e-02 -1.662413e+00 9.976793e-01 2.966176e-03 -6.802428e-02 1.707604e+02
-6.833077e-02 4.656962e-02 -9.965752e-01 -1.837787e+02 8.938258e-04 9.989124e-01 4.661756e-02 -1.641427e+00 9.976624e-01 2.294653e-03 -6.829808e-02 1.706878e+02
-6.809468e-02 4.040283e-02 -9.968604e-01 -1.847507e+02 1.196172e-03 9.991822e-01 4.041524e-02 -1.619494e+00 9.976782e-01 1.559650e-03 -6.808732e-02 1.706164e+02
-6.757525e-02 3.811522e-02 -9.969858e-01 -1.857280e+02 1.762718e-03 9.992730e-01 3.808319e-02 -1.592277e+00 9.977127e-01 8.160808e-04 -6.759331e-02 1.705457e+02
-6.615375e-02 4.116272e-02 -9.969600e-01 -1.867015e+02 1.494044e-03 9.991517e-01 4.115409e-02 -1.571123e+00 9.978084e-01 1.232999e-03 -6.615912e-02 1.704758e+02
-6.432803e-02 4.090515e-02 -9.970901e-01 -1.876684e+02 -3.893034e-04 9.991584e-01 4.101513e-02 -1.551350e+00 9.979288e-01 3.026597e-03 -6.425797e-02 1.704036e+02
-6.304502e-02 3.521438e-02 -9.973892e-01 -1.886198e+02 -1.684294e-03 9.993721e-01 3.539086e-02 -1.529735e+00 9.980093e-01 3.911118e-03 -6.294613e-02 1.703337e+02
-6.202656e-02 3.280361e-02 -9.975353e-01 -1.895660e+02 -2.633601e-03 9.994509e-01 3.303037e-02 -1.512504e+00 9.980711e-01 4.675874e-03 -6.190611e-02 1.702680e+02
-6.185129e-02 3.488018e-02 -9.974757e-01 -1.905132e+02 -4.661865e-03 9.993681e-01 3.523544e-02 -1.500652e+00 9.980745e-01 6.829457e-03 -6.164960e-02 1.702009e+02
-6.249916e-02 3.741214e-02 -9.973435e-01 -1.914543e+02 -4.560040e-03 9.992760e-01 3.777040e-02 -1.486176e+00 9.980346e-01 6.908548e-03 -6.228332e-02 1.701353e+02
-6.344699e-02 3.899656e-02 -9.972230e-01 -1.923913e+02 -4.300400e-03 9.992163e-01 3.934813e-02 -1.471672e+00 9.979760e-01 6.784982e-03 -6.322956e-02 1.700706e+02
-6.466099e-02 3.921885e-02 -9.971363e-01 -1.933147e+02 -4.488047e-03 9.992059e-01 3.959129e-02 -1.458562e+00 9.978972e-01 7.035210e-03 -6.443363e-02 1.700043e+02
-6.722641e-02 3.595706e-02 -9.970896e-01 -1.942342e+02 -8.037352e-03 9.992984e-01 3.657862e-02 -1.444659e+00 9.977054e-01 1.047301e-02 -6.689025e-02 1.699311e+02
-7.070778e-02 3.510501e-02 -9.968791e-01 -1.951499e+02 -9.519771e-03 9.993112e-01 3.586589e-02 -1.429746e+00 9.974517e-01 1.202606e-02 -7.032489e-02 1.698581e+02
-7.449689e-02 3.604625e-02 -9.965695e-01 -1.960637e+02 -8.232547e-03 9.992902e-01 3.676007e-02 -1.416638e+00 9.971873e-01 1.094282e-02 -7.414725e-02 1.697845e+02
-7.845880e-02 3.900495e-02 -9.961540e-01 -1.969720e+02 -1.278812e-02 9.991127e-01 4.012802e-02 -1.404095e+00 9.968354e-01 1.588733e-02 -7.789038e-02 1.697012e+02
-8.236188e-02 4.154199e-02 -9.957363e-01 -1.978760e+02 -8.303073e-03 9.990676e-01 4.236777e-02 -1.386589e+00 9.965679e-01 1.175716e-02 -8.194015e-02 1.696264e+02
-8.755517e-02 4.312229e-02 -9.952259e-01 -1.987775e+02 -3.700292e-03 9.990416e-01 4.361317e-02 -1.369749e+00 9.961528e-01 7.501187e-03 -8.731170e-02 1.695500e+02
-9.268481e-02 4.147627e-02 -9.948312e-01 -1.996695e+02 -4.652537e-03 9.991031e-01 4.208784e-02 -1.357670e+00 9.956847e-01 8.529395e-03 -9.240871e-02 1.694621e+02
-9.867177e-02 3.507159e-02 -9.945018e-01 -2.005524e+02 -1.994211e-03 9.993698e-01 3.544113e-02 -1.343237e+00 9.951181e-01 5.480289e-03 -9.853964e-02 1.693725e+02
-1.053136e-01 3.243368e-02 -9.939100e-01 -2.014348e+02 -7.821558e-05 9.994677e-01 3.262334e-02 -1.329844e+00 9.944391e-01 3.513426e-03 -1.052550e-01 1.692791e+02
-1.115776e-01 3.551064e-02 -9.931210e-01 -2.023167e+02 1.525780e-03 9.993663e-01 3.556253e-02 -1.318833e+00 9.937546e-01 2.452700e-03 -1.115610e-01 1.691756e+02
-1.183273e-01 4.122516e-02 -9.921185e-01 -2.031990e+02 1.031276e-03 9.991423e-01 4.139403e-02 -1.305680e+00 9.929741e-01 3.874901e-03 -1.182684e-01 1.690637e+02
-1.254256e-01 4.456852e-02 -9.911014e-01 -2.040712e+02 2.541191e-04 9.989918e-01 4.489120e-02 -1.291408e+00 9.921030e-01 5.378652e-03 -1.253105e-01 1.689457e+02
-1.321418e-01 4.360546e-02 -9.902712e-01 -2.049337e+02 2.108059e-03 9.990420e-01 4.371038e-02 -1.276326e+00 9.912286e-01 3.688422e-03 -1.321071e-01 1.688277e+02
-1.381249e-01 3.937800e-02 -9.896317e-01 -2.057870e+02 1.715958e-03 9.992173e-01 3.951993e-02 -1.260867e+00 9.904134e-01 3.760521e-03 -1.380843e-01 1.687030e+02
-1.425603e-01 3.566718e-02 -9.891433e-01 -2.066345e+02 -2.027978e-03 9.993379e-01 3.632708e-02 -1.248153e+00 9.897841e-01 7.184762e-03 -1.423936e-01 1.685696e+02
-1.455240e-01 3.442686e-02 -9.887555e-01 -2.074800e+02 -7.120597e-03 9.993320e-01 3.584313e-02 -1.236530e+00 9.893291e-01 1.225657e-02 -1.451816e-01 1.684309e+02
-1.468710e-01 3.710426e-02 -9.884595e-01 -2.083261e+02 -1.317219e-02 9.991342e-01 3.946218e-02 -1.224133e+00 9.890680e-01 1.881603e-02 -1.462551e-01 1.682904e+02
-1.466390e-01 3.925953e-02 -9.884107e-01 -2.091657e+02 -1.786905e-02 9.989439e-01 4.232894e-02 -1.212351e+00 9.890287e-01 2.386903e-02 -1.457826e-01 1.681525e+02
-1.462577e-01 3.954300e-02 -9.884559e-01 -2.100005e+02 -2.213494e-02 9.988198e-01 4.323283e-02 -1.198274e+00 9.889989e-01 2.820254e-02 -1.452098e-01 1.680172e+02
-1.454836e-01 3.988785e-02 -9.885563e-01 -2.108240e+02 -2.445371e-02 9.987367e-01 4.389744e-02 -1.182468e+00 9.890585e-01 3.056022e-02 -1.443244e-01 1.678817e+02
-1.441592e-01 4.244126e-02 -9.886439e-01 -2.116465e+02 -2.414682e-02 9.986314e-01 4.639099e-02 -1.165081e+00 9.892599e-01 3.056030e-02 -1.429371e-01 1.677511e+02
-1.426488e-01 4.481344e-02 -9.887583e-01 -2.124586e+02 -2.851815e-02 9.983736e-01 4.936357e-02 -1.152062e+00 9.893625e-01 3.523921e-02 -1.411388e-01 1.676175e+02
-1.397832e-01 4.098848e-02 -9.893334e-01 -2.132583e+02 -3.307703e-02 9.983919e-01 4.603725e-02 -1.135705e+00 9.896295e-01 3.915944e-02 -1.382026e-01 1.674882e+02
-1.350038e-01 3.821510e-02 -9.901079e-01 -2.140407e+02 -3.751304e-02 9.983424e-01 4.364794e-02 -1.119039e+00 9.901348e-01 4.303459e-02 -1.333464e-01 1.673660e+02
-1.268159e-01 3.869688e-02 -9.911712e-01 -2.148181e+02 -4.266281e-02 9.981013e-01 4.442597e-02 -1.100554e+00 9.910084e-01 4.792006e-02 -1.249242e-01 1.672539e+02
-1.149497e-01 3.932478e-02 -9.925926e-01 -2.155840e+02 -4.704459e-02 9.978794e-01 4.498236e-02 -1.086661e+00 9.922567e-01 5.186682e-02 -1.128559e-01 1.671555e+02
-1.023351e-01 4.008816e-02 -9.939419e-01 -2.163418e+02 -5.069774e-02 9.976789e-01 4.545867e-02 -1.074794e+00 9.934573e-01 5.504262e-02 -1.000652e-01 1.670689e+02
-8.935849e-02 3.999105e-02 -9.951963e-01 -2.170893e+02 -5.061207e-02 9.977204e-01 4.463694e-02 -1.057950e+00 9.947128e-01 5.435763e-02 -8.713076e-02 1.670045e+02
-7.723207e-02 3.977904e-02 -9.962193e-01 -2.178256e+02 -4.957812e-02 9.978143e-01 4.368629e-02 -1.043016e+00 9.957797e-01 5.276466e-02 -7.509110e-02 1.669510e+02
-6.469787e-02 4.133544e-02 -9.970484e-01 -2.185566e+02 -4.848176e-02 9.978316e-01 4.451387e-02 -1.029719e+00 9.967265e-01 5.121861e-02 -6.255356e-02 1.669062e+02
-5.224894e-02 4.162708e-02 -9.977661e-01 -2.192715e+02 -4.963255e-02 9.977878e-01 4.422705e-02 -1.016114e+00 9.974000e-01 5.183248e-02 -5.006729e-02 1.668699e+02
-3.972110e-02 4.339658e-02 -9.982680e-01 -2.199767e+02 -5.146058e-02 9.976417e-01 4.541699e-02 -1.002754e+00 9.978848e-01 5.317545e-02 -3.739422e-02 1.668401e+02
-2.524443e-02 4.467702e-02 -9.986825e-01 -2.206711e+02 -5.227240e-02 9.975752e-01 4.594883e-02 -9.893425e-01 9.983138e-01 5.336348e-02 -2.284784e-02 1.668244e+02
-1.077680e-02 4.581944e-02 -9.988916e-01 -2.213566e+02 -5.218004e-02 9.975628e-01 4.632146e-02 -9.764641e-01 9.985796e-01 5.262139e-02 -8.359676e-03 1.668185e+02
3.838491e-03 4.511591e-02 -9.989744e-01 -2.220306e+02 -5.207961e-02 9.976350e-01 4.485532e-02 -9.644893e-01 9.986356e-01 5.185401e-02 6.179035e-03 1.668264e+02
1.842316e-02 4.525044e-02 -9.988058e-01 -2.226959e+02 -5.238063e-02 9.976471e-01 4.423179e-02 -9.525063e-01 9.984573e-01 5.150318e-02 2.075006e-02 1.668429e+02
3.310923e-02 4.532266e-02 -9.984236e-01 -2.233488e+02 -5.051561e-02 9.977703e-01 4.361784e-02 -9.394063e-01 9.981743e-01 4.899182e-02 3.532491e-02 1.668730e+02
4.787665e-02 4.450572e-02 -9.978612e-01 -2.239890e+02 -4.937464e-02 9.978910e-01 4.213810e-02 -9.272047e-01 9.976322e-01 4.725160e-02 4.997313e-02 1.669129e+02
6.276100e-02 4.485028e-02 -9.970203e-01 -2.246154e+02 -4.730588e-02 9.980006e-01 4.191655e-02 -9.172341e-01 9.969069e-01 4.453420e-02 6.475720e-02 1.669629e+02
7.798611e-02 4.157849e-02 -9.960870e-01 -2.252279e+02 -4.579204e-02 9.982248e-01 3.808256e-02 -9.093818e-01 9.959023e-01 4.264294e-02 7.975164e-02 1.670217e+02
9.198595e-02 3.965608e-02 -9.949703e-01 -2.258246e+02 -4.450612e-02 9.983718e-01 3.567703e-02 -9.044080e-01 9.947652e-01 4.100048e-02 9.360113e-02 1.670879e+02
1.064057e-01 3.880531e-02 -9.935653e-01 -2.264105e+02 -4.509063e-02 9.983985e-01 3.416512e-02 -8.990499e-01 9.932999e-01 4.116512e-02 1.079850e-01 1.671581e+02
1.207057e-01 3.899810e-02 -9.919220e-01 -2.269870e+02 -4.287477e-02 9.985004e-01 3.403938e-02 -8.920368e-01 9.917621e-01 3.841968e-02 1.221967e-01 1.672400e+02
1.335185e-01 3.966343e-02 -9.902523e-01 -2.275501e+02 -4.182533e-02 9.985341e-01 3.435573e-02 -8.863660e-01 9.901634e-01 3.683050e-02 1.349817e-01 1.673258e+02
1.467149e-01 4.131578e-02 -9.883156e-01 -2.281067e+02 -3.949475e-02 9.985753e-01 3.588172e-02 -8.824469e-01 9.883901e-01 3.376890e-02 1.481376e-01 1.674196e+02
1.589716e-01 4.303954e-02 -9.863446e-01 -2.286480e+02 -3.900762e-02 9.985430e-01 3.728489e-02 -8.786592e-01 9.865123e-01 3.254772e-02 1.604188e-01 1.675134e+02
1.694420e-01 4.305862e-02 -9.845991e-01 -2.291782e+02 -3.996121e-02 9.985237e-01 3.679056e-02 -8.725095e-01 9.847297e-01 3.311190e-02 1.709125e-01 1.676088e+02
1.778078e-01 4.237469e-02 -9.831525e-01 -2.296917e+02 -3.766681e-02 9.986334e-01 3.622972e-02 -8.650222e-01 9.833441e-01 3.059029e-02 1.791609e-01 1.677123e+02
1.836921e-01 4.159786e-02 -9.821032e-01 -2.301975e+02 -3.411037e-02 9.987722e-01 3.592391e-02 -8.589438e-01 9.823919e-01 2.690096e-02 1.848855e-01 1.678180e+02
1.865967e-01 4.122511e-02 -9.815713e-01 -2.306927e+02 -3.073121e-02 9.988752e-01 3.610987e-02 -8.530861e-01 9.819559e-01 2.342689e-02 1.876537e-01 1.679201e+02
1.871248e-01 4.173788e-02 -9.814490e-01 -2.311791e+02 -2.810528e-02 9.989154e-01 3.712207e-02 -8.469939e-01 9.819340e-01 2.063744e-02 1.880949e-01 1.680181e+02
1.857564e-01 4.283901e-02 -9.816615e-01 -2.316567e+02 -2.684239e-02 9.988975e-01 3.851190e-02 -8.401956e-01 9.822292e-01 1.919631e-02 1.867015e-01 1.681067e+02
1.826595e-01 4.259623e-02 -9.822530e-01 -2.321216e+02 -2.600551e-02 9.989208e-01 3.848307e-02 -8.314175e-01 9.828323e-01 1.851469e-02 1.835701e-01 1.681921e+02
1.771110e-01 4.269653e-02 -9.832643e-01 -2.325785e+02 -2.470218e-02 9.989366e-01 3.892759e-02 -8.239308e-01 9.838809e-01 1.739427e-02 1.779774e-01 1.682729e+02
1.683966e-01 4.320891e-02 -9.847718e-01 -2.330235e+02 -2.318129e-02 9.989361e-01 3.986639e-02 -8.165832e-01 9.854467e-01 1.611491e-02 1.692191e-01 1.683457e+02
1.569916e-01 4.371258e-02 -9.866321e-01 -2.334536e+02 -2.030339e-02 9.989517e-01 4.102776e-02 -8.087981e-01 9.873913e-01 1.359096e-02 1.577145e-01 1.684090e+02
1.419476e-01 4.351335e-02 -9.889173e-01 -2.338713e+02 -1.847351e-02 9.989758e-01 4.130429e-02 -8.008611e-01 9.897018e-01 1.240573e-02 1.426061e-01 1.684619e+02
1.243006e-01 4.278724e-02 -9.913216e-01 -2.342770e+02 -1.692981e-02 9.990158e-01 4.099654e-02 -7.921932e-01 9.921002e-01 1.168699e-02 1.249026e-01 1.685029e+02
1.046616e-01 4.316524e-02 -9.935707e-01 -2.346695e+02 -1.685171e-02 9.989911e-01 4.162560e-02 -7.834473e-01 9.943651e-01 1.238677e-02 1.052834e-01 1.685283e+02
8.325448e-02 4.343030e-02 -9.955815e-01 -2.350558e+02 -1.552426e-02 9.989851e-01 4.228059e-02 -7.754885e-01 9.964074e-01 1.193562e-02 8.384422e-02 1.685472e+02
5.895824e-02 4.458473e-02 -9.972643e-01 -2.354232e+02 -1.303508e-02 9.989513e-01 4.388953e-02 -7.681360e-01 9.981754e-01 1.041178e-02 5.947758e-02 1.685506e+02
3.132618e-02 4.599371e-02 -9.984504e-01 -2.357868e+02 -9.785060e-03 9.989069e-01 4.570774e-02 -7.590617e-01 9.994613e-01 8.338050e-03 3.174199e-02 1.685480e+02
4.331022e-04 4.683679e-02 -9.989024e-01 -2.361394e+02 -9.021342e-03 9.988621e-01 4.683100e-02 -7.514887e-01 9.999592e-01 8.991160e-03 8.551421e-04 1.685281e+02
-3.264386e-02 4.727134e-02 -9.983485e-01 -2.364725e+02 -9.942351e-03 9.988161e-01 4.761859e-02 -7.440649e-01 9.994176e-01 1.148039e-02 -3.213522e-02 1.684838e+02
-6.742825e-02 4.674732e-02 -9.966284e-01 -2.368095e+02 -1.374214e-02 9.987635e-01 4.777723e-02 -7.372334e-01 9.976295e-01 1.691734e-02 -6.670247e-02 1.684318e+02
-1.040575e-01 4.391516e-02 -9.936013e-01 -2.371197e+02 -1.592770e-02 9.988230e-01 4.581403e-02 -7.320402e-01 9.944438e-01 2.059308e-02 -1.032356e-01 1.683570e+02
-1.416794e-01 3.913772e-02 -9.891386e-01 -2.374375e+02 -1.752389e-02 9.989624e-01 4.203647e-02 -7.269099e-01 9.897575e-01 2.328926e-02 -1.408466e-01 1.682840e+02
-1.782391e-01 3.621659e-02 -9.833205e-01 -2.377491e+02 -1.642691e-02 9.990736e-01 3.977439e-02 -7.226217e-01 9.838501e-01 2.324227e-02 -1.774791e-01 1.682022e+02
-2.145271e-01 3.542458e-02 -9.760754e-01 -2.380425e+02 -1.658342e-02 9.990659e-01 3.990378e-02 -7.168135e-01 9.765773e-01 2.474711e-02 -2.137393e-01 1.680989e+02
-2.497961e-01 3.504947e-02 -9.676639e-01 -2.383427e+02 -1.582805e-02 9.990633e-01 4.027270e-02 -7.097837e-01 9.681691e-01 2.537620e-02 -2.490074e-01 1.679966e+02
-2.848140e-01 3.422801e-02 -9.579715e-01 -2.386225e+02 -1.680192e-02 9.990305e-01 4.069042e-02 -7.024117e-01 9.584356e-01 2.768496e-02 -2.839628e-01 1.678710e+02
-3.188608e-01 3.278289e-02 -9.472344e-01 -2.389050e+02 -2.109960e-02 9.989084e-01 4.167390e-02 -6.952770e-01 9.475667e-01 3.327444e-02 -3.178210e-01 1.677408e+02
-3.522833e-01 2.905325e-02 -9.354423e-01 -2.391742e+02 -2.463242e-02 9.988839e-01 4.030011e-02 -6.900319e-01 9.355692e-01 3.723926e-02 -3.511745e-01 1.675987e+02
-3.845996e-01 2.554970e-02 -9.227298e-01 -2.394235e+02 -3.025352e-02 9.987309e-01 4.026398e-02 -6.865426e-01 9.225876e-01 4.340133e-02 -3.833386e-01 1.674391e+02
-4.153771e-01 2.406857e-02 -9.093308e-01 -2.396802e+02 -3.377024e-02 9.985527e-01 4.185620e-02 -6.821689e-01 9.090223e-01 4.809442e-02 -4.139631e-01 1.672813e+02
-4.451012e-01 2.491126e-02 -8.951337e-01 -2.399216e+02 -3.798914e-02 9.981877e-01 4.666916e-02 -6.712409e-01 8.946741e-01 5.477786e-02 -4.433483e-01 1.671106e+02
-4.729541e-01 2.801298e-02 -8.806416e-01 -2.401679e+02 -3.514166e-02 9.980994e-01 5.062234e-02 -6.646506e-01 8.803860e-01 5.488924e-02 -4.710708e-01 1.669481e+02
-5.008219e-01 2.718529e-02 -8.651233e-01 -2.403930e+02 -3.480937e-02 9.980654e-01 5.151405e-02 -6.596450e-01 8.648501e-01 5.591376e-02 -4.989068e-01 1.667739e+02
-5.267244e-01 2.311278e-02 -8.497218e-01 -2.406151e+02 -3.657635e-02 9.980882e-01 4.982131e-02 -6.509621e-01 8.492488e-01 5.732181e-02 -5.248721e-01 1.665946e+02
-5.509240e-01 2.098228e-02 -8.342916e-01 -2.408365e+02 -3.981575e-02 9.978847e-01 5.138894e-02 -6.382377e-01 8.336051e-01 6.152934e-02 -5.489233e-01 1.664063e+02
-5.721898e-01 2.023391e-02 -8.198715e-01 -2.410523e+02 -4.345029e-02 9.975436e-01 5.494278e-02 -6.232756e-01 8.189694e-01 6.706135e-02 -5.699052e-01 1.662067e+02
-5.899386e-01 1.738297e-02 -8.072610e-01 -2.412710e+02 -4.775707e-02 9.972668e-01 5.637483e-02 -6.105303e-01 8.060346e-01 7.181010e-02 -5.874960e-01 1.660074e+02
-6.059590e-01 1.288568e-02 -7.953915e-01 -2.414840e+02 -5.058646e-02 9.972209e-01 5.469407e-02 -5.996050e-01 7.938859e-01 7.337839e-02 -6.036231e-01 1.658021e+02
-6.224363e-01 9.221787e-03 -7.826161e-01 -2.416990e+02 -4.948567e-02 9.974662e-01 5.111076e-02 -5.934784e-01 7.811045e-01 7.054146e-02 -6.204028e-01 1.656070e+02
-6.370833e-01 1.272931e-02 -7.706898e-01 -2.419169e+02 -4.248438e-02 9.977638e-01 5.159914e-02 -5.908746e-01 7.696233e-01 6.561522e-02 -6.351178e-01 1.654069e+02
-6.497454e-01 1.416655e-02 -7.600199e-01 -2.421335e+02 -3.844607e-02 9.979343e-01 5.146897e-02 -5.857004e-01 7.591791e-01 6.266150e-02 -6.478585e-01 1.652046e+02
-6.626020e-01 1.319860e-02 -7.488553e-01 -2.423443e+02 -3.539845e-02 9.981755e-01 4.891413e-02 -5.766151e-01 7.481347e-01 5.891891e-02 -6.609259e-01 1.649981e+02
-6.761111e-01 1.130384e-02 -7.367129e-01 -2.425519e+02 -3.230628e-02 9.984659e-01 4.496885e-02 -5.665866e-01 7.360911e-01 5.420439e-02 -6.747087e-01 1.647805e+02
-6.892120e-01 8.997305e-03 -7.245039e-01 -2.427607e+02 -2.789619e-02 9.988520e-01 3.894164e-02 -5.509374e-01 7.240226e-01 4.704994e-02 -6.881698e-01 1.645648e+02
-7.019191e-01 7.730166e-03 -7.122147e-01 -2.429631e+02 -2.516982e-02 9.990473e-01 3.564934e-02 -5.365056e-01 7.118118e-01 4.294927e-02 -7.010558e-01 1.643340e+02
-7.156098e-01 7.914738e-03 -6.984554e-01 -2.431681e+02 -2.383779e-02 9.990766e-01 3.574457e-02 -5.242799e-01 6.980934e-01 4.222879e-02 -7.147604e-01 1.640969e+02
-7.305536e-01 1.025615e-02 -6.827784e-01 -2.433732e+02 -2.310808e-02 9.989432e-01 3.973032e-02 -5.147036e-01 6.824643e-01 4.480282e-02 -7.295445e-01 1.638464e+02
-7.467400e-01 1.464673e-02 -6.649548e-01 -2.435713e+02 -1.970770e-02 9.988313e-01 4.413255e-02 -5.052227e-01 6.648241e-01 4.606027e-02 -7.455786e-01 1.635855e+02
-7.639199e-01 1.819794e-02 -6.450544e-01 -2.437699e+02 -1.671437e-02 9.987089e-01 4.796944e-02 -4.953107e-01 6.450946e-01 4.742648e-02 -7.626295e-01 1.633199e+02
-7.810886e-01 2.106209e-02 -6.240648e-01 -2.439566e+02 -1.216580e-02 9.987279e-01 4.893383e-02 -4.851314e-01 6.243017e-01 4.581390e-02 -7.798388e-01 1.630411e+02
-7.982605e-01 2.076333e-02 -6.019544e-01 -2.441465e+02 -1.142031e-02 9.987042e-01 4.959316e-02 -4.736289e-01 6.022042e-01 4.646276e-02 -7.969890e-01 1.627476e+02
-8.145691e-01 2.087240e-02 -5.796909e-01 -2.443120e+02 -1.156410e-02 9.985694e-01 5.220421e-02 -4.621895e-01 5.799513e-01 4.922753e-02 -8.131625e-01 1.624453e+02
-8.317049e-01 2.056880e-02 -5.548369e-01 -2.444907e+02 -1.077602e-02 9.985273e-01 5.317055e-02 -4.514481e-01 5.551134e-01 5.020113e-02 -8.302584e-01 1.621322e+02
-8.488480e-01 2.152329e-02 -5.281987e-01 -2.446683e+02 -7.748388e-03 9.985569e-01 5.314182e-02 -4.380076e-01 5.285803e-01 4.920201e-02 -8.474563e-01 1.618087e+02
-8.652322e-01 2.333295e-02 -5.008281e-01 -2.448258e+02 -2.785036e-03 9.986774e-01 5.133859e-02 -4.217408e-01 5.013636e-01 4.581462e-02 -8.640229e-01 1.614675e+02
-8.811917e-01 2.271911e-02 -4.722129e-01 -2.449879e+02 -2.787337e-04 9.988195e-01 4.857537e-02 -4.025791e-01 4.727591e-01 4.293583e-02 -8.801451e-01 1.611168e+02
-8.966966e-01 1.872205e-02 -4.422496e-01 -2.451278e+02 -1.681708e-03 9.989538e-01 4.569921e-02 -3.823338e-01 4.426426e-01 4.172206e-02 -8.957270e-01 1.607348e+02
-9.110805e-01 1.281455e-02 -4.120294e-01 -2.452706e+02 -5.494158e-03 9.990504e-01 4.322025e-02 -3.612924e-01 4.121920e-01 4.164087e-02 -9.101449e-01 1.603393e+02
-9.247890e-01 1.281865e-02 -3.802643e-01 -2.454187e+02 -4.504215e-03 9.989934e-01 4.463001e-02 -3.462077e-01 3.804537e-01 4.298613e-02 -9.238004e-01 1.599254e+02
-9.361599e-01 1.925877e-02 -3.510467e-01 -2.455572e+02 2.633426e-03 9.988546e-01 4.777544e-02 -3.306834e-01 3.515647e-01 4.380099e-02 -9.351384e-01 1.594835e+02
-9.456587e-01 2.163544e-02 -3.244404e-01 -2.456960e+02 6.388138e-03 9.988275e-01 4.798749e-02 -3.150386e-01 3.250983e-01 4.330721e-02 -9.446881e-01 1.590286e+02
-9.535644e-01 1.931224e-02 -3.005695e-01 -2.458151e+02 5.187275e-03 9.988472e-01 4.772139e-02 -3.006187e-01 3.011446e-01 4.394627e-02 -9.525653e-01 1.585517e+02
-9.590928e-01 1.518608e-02 -2.826842e-01 -2.459384e+02 1.432652e-03 9.988077e-01 4.879629e-02 -2.852335e-01 2.830882e-01 4.639517e-02 -9.579711e-01 1.580533e+02
-9.626791e-01 1.257305e-02 -2.703532e-01 -2.460638e+02 -1.014967e-03 9.987456e-01 5.006184e-02 -2.685615e-01 2.706435e-01 4.846788e-02 -9.614588e-01 1.575327e+02
-9.654141e-01 1.444609e-02 -2.603209e-01 -2.462000e+02 1.357840e-03 9.987288e-01 5.038726e-02 -2.480926e-01 2.607179e-01 4.829109e-02 -9.642065e-01 1.569917e+02
-9.684038e-01 2.068822e-02 -2.485277e-01 -2.463426e+02 8.244952e-03 9.986643e-01 5.100499e-02 -2.290965e-01 2.492510e-01 4.734432e-02 -9.672810e-01 1.564306e+02
-9.716600e-01 2.780707e-02 -2.347416e-01 -2.464823e+02 1.624702e-02 9.985646e-01 5.103735e-02 -2.083879e-01 2.358238e-01 4.577710e-02 -9.707171e-01 1.558415e+02
-9.752005e-01 2.885452e-02 -2.194344e-01 -2.466139e+02 1.883493e-02 9.986880e-01 4.761716e-02 -1.903707e-01 2.205205e-01 4.230324e-02 -9.744646e-01 1.552300e+02
-9.785339e-01 3.043508e-02 -2.038261e-01 -2.467355e+02 2.173692e-02 9.987604e-01 4.477863e-02 -1.659753e-01 2.049363e-01 3.938685e-02 -9.779825e-01 1.545891e+02
-9.817011e-01 3.006991e-02 -1.880391e-01 -2.468530e+02 2.193836e-02 9.987380e-01 4.517713e-02 -1.389029e-01 1.891602e-01 4.022516e-02 -9.811220e-01 1.539159e+02
-9.844346e-01 3.463595e-02 -1.723047e-01 -2.469677e+02 2.698214e-02 9.985507e-01 4.656645e-02 -1.088720e-01 1.736679e-01 4.119247e-02 -9.839424e-01 1.532143e+02
-9.870513e-01 3.572799e-02 -1.563754e-01 -2.470750e+02 2.818112e-02 9.983407e-01 5.021579e-02 -8.501331e-02 1.579101e-01 4.515872e-02 -9.864204e-01 1.524803e+02
-9.891321e-01 3.828588e-02 -1.419574e-01 -2.471762e+02 3.123618e-02 9.981812e-01 5.156156e-02 -5.578414e-02 1.436733e-01 4.656698e-02 -9.885290e-01 1.517237e+02
-9.908804e-01 3.770228e-02 -1.293619e-01 -2.472670e+02 3.158082e-02 9.982969e-01 4.905055e-02 -2.502766e-02 1.309909e-01 4.451787e-02 -9.903835e-01 1.509436e+02
-9.922654e-01 3.736249e-02 -1.183783e-01 -2.473551e+02 3.209594e-02 9.984216e-01 4.608818e-02 6.672745e-03 1.199134e-01 4.193224e-02 -9.918984e-01 1.501413e+02
-9.931855e-01 3.823828e-02 -1.100927e-01 -2.474407e+02 3.341139e-02 9.984118e-01 4.536046e-02 3.865681e-02 1.116523e-01 4.137300e-02 -9.928857e-01 1.493093e+02
-9.939423e-01 3.667675e-02 -1.036028e-01 -2.475215e+02 3.209384e-02 9.984458e-01 4.556186e-02 7.181150e-02 1.051128e-01 4.196084e-02 -9.935747e-01 1.484519e+02
-9.944582e-01 3.633528e-02 -9.865456e-02 -2.476008e+02 3.184340e-02 9.983998e-01 4.673100e-02 1.027961e-01 1.001947e-01 4.333052e-02 -9.940239e-01 1.475729e+02
-9.947880e-01 3.658585e-02 -9.517481e-02 -2.476815e+02 3.218414e-02 9.983583e-01 4.738021e-02 1.344629e-01 9.675201e-02 4.407014e-02 -9.943324e-01 1.466712e+02
-9.950117e-01 3.694281e-02 -9.266555e-02 -2.477634e+02 3.277014e-02 9.983966e-01 4.615429e-02 1.704041e-01 9.422205e-02 4.288739e-02 -9.946270e-01 1.457494e+02
-9.951810e-01 3.715531e-02 -9.074284e-02 -2.478453e+02 3.308913e-02 9.983973e-01 4.591114e-02 2.055884e-01 9.230326e-02 4.268729e-02 -9.948155e-01 1.448041e+02
-9.952948e-01 3.822499e-02 -8.903458e-02 -2.479304e+02 3.415448e-02 9.983201e-01 4.680221e-02 2.420599e-01 9.067403e-02 4.354106e-02 -9.949283e-01 1.438343e+02
-9.953519e-01 4.061038e-02 -8.732336e-02 -2.480180e+02 3.653484e-02 9.981897e-01 4.777477e-02 2.815153e-01 8.910543e-02 4.436236e-02 -9.950338e-01 1.428411e+02
-9.954207e-01 4.263928e-02 -8.555473e-02 -2.481048e+02 3.849378e-02 9.980304e-01 4.953330e-02 3.208857e-01 8.749828e-02 4.601314e-02 -9.951014e-01 1.418238e+02
-9.954230e-01 4.632187e-02 -8.359044e-02 -2.481925e+02 4.212876e-02 9.977969e-01 5.124863e-02 3.629577e-01 8.578023e-02 4.749250e-02 -9.951815e-01 1.407837e+02
-9.955640e-01 4.624479e-02 -8.193771e-02 -2.482772e+02 4.228750e-02 9.978839e-01 4.939160e-02 4.036542e-01 8.404843e-02 4.570755e-02 -9.954128e-01 1.397205e+02
-9.956572e-01 4.684216e-02 -8.045281e-02 -2.483614e+02 4.324306e-02 9.980091e-01 4.591095e-02 4.450745e-01 8.244321e-02 4.223253e-02 -9.957005e-01 1.386355e+02
-9.958494e-01 4.567988e-02 -7.872301e-02 -2.484434e+02 4.242403e-02 9.981933e-01 4.254695e-02 4.856777e-01 8.052432e-02 3.903060e-02 -9.959882e-01 1.375273e+02
